1.107881 -0.011682
1.096950 0.003207
-1.116511 0.011020
-1.057986 0.006514
1.090025 -0.038242
1.074658 -0.010713
-1.094361 0.003512
-1.079356 -0.008597
1.157312 0.020997
-1.090932 0.033666
1.061141 0.013870
1.080811 -0.031842
-1.109319 -0.021497
-1.071500 0.024556
1.121960 -0.027906
1.103623 -0.037523
1.096604 -0.047645
-1.065025 -0.017768
-1.098482 -0.000927
1.070722 -0.038644
-1.065494 0.001515
1.099763 -0.027417
1.151055 -0.014884
1.092370 -0.008513
-1.081405 -0.024942
1.101997 0.029643
-1.084371 0.001749
-1.088640 -0.057907
1.149588 -0.004252
1.040706 0.020224
1.107126 0.020035
1.114211 -0.042885
-1.084062 -0.027928
1.087554 0.013454
1.063813 0.000150
-1.126370 -0.024982
-1.109392 0.029501
-1.121904 -0.013614
-1.079464 0.025621
1.145748 0.007610
1.091198 -0.025792
-1.113935 -0.008839
-1.096996 0.027843
-1.074827 -0.015426
-1.107007 0.040511
-1.079629 -0.000982
-1.061480 0.022234
1.105661 -0.021573
1.056312 -0.027828
-1.141781 -0.022801
1.084943 -0.031492
1.108143 0.015002
-1.104885 0.013271
-1.082614 0.000066
-1.025745 0.039315
-1.099463 -0.014837
1.101474 0.029258
-1.107743 0.037045
1.088328 0.024407
-1.085931 0.018947
-1.098710 -0.007153
1.076600 -0.032011
1.098144 -0.019703
-1.111107 0.013319
1.071866 -0.058949
1.075146 0.004044
1.097480 -0.032528
1.008316 -0.053206
-1.094011 0.007210
-1.085321 0.014129
1.097724 -0.025305
-1.110560 0.005923
1.099141 0.034690
-1.090175 -0.035105
1.140543 0.029584
-1.084575 0.007878
-1.120026 -0.021316
1.068229 0.061873
-1.119902 -0.019108
-1.152070 0.028569
-1.076776 0.008406
-1.076649 0.023380
-1.083371 0.020386
-1.119296 -0.018609
1.081445 -0.015692
-1.108341 0.004179
1.106352 -0.049899
-1.094322 -0.018780
1.100264 0.000262
1.102963 -0.008916
-1.114644 -0.020047
1.063722 -0.011778
1.102586 -0.027222
1.092453 0.002400
-1.105496 0.011541
-1.080899 0.007057
-1.087183 0.048379
1.143939 0.029509
1.137125 -0.043749
1.062139 0.000865
1.092143 -0.040376
1.077099 -0.019612
1.058746 -0.025371
1.114618 0.014825
-1.126864 -0.028402
1.120662 -0.010279
1.116499 0.046628
-1.078785 0.029875
-1.078863 0.047898
-1.097453 0.027492
1.091301 -0.003125
1.137251 -0.022194
1.104922 0.002393
-1.093397 -0.032013
1.099823 0.018493
1.067763 -0.046482
1.074860 0.015996
-1.080274 0.010414
-1.154343 0.011056
1.079923 0.037109
-1.071326 0.020622
-1.080585 -0.015524
1.125522 0.004103
-1.065197 0.009706
1.116676 0.019286
-1.086174 -0.011209
-1.116949 0.014004
-1.106957 0.047744
-1.064135 0.035644
-1.097545 0.005473
1.064344 0.002164
-1.113811 -0.028187
1.084031 -0.031368
1.145597 0.005287
1.119032 -0.044507
-1.072570 0.014319
1.104388 -0.031107
1.098965 -0.020180
-1.078035 0.003600
1.058515 0.014472
-1.101275 0.028014
1.090666 0.006548
1.128012 -0.028389
1.083432 -0.015240
-1.080340 0.047216
-1.116023 -0.005911
1.100431 -0.032298
1.085855 0.008545
-1.104145 0.020885
-1.112238 -0.003484
-1.046255 0.006064
-1.089248 0.009392
-1.118662 0.015815
-1.129944 -0.016211
1.115402 0.019401
1.102445 -0.041837
1.111972 -0.039929
1.082006 -0.035697
1.096963 -0.006225
-1.118082 -0.008267
1.074289 -0.005571
1.076734 0.006349
1.100306 -0.062724
-1.067676 0.022600
-1.092582 0.007431
1.088966 0.015740
-1.114021 -0.030674
1.057224 0.005506
-1.087089 -0.015481
1.089683 0.057733
-1.107357 -0.023040
1.093285 0.026589
-1.111166 -0.046408
-1.072121 -0.048223
1.126605 0.000095
1.130392 -0.053267
1.073692 -0.000316
-1.102980 0.009839
-1.087733 0.038966
-1.118288 0.014918
-1.094077 -0.003776
1.137241 0.020866
-1.114243 0.030832
-1.094084 0.006508
1.114676 0.017846
-1.062008 -0.007439
1.089584 -0.040887
1.058397 -0.006027
-1.096523 0.005650
1.090497 0.004649
1.106201 -0.065819
1.052091 -0.030649
1.096668 -0.011728
1.089804 -0.004243
-1.131110 0.029973
1.099013 0.012560
-1.121136 0.019970
-1.023444 0.012001
1.048309 -0.024243
1.074372 0.014199
-1.132335 -0.045794
-1.108796 0.017728
-1.097562 -0.023494
-1.067887 0.033686
1.105936 -0.006862
-1.082721 0.026878
1.115816 -0.019060
1.102706 -0.014170
1.084131 -0.065631
-1.060426 -0.023556
1.074266 -0.027676
-1.066493 0.048903
-1.071709 0.015827
1.110558 0.014718
-1.121255 0.033003
-1.067954 0.014522
-1.087043 -0.019689
1.120535 0.036304
1.151757 -0.028489
-1.083461 -0.006357
1.155348 0.013368
-1.085243 -0.048206
1.127460 0.019695
1.125202 0.008397
-1.063591 -0.016426
1.108629 0.010282
-1.093666 0.002146
1.140425 0.024027
1.093396 -0.013198
-1.121922 -0.004706
1.120252 -0.038140
1.077996 -0.024469
1.112081 -0.007816
1.097240 -0.001545
1.085487 -0.021882
-1.110073 0.003407
1.115630 -0.012976
-1.119296 -0.008796
-1.101951 0.016044
1.121593 -0.027143
-1.110602 0.013364
1.118452 0.050739
-1.123322 0.011382
1.062852 0.021009
-1.084009 0.011843
-1.073712 0.011205
-1.058993 0.015769
1.106181 0.024055
1.126210 0.036094
-1.134863 0.005267
-1.077842 -0.064303
1.090307 0.002587
1.125944 0.035460
-1.076585 0.009939
-1.103423 -0.032971
1.106031 0.003258
1.076243 -0.020062
1.074009 0.032510
1.069914 -0.030087
1.063989 -0.005479
-1.076401 -0.036579
1.066502 0.018371
-1.111756 -0.034581
1.117770 0.042632
1.084434 0.006668
1.062591 0.054175
-1.125439 0.020070
-1.121542 -0.013816
1.092144 0.013125
1.087429 0.032922
-1.107875 -0.023955
-1.140081 0.036088
1.087174 0.004115
1.095742 0.007595
-1.122109 -0.006338
1.112944 0.012876
1.118029 -0.000867
-1.127882 -0.026539
-1.109959 0.038358
-1.095235 0.014194
1.106512 0.017849
-1.101113 0.007704
-1.124625 -0.028562
1.084192 0.044643
-1.094748 -0.013161
-1.100540 -0.006537
1.114794 0.008572
-1.117100 0.005627
-1.100544 0.005468
-1.145535 -0.033357
-1.110711 0.038402
-1.109180 -0.021188
-1.074061 0.010383
-1.018902 -0.000466
1.061024 -0.035600
-1.087003 -0.025588
1.139756 0.017291
-1.093829 0.017828
1.070534 0.038137
-1.096596 0.006343
-1.087982 -0.010129
-1.085363 0.026933
-1.105251 0.001813
-1.081130 -0.013041
1.107586 -0.016013
1.097820 0.033143
1.135329 -0.000785
-1.053697 0.023426
1.082008 0.000555
-1.096180 -0.005909
-1.129843 0.008225
-1.105109 -0.009280
-1.087528 -0.025774
1.120273 0.068053
1.149014 0.003590
1.069118 0.014564
-1.127244 -0.014968
-1.080975 -0.045912
-1.104194 -0.018149
1.137525 0.006378
1.072993 0.038773
-1.111219 -0.019883
-1.100159 -0.007313
1.120992 0.037662
1.106407 0.010632
-1.108962 -0.017263
-1.093336 0.002133
1.107256 -0.011080
-1.110864 0.019796
1.098309 0.008184
1.091480 0.021077
1.051539 0.006539
-1.130230 -0.021613
-1.088255 -0.028267
1.101573 0.000287
1.061378 0.020698
-1.101662 0.019597
-1.103391 -0.031543
1.129661 -0.039469
-1.085243 -0.009792
1.062563 -0.023446
-1.090613 -0.004531
-1.113107 0.024787
-1.083015 -0.032386
-1.110204 -0.015836
-1.083232 0.004163
1.086508 0.024184
-1.099525 0.005095
-1.087126 -0.000308
-1.095315 -0.008195
-1.070884 0.012673
-1.093061 -0.011870
1.127913 -0.010960
-1.089897 -0.034786
1.179148 -0.016648
-1.032064 0.017739
1.091274 -0.001806
-1.075229 -0.016416
1.170945 -0.021445
-1.069153 -0.023415
-1.135354 -0.049847
1.092697 0.060712
-1.198792 -0.013688
-1.065550 -0.003394
-1.104003 -0.024513
1.027502 0.053361
-1.136339 -0.025093
1.132280 -0.016144
-1.122884 -0.037750
-1.088618 -0.008928
-1.079793 -0.028712
1.123270 0.011594
-1.153809 -0.008962
-1.063809 -0.012616
1.134116 -0.019274
1.055793 -0.024030
1.048717 -0.014469
-1.085648 0.017135
1.078779 -0.021688
-1.102156 -0.019389
-1.115047 0.013453
1.107578 0.003426
-1.135756 0.008495
1.065691 -0.027053
-1.078709 0.019132
-1.076469 0.000479
-1.138191 0.023879
-1.088217 -0.010919
-1.088081 0.004815
-1.071890 -0.017561
-1.076549 0.028486
-1.103232 -0.023190
-1.091043 -0.022881
1.126759 -0.001598
1.062626 0.036353
-1.101397 0.004519
-1.071461 -0.010033
1.087311 0.007051
1.122537 0.016566
1.109364 -0.031022
1.102353 -0.011413
-1.096957 -0.025858
-1.098417 0.012265
1.067203 -0.036989
1.084988 -0.012310
-1.089221 0.000059
-1.124445 -0.004198
-1.060290 -0.020428
1.086935 0.031202
1.053249 0.060363
-1.172462 0.017692
1.062284 -0.010881
1.121071 0.013626
1.058787 0.028611
-1.140317 -0.013307
-1.118988 -0.005251
-1.068520 -0.009041
-1.118651 -0.006613
-1.089786 0.006496
1.105940 0.003531
1.079140 -0.013159
1.094040 0.008610
-1.090070 0.014297
-1.099079 0.025788
1.101434 -0.007631
-1.118179 0.016220
1.118311 0.008401
1.070551 0.012627
1.085905 -0.007195
-1.089559 0.015408
1.114503 -0.022476
1.080441 -0.003416
-1.109311 0.009667
1.134822 0.006617
1.111029 -0.033206
-1.064547 -0.014775
-1.075716 0.031768
1.068757 -0.024364
1.083274 -0.006930
1.092301 0.001829
-1.118442 -0.041818
1.093863 -0.036899
-1.087499 -0.027882
1.057639 -0.036019
-1.112882 -0.015652
-1.084382 0.024574
-1.101174 0.018005
-1.099688 0.048270
-1.114012 0.018821
-1.061513 -0.014148
1.134783 -0.016478
1.048346 -0.039547
1.064567 -0.031273
-1.093017 -0.002680
1.139691 -0.020690
1.113954 0.012668
-1.085974 -0.023206
1.101154 0.041126
1.163104 0.022316
1.094709 -0.002146
-1.110404 -0.027139
1.072720 0.028031
1.120169 0.003183
1.136214 -0.012820
1.056032 -0.001107
1.085201 -0.012159
1.090113 -0.007850
-1.143520 -0.039530
-1.093803 -0.010393
1.126208 0.016932
1.097329 -0.019923
1.096181 -0.013969
1.109740 -0.046229
-1.088434 -0.000336
1.106765 0.014593
-1.065688 -0.015500
1.102120 -0.010895
1.095334 0.006688
-1.118314 0.026234
-1.074610 0.024793
-1.097109 0.034166
1.074317 -0.027505
-1.126139 0.058674
-1.094734 0.017310
1.101494 -0.036230
1.053496 -0.030980
1.059801 -0.039331
1.086597 0.007342
1.140079 0.010270
-1.108307 0.035623
1.078331 0.011569
1.094788 -0.030629
-1.126081 0.015142
1.113459 -0.025186
-1.119707 0.017723
-1.154418 0.038039
-1.139646 0.044373
-1.101570 -0.005161
-1.120727 0.039933
1.034306 -0.027520
1.057675 -0.019357
-1.100829 0.033175
-1.096078 0.040895
-1.108057 0.011230
-1.092213 0.010208
1.091482 0.042316
-1.151026 0.016063
1.098815 -0.009976
1.140964 0.005722
-1.062680 -0.010635
-1.107550 0.000997
-1.156216 0.009099
-1.094456 0.018980
-1.113441 0.010934
1.111593 -0.011954
-1.120588 0.005357
1.114942 -0.026717
1.125873 -0.003649
-1.074206 0.045292
1.108892 -0.041208
1.107696 -0.015259
-1.089192 0.034985
-1.094135 0.022276
1.067523 -0.032161
-1.112953 0.023253
-1.106340 0.016087
-1.111566 0.005890
-1.092870 0.038843
-1.115998 0.047243
-1.108116 0.015498
1.114356 -0.034438
-1.103737 0.001363
-1.099136 0.027533
1.115730 -0.021399
-1.046666 0.045078
1.118912 0.002230
1.141606 0.022316
-1.146415 0.017436
1.103737 0.029975
1.088202 -0.041234
1.080970 -0.030579
1.064208 -0.009891
-1.099695 0.013996
1.121589 -0.046213
1.093335 -0.008742
1.050726 0.037503
-1.117089 0.033190
-1.052163 0.042874
-1.068140 0.018949
1.106580 0.003713
1.116981 -0.020157
1.070707 -0.011625
1.122277 0.001070
-1.079473 -0.039564
-1.112350 0.031490
1.062610 0.007071
1.105817 -0.001242
-1.087816 -0.030511
-1.120376 0.013522
-1.129146 0.053519
-1.097154 0.009481
-1.080915 0.021020
-1.077569 0.020452
-1.119502 -0.010888
1.106574 -0.039131
1.106993 0.005920
-1.131641 0.036240
-1.073903 0.013813
1.100129 -0.015553
-1.111224 0.008267
1.092552 -0.015602
-1.080210 -0.010324
1.100616 -0.016144
-1.096019 0.016471
-1.118830 0.045467
-1.067975 0.036854
1.106331 -0.006599
1.104518 0.041282
1.094352 0.014803
1.082862 0.009104
-1.110025 0.031245
1.052176 0.009581
-1.056393 0.028600
-1.108311 -0.040044
-1.132750 -0.050958
1.141493 -0.045964
-1.053847 -0.010568
1.086575 -0.026575
1.105926 0.057281
1.082606 -0.009470
-1.107924 -0.010537
-1.140427 -0.030203
-1.093013 0.027876
1.085626 0.015084
-1.112381 0.012892
1.046079 -0.037551
-1.063795 0.006669
1.078594 0.004778
1.093248 0.003566
1.057001 0.015320
-1.107627 -0.046168
-1.069933 -0.091033
-1.132746 -0.042184
1.072442 -0.024355
-1.103054 0.004520
-1.056989 -0.034103
-1.102893 -0.019471
1.142387 0.009517
1.083529 0.021205
-1.097562 0.015685
1.056311 0.004970
1.103640 0.018319
-1.100661 -0.012981
-1.129958 -0.052080
-1.105916 0.000004
1.093518 0.007196
1.124494 0.001545
-1.109301 0.007028
1.092346 0.010440
-1.106830 -0.037484
-1.131297 -0.039896
-1.089187 -0.040509
-1.092012 0.007165
1.109525 -0.021364
-1.101828 -0.019761
1.135293 0.037486
1.151119 -0.020477
-1.073874 -0.011777
-1.110465 0.002011
-1.103408 -0.018689
1.066315 -0.018412
1.089666 0.006218
1.165981 0.016306
-1.113543 -0.000346
-1.065855 -0.023626
1.074469 -0.011280
-1.092798 -0.003016
-1.092988 0.001157
-1.094848 -0.006234
1.109568 -0.022279
1.102634 -0.022166
-1.069259 -0.045746
1.093261 -0.023492
1.058620 -0.018898
1.077146 -0.014506
1.105657 -0.015958
1.161332 -0.033165
-1.042704 -0.016044
1.096166 0.031370
1.074954 0.047732
-1.127323 -0.019594
-1.080868 -0.044901
-1.157900 -0.040594
1.104812 0.040927
1.118230 0.000134
-1.111859 -0.020150
-1.077483 -0.030147
1.087337 0.024752
-1.083829 -0.003505
-1.126532 -0.025365
1.114549 -0.015463
-1.135610 -0.025465
-1.101756 0.023026
1.085669 -0.038197
-1.078453 0.005189
1.084263 -0.005913
1.108390 0.017229
-1.055129 -0.030001
-1.107403 -0.009205
1.083168 -0.006888
1.111891 0.005121
1.079326 -0.012131
-1.118036 0.007981
-1.148900 -0.010295
-1.101295 0.012644
-1.053391 -0.011833
1.117046 -0.032337
1.034356 -0.004496
-1.042151 0.052937
1.103367 0.008454
1.104796 0.021865
1.082774 -0.010876
-1.100814 -0.005465
-1.111048 0.023959
1.088357 0.012215
-1.100815 0.025107
-1.104651 0.019246
-1.145945 0.009332
1.098493 -0.037275
-1.051496 -0.028338
-1.139605 0.027262
-1.045122 0.030097
1.068124 -0.002961
-1.107803 0.006076
-1.137549 0.026589
-1.058429 -0.006452
1.063461 0.041943
-1.115070 -0.025035
-1.139338 0.036372
1.100378 -0.021739
1.116634 0.029451
-1.111061 -0.006564
1.110164 0.019459
-1.117752 0.032546
1.053107 0.006854
-1.120699 0.020003
-1.107748 -0.030308
-1.105406 -0.014607
1.086094 -0.033084
-1.110450 0.004475
-1.093364 0.007804
1.129406 -0.012318
1.130814 -0.033458
1.076803 0.000955
-1.087545 0.009033
1.083743 -0.012971
1.117904 -0.002249
1.063256 0.009089
1.058285 -0.019739
-1.108655 0.015232
