0.877445 0.001055
-0.853834 0.000558
0.820828 -0.006794
0.829314 0.016046
0.852537 -0.017268
-0.874230 0.027717
0.839257 -0.005169
0.858896 -0.007687
0.855740 0.028133
-0.913532 -0.002342
-0.851165 -0.024443
0.823040 -0.014548
-0.909998 -0.008881
0.828734 -0.016771
0.818837 0.017161
0.859601 -0.018235
0.837199 -0.037910
0.845637 0.003513
0.839544 -0.029759
0.821869 0.013232
0.841297 0.002332
-0.914769 -0.039162
0.869700 -0.013052
0.861794 0.009319
0.847779 0.021219
0.850291 0.067062
-0.881191 -0.007867
-0.866289 0.016044
-0.886521 -0.047774
0.818880 0.057108
0.863066 0.053667
0.860669 -0.006935
-0.847980 -0.019728
0.868273 0.018540
-0.878062 -0.015451
-0.836134 -0.036284
0.833783 0.027048
-0.887139 -0.032239
0.799592 0.000144
0.845898 0.051219
0.853083 -0.003456
0.844986 0.029513
-0.889899 0.005343
0.873854 0.007204
0.828536 0.003199
0.820230 0.021258
0.870544 0.011267
0.827794 -0.012482
0.896518 -0.017299
0.857536 -0.009295
0.842491 -0.033005
-0.867594 0.011440
0.867228 -0.005415
-0.862725 0.016867
-0.855053 0.019705
0.867312 0.012754
0.865377 0.012177
0.864975 -0.003123
0.825637 0.020438
-0.857030 0.017277
-0.882711 -0.009143
-0.854206 0.006031
0.861641 0.025062
0.894925 0.012129
0.865642 -0.012255
0.858945 0.021191
0.843392 -0.006296
0.842524 0.002120
0.858712 0.022893
-0.929598 -0.029334
-0.894016 -0.009543
-0.861041 -0.014298
0.895940 -0.006917
-0.861539 -0.037622
0.866033 -0.036522
0.846636 -0.034705
-0.891302 -0.014277
-0.862637 -0.016453
0.897642 0.014944
0.864908 -0.028093
-0.821092 -0.006102
-0.860294 0.027270
-0.871315 0.015795
-0.829937 -0.020173
-0.843622 0.016317
0.879476 0.027358
0.844030 -0.004824
0.880506 -0.009126
0.898597 -0.013672
0.854227 -0.014843
-0.859536 0.026164
0.927127 -0.030217
0.880573 -0.015797
0.819007 0.000575
-0.877630 0.035139
-0.857311 0.031857
0.864830 -0.024685
0.840576 -0.010616
0.822499 0.000225
-0.842313 0.017620
0.872031 -0.015112
0.863673 -0.053868
-0.863585 0.042032
-0.868652 0.034559
0.847446 0.008261
0.849704 -0.003446
0.830516 0.006573
0.855002 -0.024928
0.874776 -0.022313
0.850078 -0.033087
0.846250 0.007407
-0.866440 0.030120
-0.862684 0.083302
0.877051 -0.000769
0.858368 -0.061744
-0.826694 0.042148
-0.850971 0.028837
0.887947 0.004769
0.868382 -0.015040
-0.835548 0.001943
0.881383 -0.025300
-0.867676 -0.049007
0.882930 0.024500
-0.840415 0.024008
-0.893565 -0.037884
-0.888608 0.019344
-0.881000 0.012776
-0.879146 0.059150
-0.826886 0.029516
0.851251 -0.011216
0.861522 -0.014439
0.853522 0.006195
-0.843419 0.034317
-0.868657 0.011297
0.817301 -0.018325
0.859553 -0.006415
-0.856372 -0.004715
0.868273 -0.029665
-0.855953 0.031705
-0.882362 0.048483
-0.835315 0.038762
0.842359 -0.010623
0.870445 -0.051170
0.861627 -0.021772
0.878298 -0.006005
0.817674 0.002153
-0.854433 0.027257
0.877956 0.008714
0.868407 0.000697
-0.816495 0.031007
-0.869706 0.003778
-0.841274 -0.010425
0.888072 0.012682
0.865042 0.018139
0.805032 -0.001115
-0.901360 0.011527
-0.869462 -0.017842
0.868293 -0.021243
0.817666 0.010358
-0.874606 0.005520
0.892260 -0.012313
0.880608 0.014760
0.864560 -0.036420
-0.814874 0.016296
0.900380 0.001013
0.925973 0.013749
0.861555 0.010190
-0.865635 0.006847
-0.871139 -0.031217
0.880383 0.085121
0.879344 0.037056
0.835561 0.016531
-0.858558 -0.040448
-0.894977 -0.073624
0.903050 0.062284
0.915684 -0.006937
0.809170 0.015517
-0.871580 0.033687
0.883030 0.015663
0.854190 0.024822
0.848356 0.022476
-0.861536 -0.018154
0.858525 -0.001143
0.855079 -0.019149
-0.885435 0.007006
-0.829067 -0.003735
-0.878706 -0.002706
-0.860437 0.001984
0.854644 0.002073
-0.838401 -0.010049
0.887236 -0.015106
0.839051 0.015046
0.848583 -0.008531
0.837720 0.001771
-0.886627 0.016455
-0.870143 0.014815
-0.864503 -0.006609
0.839340 -0.001502
-0.863776 0.015534
0.871402 0.022659
-0.851104 -0.007256
-0.870673 -0.020060
0.828612 0.022659
0.854853 -0.004949
0.858797 -0.002801
-0.867140 0.000420
-0.868326 -0.009871
-0.878273 -0.018822
-0.841457 0.023958
-0.853052 -0.023734
0.903901 -0.016267
0.852752 0.013705
0.864903 0.011008
-0.917005 -0.046731
0.846354 0.036952
0.847833 0.031619
-0.865741 0.032560
-0.857238 -0.043788
-0.851697 0.054386
0.859209 -0.022443
-0.885155 -0.029113
-0.907699 -0.043366
-0.890626 -0.044622
-0.879219 0.052512
-0.796399 0.006126
-0.833651 0.004550
0.868393 0.014598
0.849802 0.013171
-0.846302 -0.000930
-0.876422 -0.019634
0.859713 -0.025988
-0.849458 -0.019962
0.879420 -0.009444
-0.830371 0.013240
0.868752 -0.001029
-0.886569 -0.017179
0.857207 -0.010841
0.877834 -0.002001
-0.864919 0.013689
0.864350 0.014112
-0.898351 0.020431
-0.813451 0.002362
0.856070 -0.014444
-0.892956 0.019222
-0.846884 -0.005069
0.885457 -0.025041
-0.885293 0.008769
-0.857509 -0.007544
0.877526 0.017804
0.847406 -0.003589
0.823916 -0.018132
-0.818641 0.016834
0.899586 -0.029605
-0.857156 0.031227
0.849000 -0.015726
-0.848534 0.020667
0.857023 -0.049225
-0.875319 0.001679
-0.871712 0.067159
-0.836308 0.020712
0.880923 -0.009759
0.865623 0.005176
-0.874406 0.010177
-0.837602 0.018268
-0.906342 -0.011010
-0.852096 -0.065254
-0.932772 0.031612
-0.854764 -0.001371
0.892457 0.002745
0.883915 0.052778
-0.884084 -0.052087
-0.898205 0.020618
-0.801031 0.006185
0.867043 0.000431
0.816443 0.019560
-0.838417 -0.057085
0.876278 -0.016270
0.849485 0.022407
0.839947 -0.029618
0.864202 0.019723
0.894273 -0.018458
-0.855755 0.010952
-0.852535 0.010360
0.945987 -0.007942
0.847343 -0.011793
-0.859172 0.001049
-0.849775 0.005178
-0.836391 0.034859
-0.861019 0.020237
0.842403 -0.007969
0.838819 -0.023082
-0.855469 -0.003043
0.857688 -0.025867
-0.874502 0.035072
0.850457 -0.027983
0.856776 -0.009518
-0.849397 0.001403
-0.878991 0.005035
-0.819432 0.000436
0.833738 -0.014401
0.873140 -0.003974
0.868466 -0.021716
-0.850935 -0.013263
-0.879235 -0.005599
-0.860484 0.045700
0.863061 0.013036
-0.873919 0.039887
0.831524 -0.009064
0.860735 -0.009290
-0.907226 -0.001134
-0.868770 0.002469
0.880206 0.029680
-0.885415 0.014531
0.892352 0.045625
-0.876161 -0.026625
-0.809127 0.029545
-0.844094 -0.022465
-0.880210 -0.057667
-0.884850 -0.026122
-0.886413 0.025452
-0.828274 0.016642
0.880297 -0.021066
0.858555 -0.008466
0.848696 0.026424
-0.862689 0.018685
-0.866830 -0.023860
-0.830844 0.019439
-0.851399 -0.029709
0.887860 -0.005039
-0.871659 0.024276
0.857823 -0.022477
-0.915491 -0.006654
-0.843948 0.015381
0.828966 -0.000030
-0.887417 0.014192
-0.841642 0.007692
0.882825 -0.021170
0.816822 -0.046306
0.865522 -0.031337
0.850211 0.008718
-0.859724 -0.000778
0.855817 -0.022271
-0.848570 -0.001009
0.889136 0.001925
0.859514 0.004750
0.851993 0.010435
-0.843681 -0.025893
-0.852298 0.009457
-0.855074 -0.012145
0.873227 0.012733
-0.848573 -0.014189
0.870499 0.035644
-0.844833 0.029855
-0.849970 -0.012796
0.867892 -0.018063
-0.841084 -0.006073
-0.881283 -0.002702
-0.917008 -0.005472
-0.866782 0.013958
-0.852474 -0.009914
-0.851640 -0.023451
0.877511 0.062046
0.884492 -0.054393
0.858857 -0.025687
-0.867670 -0.049577
-0.867784 -0.044100
-0.881519 -0.032854
-0.890881 0.035640
0.846376 0.017587
-0.887528 -0.015749
-0.857934 0.011442
-0.837757 -0.046391
0.857505 -0.001597
0.872354 0.014450
0.830775 -0.001632
-0.883716 -0.027307
0.869163 0.013084
-0.853819 -0.006393
0.852750 -0.001474
-0.896849 -0.024356
0.842974 -0.011242
-0.842465 -0.009149
0.885354 -0.030707
0.862036 -0.024968
0.863054 0.000357
0.832125 0.002619
-0.848730 0.016684
0.846264 -0.005041
-0.869021 0.005608
0.892287 -0.018117
0.884923 -0.018562
0.874925 0.008210
-0.858347 -0.010551
0.871392 0.019396
-0.838600 -0.011228
0.834184 -0.016274
0.858462 0.016944
-0.871090 0.001876
-0.850304 -0.020606
-0.867083 -0.008619
-0.841033 0.032820
-0.855154 -0.012772
-0.855537 0.022872
-0.839105 -0.021282
0.868297 0.026544
-0.891957 -0.019865
0.879076 0.011641
-0.836933 -0.006054
-0.861873 0.018556
-0.837666 -0.081559
0.873348 -0.024715
-0.848319 0.025142
0.894866 0.020596
-0.914945 -0.063998
-0.865549 0.019952
-0.888678 0.016603
-0.830237 0.003950
0.869111 -0.029151
-0.851029 -0.005475
-0.828178 -0.014815
-0.854687 0.003618
0.827014 0.014918
-0.856783 0.025295
-0.874716 -0.006275
-0.882564 0.017857
-0.846669 0.014700
-0.872329 0.034039
0.887953 0.004508
-0.859336 0.006645
-0.825274 -0.002525
-0.859306 0.031805
0.868666 -0.000138
-0.876968 0.035088
-0.841012 0.011227
0.868672 -0.009991
0.863506 0.000493
0.873696 -0.012895
-0.844980 0.049718
0.857651 -0.005938
0.885827 -0.021613
-0.861493 0.011438
0.862409 -0.011803
0.820892 0.021436
0.841628 -0.036571
-0.878510 -0.021468
0.862772 -0.016966
-0.818411 0.011380
0.869063 -0.014191
0.887948 -0.019523
0.881445 -0.012911
0.865527 -0.017711
-0.855301 -0.003599
-0.848203 -0.000776
0.913968 0.039131
0.881405 0.009541
-0.856734 -0.006137
-0.872154 -0.018985
0.855498 0.049833
0.919103 -0.021791
-0.845222 0.007235
0.878800 0.003074
0.867414 0.052403
0.893095 -0.013817
-0.881139 0.057196
0.816594 0.000911
-0.869833 0.024751
-0.863404 0.005597
-0.830677 -0.014693
-0.849368 0.002765
-0.861366 -0.022549
0.849402 -0.033434
-0.867158 0.008161
-0.864058 0.034869
0.882152 -0.010513
0.865863 -0.036599
0.907504 0.021278
0.856370 -0.014398
-0.859263 0.011191
0.854201 -0.023383
0.851959 -0.010937
0.871413 -0.004999
-0.827234 -0.004464
0.872499 -0.008479
-0.850548 0.002758
-0.863603 0.003401
0.906672 -0.032654
0.834281 -0.024129
0.859092 0.002979
-0.878311 -0.025751
-0.857989 0.015444
-0.804940 -0.016852
0.865653 -0.021901
0.860152 -0.002888
0.829976 -0.002558
-0.861092 -0.033721
-0.864897 0.008286
-0.860941 0.031520
0.889497 0.035939
-0.900018 -0.000156
-0.864725 -0.002790
-0.878406 0.008197
-0.896641 -0.017133
-0.870518 -0.013956
0.867753 0.008136
-0.884179 -0.019650
-0.825511 -0.085424
0.904213 -0.014099
0.855366 -0.036757
-0.883559 -0.036526
0.895752 0.037479
0.872711 0.038082
-0.882316 0.002333
0.821655 -0.000320
0.869582 -0.010261
-0.883341 -0.020670
0.827931 0.036314
-0.857359 0.004726
-0.847185 -0.031331
0.849933 -0.009419
-0.903011 -0.022072
-0.872374 0.008939
-0.858455 -0.001740
-0.861151 0.003931
-0.896997 -0.019819
0.869757 0.003549
-0.861336 -0.009073
-0.891395 0.010682
-0.817791 0.009825
-0.872753 0.018599
-0.851593 -0.014913
0.867647 -0.011568
-0.850505 -0.031313
0.857022 0.002738
-0.831771 -0.011339
0.829196 -0.026089
0.867106 0.009510
0.858410 0.006536
0.865719 -0.022418
0.838480 0.023463
0.827134 0.002314
0.880249 0.035885
-0.853552 -0.001686
0.845579 0.016091
0.884470 0.013837
-0.860312 0.020006
-0.870647 -0.012135
0.845196 -0.023640
-0.858410 -0.001733
0.867023 0.010764
-0.870460 -0.029303
-0.846596 0.002751
-0.832184 -0.024504
0.870649 0.005705
0.849413 0.031622
0.881226 -0.011580
-0.861662 0.004238
-0.897172 -0.053037
0.880673 0.027241
-0.895970 -0.062069
-0.875786 -0.011639
0.809826 0.033004
-0.864238 -0.022925
-0.873424 -0.016760
0.841887 0.033563
0.869261 0.043556
-0.860852 -0.042538
-0.835326 0.044270
0.847191 0.049872
0.867977 0.000528
0.870765 -0.010303
0.883928 0.000474
-0.888102 -0.029317
0.880158 0.001582
-0.832203 -0.016697
0.871316 -0.010874
0.860643 -0.004981
0.872792 -0.011118
-0.829465 0.003499
-0.847496 0.022311
0.847957 -0.024089
0.876461 -0.021035
-0.857453 0.018001
-0.876765 0.026793
0.873618 -0.005767
0.848711 -0.015810
0.853799 -0.002006
-0.834987 -0.007420
0.843795 -0.012833
-0.882890 0.000478
-0.846463 0.022270
-0.828606 -0.023190
-0.862145 0.010886
-0.846327 0.039615
-0.882717 0.010586
-0.871176 0.020567
-0.863895 -0.002872
0.875082 -0.001231
-0.880789 -0.004148
-0.842769 0.017669
-0.841670 -0.016584
0.888793 -0.010696
-0.861452 -0.047455
0.843442 -0.003334
-0.830964 0.044967
0.859937 0.034615
-0.914524 -0.038739
0.890686 0.010736
-0.882602 0.065978
0.843311 -0.001453
0.876452 -0.028273
0.831224 -0.017996
0.845425 0.040700
-0.850706 0.015508
-0.856906 -0.034295
0.852034 -0.028614
0.875131 0.013998
-0.880584 0.008766
-0.849554 0.033927
-0.870316 0.016704
0.912770 0.005344
0.851069 -0.027505
-0.853393 0.003858
0.871836 -0.029251
-0.823514 0.015602
-0.855615 0.008555
-0.873844 0.040601
0.831107 -0.004726
0.878455 -0.011256
-0.856789 0.023428
-0.864982 0.054247
0.896256 -0.031467
0.886561 0.014210
0.840318 -0.000999
0.860305 -0.016531
0.810208 0.004409
0.856167 0.004957
-0.878699 0.005141
0.834243 -0.017971
0.832013 -0.012044
0.890080 -0.003575
-0.868364 0.040904
-0.868536 0.011232
-0.879707 0.047173
0.834330 -0.015948
0.860090 -0.003582
-0.892038 -0.013583
0.871949 -0.005451
-0.826542 0.001463
-0.898607 -0.028180
0.839184 0.095264
-0.897362 0.007556
-0.866735 0.023518
0.842020 0.049339
-0.911205 -0.100960
0.853049 0.051003
-0.893207 0.007834
0.814869 0.006789
-0.861821 -0.009288
-0.854603 -0.004848
0.815358 0.023144
0.863870 0.009150
-0.870598 -0.022033
-0.843192 0.036390
-0.874088 -0.033087
-0.860985 -0.000898
-0.846780 -0.007795
0.860594 0.000224
0.890012 0.014609
0.866900 0.013845
-0.833578 0.006009
-0.899230 0.020507
-0.830217 -0.012114
0.856995 0.006445
0.818213 0.015077
-0.872316 0.010661
-0.828709 -0.001067
0.880612 -0.005523
0.856516 0.012150
0.862231 -0.024833
-0.872971 0.011384
-0.852259 -0.024378
-0.839489 0.002807
0.843229 0.013032
0.826326 -0.013630
-0.875069 0.012163
0.852867 -0.038947
0.855831 0.022289
0.869490 0.029623
0.868224 -0.056120
0.892023 -0.002908
-0.850145 0.056696
0.850482 0.007737
0.889559 0.002513
0.911223 0.007789
0.900798 -0.014303
-0.837556 0.013198
0.889568 0.012772
0.834687 0.090970
0.881527 -0.032083
-0.868266 0.031016
0.896554 0.078652
0.883156 0.055048
-0.883804 -0.016007
0.872472 -0.028477
-0.835082 0.007370
0.877388 -0.011476
-0.864038 0.006851
-0.834184 -0.019901
0.846838 0.005193
-0.851378 0.002340
0.850439 -0.021690
0.850244 0.030450
-0.867895 0.020254
-0.882822 0.003883
0.861524 -0.001738
-0.898645 0.045005
0.868388 -0.012210
0.845375 -0.011285
-0.859628 0.013217
-0.818283 -0.011928
