0.600762 -0.019900
-0.588568 0.011647
-0.624494 0.015486
0.580202 -0.003859
0.614596 0.012234
0.586336 -0.022952
-0.597200 0.014433
-0.611789 -0.025652
-0.628851 -0.004309
0.613669 -0.022214
0.627964 -0.025044
0.607516 -0.012311
0.646557 -0.020725
-0.611402 0.016229
-0.617093 0.001346
-0.630438 -0.004111
-0.595092 0.001704
-0.600942 0.001340
0.592678 -0.011607
-0.575598 -0.018690
0.595796 -0.005734
-0.620597 0.010664
0.581642 -0.012625
-0.625443 0.002166
-0.620502 -0.011017
-0.597932 -0.024494
-0.636238 -0.006982
0.592650 -0.010340
0.595975 0.006129
0.609438 0.001853
-0.615915 -0.010254
0.605080 -0.008905
0.606501 -0.002766
0.624641 -0.003380
-0.598166 0.011732
0.594392 -0.011874
-0.613250 0.000598
0.612811 -0.013861
0.614570 -0.030955
-0.586772 0.010383
0.599955 -0.004467
0.595732 -0.006970
0.601336 -0.018062
-0.604583 -0.005680
-0.619293 -0.005180
-0.608220 0.000166
-0.608410 0.019321
-0.596998 0.008816
0.601583 -0.020654
0.615962 -0.017865
0.622125 0.001850
-0.593436 0.010260
0.615677 0.001000
-0.574204 0.021205
0.580064 -0.040803
-0.593712 -0.006681
0.614869 -0.007955
0.610004 -0.045445
-0.593499 0.027300
-0.615298 0.007332
-0.633825 0.023766
-0.611312 0.022991
0.627347 -0.022807
-0.613244 0.018194
0.602942 -0.046237
0.589320 0.001125
0.585214 0.016694
0.577926 -0.010335
0.597937 0.006937
-0.598031 0.024701
-0.580821 -0.003471
-0.605682 -0.010269
0.624038 0.027269
0.592427 0.012807
-0.619151 -0.006299
-0.601561 -0.013897
0.605974 0.007108
-0.608387 -0.026663
-0.616865 -0.019637
0.621547 -0.011137
0.608088 0.008592
-0.618562 -0.002253
0.597710 -0.006525
-0.599030 -0.003652
0.605442 0.008813
0.626526 0.009429
0.627770 -0.011872
0.596912 0.006548
0.600037 0.005738
0.594988 -0.000485
0.603828 -0.005583
-0.623121 -0.013146
0.609322 -0.020118
-0.592521 0.007154
0.617237 -0.014209
0.602988 -0.023115
-0.603466 0.032194
0.602188 -0.017843
0.614693 -0.015958
0.593653 -0.010902
0.613703 0.001916
-0.577097 0.031369
-0.604079 0.018636
0.599601 0.012366
-0.625311 0.006460
0.617199 -0.028449
0.610425 -0.025157
0.611704 -0.030199
0.619542 -0.006275
-0.604950 0.016173
0.622461 -0.006070
-0.627334 0.044896
-0.596745 0.059271
-0.605063 0.025788
-0.600920 0.001916
0.592507 -0.021807
0.599788 0.002323
-0.597282 0.018482
-0.582486 0.037460
0.624854 -0.000371
0.620924 0.024745
-0.597713 -0.015210
0.626787 0.026461
0.590370 0.008489
0.603815 0.007644
0.618644 0.031943
-0.613866 -0.010287
-0.631746 0.018763
-0.607218 0.011026
-0.634598 -0.003516
0.586221 0.015368
-0.607001 -0.023183
0.615178 -0.001006
0.613351 -0.000858
0.615003 -0.011062
-0.589908 -0.003115
0.611023 0.004353
0.590454 -0.000619
-0.591928 0.011542
-0.627851 0.002622
-0.606342 0.013502
-0.608874 0.001180
0.610438 -0.007066
-0.611237 0.016092
0.602665 -0.001476
-0.606216 0.020445
-0.630054 0.021028
0.601241 0.007495
-0.621138 -0.001866
-0.581234 0.036419
-0.578637 0.017904
0.608522 0.022507
0.599985 0.007765
-0.610161 0.030177
-0.606269 0.028746
-0.631067 0.021432
0.628817 0.003219
-0.615017 0.026842
-0.623735 0.022331
0.619664 -0.009966
0.603544 -0.040232
-0.592510 -0.010581
0.598463 0.014113
0.574002 -0.019191
0.592997 0.035789
-0.611159 0.032909
-0.611148 0.020441
0.619635 0.013376
-0.619069 -0.006208
-0.589677 0.003510
-0.618653 0.014506
-0.588662 -0.002109
0.591785 0.003697
-0.624280 -0.023881
0.622503 0.009635
0.617105 -0.004302
0.608297 -0.014024
-0.627439 0.015004
0.597184 -0.006006
-0.598609 -0.004604
0.594127 0.006269
-0.622337 0.003228
-0.623356 0.025923
0.600479 -0.004979
-0.608707 0.000243
0.590281 -0.009292
-0.618275 0.007939
0.640501 0.013374
-0.606140 0.013767
0.589013 -0.008031
-0.604953 0.034791
-0.598422 0.010382
-0.621685 0.017212
0.571853 -0.004993
-0.614145 -0.004930
0.602241 0.007195
-0.619326 -0.003494
0.581995 -0.008050
-0.591644 0.006854
0.581968 0.008955
0.606070 -0.009736
-0.593678 0.028498
-0.611138 0.018481
0.612228 -0.040474
0.647527 -0.034390
0.630664 -0.022097
-0.609780 0.013944
0.608677 -0.022165
0.603615 -0.020976
0.596880 0.007176
0.611256 0.003185
-0.591790 0.003699
0.603893 0.007938
-0.601399 0.013665
-0.585756 0.023844
0.624467 0.013193
-0.600586 0.003945
-0.591606 0.006523
-0.622511 0.004909
0.598968 -0.001402
-0.594881 -0.015153
-0.615744 -0.022400
-0.616433 -0.001615
-0.633099 0.015116
0.605218 -0.006328
0.635099 -0.010004
0.608316 -0.018197
0.591999 -0.001944
0.595320 -0.013330
0.621909 0.004940
-0.606152 0.014258
0.591290 -0.000887
0.608157 -0.011827
0.592858 -0.020637
-0.602012 0.001389
-0.619300 0.016619
-0.608598 0.008095
0.580929 -0.007029
0.619495 -0.038306
0.606250 -0.016022
0.607398 -0.022065
0.605109 0.003539
0.618750 -0.014646
-0.596455 0.011865
0.617093 0.000227
0.600848 0.019730
-0.588693 0.023793
0.609857 0.022572
-0.614067 -0.022316
-0.616303 -0.013406
-0.608967 0.026224
0.612978 -0.024383
-0.644152 -0.003532
0.616264 -0.014912
-0.600753 0.026530
-0.610389 -0.026098
-0.602024 0.030533
0.585474 0.015524
0.588845 0.020291
-0.566862 -0.013394
-0.601993 -0.047967
-0.609258 -0.026011
-0.591196 -0.030389
-0.637341 -0.017624
-0.616986 0.007284
0.593378 -0.006173
0.634600 0.005227
0.598576 0.000652
0.597064 0.005970
0.630754 0.004567
-0.615998 -0.012534
-0.625118 0.011936
0.605347 -0.001848
-0.624004 -0.000206
-0.601902 0.001729
0.606544 0.004708
-0.598257 -0.001596
-0.629310 -0.005374
0.615475 -0.010724
0.594830 -0.005544
-0.606100 -0.005072
0.593605 -0.001872
-0.602271 -0.007536
-0.620719 -0.018477
-0.607264 0.008470
-0.610092 -0.012568
0.590755 -0.016452
0.604831 -0.006795
0.607627 -0.022641
0.600965 -0.015764
-0.604161 0.021570
0.594050 -0.010695
-0.608141 -0.004903
0.581373 -0.010970
0.598041 0.001286
0.603567 0.024129
-0.617630 0.003637
-0.610384 0.009068
0.616094 -0.020082
-0.609613 -0.002994
-0.632609 -0.013322
-0.620393 0.021936
-0.613371 0.002488
0.607964 -0.039782
-0.598216 0.011012
-0.599963 -0.001183
0.598374 0.008726
-0.579774 -0.014869
-0.604723 -0.012077
0.618591 -0.008841
0.608411 -0.022072
-0.604471 -0.011553
0.616810 0.005863
0.591727 0.004342
-0.617036 0.000740
0.589617 0.012296
0.597163 0.001041
-0.610220 -0.015190
0.613711 0.019465
0.627327 0.005740
0.613609 0.009046
0.616237 0.009880
-0.608944 0.016146
0.612070 0.008677
0.618215 0.008233
-0.625729 0.001158
0.615773 -0.017747
-0.587057 -0.016187
-0.593510 -0.009141
-0.591689 0.002065
0.602722 0.002041
0.617728 0.023593
0.606542 -0.002192
-0.590402 0.016395
0.616376 -0.017027
0.603724 -0.011757
-0.611709 0.010622
0.607557 -0.012408
0.626050 -0.006990
0.586572 -0.003206
-0.613012 0.005107
0.588093 -0.012729
0.588875 -0.017314
0.594456 0.012542
-0.618678 -0.018884
-0.620563 0.010741
-0.619047 0.030026
0.605001 -0.020333
-0.641589 0.019942
0.611818 -0.023481
-0.617246 0.031788
0.616735 -0.016477
0.600848 0.011405
0.580359 -0.009692
-0.614630 -0.004060
0.592256 0.017974
0.604574 0.013214
-0.605213 0.027819
0.579947 -0.012723
-0.631296 0.003963
0.612476 0.011877
0.579972 0.010436
-0.636146 0.010129
-0.598977 -0.001423
0.597616 0.006571
0.615038 0.034137
0.599510 0.008865
-0.642261 0.000635
-0.616631 -0.009144
-0.617367 0.010490
-0.584624 0.008915
0.604609 0.003026
-0.610829 0.004780
-0.630626 0.002210
-0.620653 0.017707
0.605250 0.008908
0.599078 -0.001477
-0.592028 0.013595
-0.609944 0.011597
-0.628892 -0.011345
-0.601194 0.014336
0.619031 -0.008947
0.609137 -0.007139
0.587630 -0.005592
0.603613 0.002393
0.591299 -0.009484
-0.621018 0.020079
0.594898 -0.004833
-0.620923 -0.014565
-0.575956 0.015515
-0.601324 0.016424
-0.591803 -0.028140
-0.621727 -0.001629
-0.590860 0.010443
0.603394 -0.019934
0.614827 -0.009083
-0.647460 0.010127
-0.624065 0.014728
0.634478 0.002364
0.628032 0.003722
0.584952 -0.017080
0.572738 -0.000261
-0.614124 0.029498
-0.577297 0.047990
0.593978 -0.009836
-0.624008 0.017500
0.586660 0.004008
0.605239 0.015715
-0.616007 -0.029674
-0.587788 -0.032239
0.645123 0.032599
0.590916 0.017995
-0.608093 -0.016155
-0.610275 -0.017911
0.614929 0.023660
0.612616 0.023783
-0.607733 -0.019854
-0.625408 -0.017684
0.606026 0.017360
0.602484 0.032426
-0.625008 -0.010141
0.627044 0.013830
0.603917 0.001379
-0.597091 0.006201
0.601692 0.010090
-0.583733 0.018714
-0.615986 0.011907
0.632595 0.009941
-0.612823 0.012896
0.597945 -0.000466
0.606261 0.006614
-0.614655 0.006437
-0.611910 0.006303
-0.582131 0.004006
-0.590054 -0.010469
-0.606467 -0.005024
-0.613689 -0.006025
0.596088 -0.011751
-0.587157 0.045744
0.603636 -0.002765
-0.626722 -0.022950
-0.606762 0.005616
-0.608079 0.017389
0.614583 -0.034968
0.639732 0.011450
0.608161 -0.033073
-0.635072 0.013507
0.619645 -0.027935
0.600306 -0.043630
-0.604985 0.014002
0.616362 0.017847
-0.606189 -0.010227
-0.597182 -0.002768
0.606053 -0.023130
-0.597268 0.002605
0.618081 -0.015761
-0.614649 -0.020349
0.611801 0.014210
0.634769 0.009074
-0.592084 -0.003188
0.604358 0.014046
-0.625135 -0.034091
-0.611070 -0.022325
0.640261 0.000540
0.598813 0.011547
0.617016 0.017298
0.594347 -0.003295
-0.599265 -0.010833
0.606646 -0.016406
-0.620211 -0.007515
0.609558 -0.014208
0.602185 0.017330
0.601468 -0.001442
-0.601324 0.009940
0.590017 -0.009345
-0.631325 -0.006687
0.610644 0.001879
0.595192 -0.000987
-0.616300 0.017269
0.597362 -0.010224
-0.604847 0.030310
-0.599530 0.015551
-0.613193 0.026353
0.591503 -0.009303
0.614942 -0.010861
-0.569802 0.017530
0.572238 -0.035660
0.615638 0.008362
-0.623598 -0.007249
-0.585242 0.032748
-0.605437 0.013859
0.618792 -0.009236
-0.617721 0.007829
0.615554 -0.006161
-0.606924 0.017272
-0.613207 0.032942
-0.614527 0.029809
-0.590794 0.016008
-0.594114 0.002209
-0.579246 0.002526
0.596256 -0.000438
-0.607137 -0.010937
0.593913 -0.018551
0.633402 -0.005958
-0.608526 -0.010769
0.617985 0.003173
0.633596 -0.014260
0.609130 -0.006996
-0.589223 -0.004039
-0.617438 -0.011444
-0.607480 0.003319
0.635415 -0.010602
0.621639 -0.007418
0.634121 -0.006997
-0.594793 0.010009
-0.589153 0.010996
-0.600333 0.026466
-0.616243 0.023593
-0.603830 0.041763
-0.587063 0.010631
0.618367 0.000273
-0.593658 0.007694
-0.612532 0.005695
0.618028 0.004963
-0.615100 0.008920
-0.578368 0.014907
0.620157 -0.021152
0.605112 -0.013761
-0.598749 0.016946
0.601064 -0.024057
-0.611567 0.014479
-0.601349 0.003800
-0.641397 -0.001338
0.560604 -0.006586
0.591691 -0.021629
0.610028 0.008715
-0.603237 -0.003026
0.610729 -0.022616
0.609643 0.004413
0.614245 -0.034844
-0.628096 0.003698
-0.625584 0.013672
0.606518 -0.013753
0.632486 0.001670
0.617900 -0.028681
0.591874 -0.012951
0.592805 -0.003539
0.597351 0.006123
0.612227 0.009393
-0.610473 -0.003375
-0.610985 -0.007065
-0.638124 0.016000
-0.618057 -0.003903
0.594197 -0.003876
0.635071 -0.001505
0.604819 -0.006899
0.606745 0.005908
0.624641 0.002232
0.622623 0.007649
0.645956 -0.012954
-0.590758 0.003791
-0.624679 -0.000202
-0.609834 0.008847
-0.604137 0.003795
0.604661 -0.003248
-0.617556 0.011635
-0.615805 0.012716
-0.606090 0.003397
-0.611248 0.000824
0.587851 -0.004389
-0.594795 0.010124
-0.632832 -0.003919
-0.601227 0.028449
0.598025 -0.005848
0.603572 -0.013974
0.603739 -0.014070
0.605619 -0.023583
0.573494 -0.014885
-0.612424 0.018986
0.604909 -0.005657
0.600226 0.005618
-0.584896 0.010947
0.576188 -0.027294
-0.618192 -0.015762
-0.623777 -0.023668
-0.620783 0.018935
-0.615669 0.001875
-0.596832 0.009397
0.636763 -0.007766
-0.621061 0.033904
-0.611172 0.012734
0.629842 -0.010213
0.612630 -0.016994
0.600859 0.017729
0.606149 0.005862
-0.584733 -0.008827
0.613559 0.023365
0.615958 0.010119
0.592594 0.001777
0.614864 -0.012708
0.612301 0.003198
-0.612617 -0.019163
-0.638260 -0.012674
-0.589346 -0.014882
0.601790 0.008263
0.592586 0.021325
-0.631065 -0.018315
-0.625883 -0.001015
-0.594209 -0.011547
0.617580 -0.004577
-0.608069 -0.000529
-0.585473 -0.004404
0.618048 -0.000193
0.627141 0.007965
0.619799 -0.009698
0.600739 0.005784
0.595122 0.003538
0.589666 -0.003350
0.597089 -0.000626
-0.620056 -0.008503
0.595473 -0.021222
-0.592890 0.007475
0.624984 -0.011728
0.592238 -0.010379
0.609780 -0.023431
0.567593 -0.018114
-0.628724 0.002385
-0.585548 0.015276
-0.611234 -0.002716
0.593917 -0.002999
-0.587814 0.000612
0.607234 0.018323
0.596888 0.012617
-0.619994 0.021353
-0.600822 0.014488
0.616288 -0.014156
-0.650594 -0.009026
-0.597408 0.023288
-0.615968 0.001885
0.633725 0.016309
-0.605368 -0.004219
0.608372 0.003511
0.591408 -0.013823
-0.620380 -0.005460
-0.608394 -0.007758
-0.593818 -0.011210
-0.582074 -0.013437
0.625202 -0.005903
0.610629 -0.004087
-0.603124 -0.010654
0.618674 0.006099
-0.606400 0.005533
-0.585220 -0.003838
0.602475 0.004708
-0.625598 -0.016125
0.619212 -0.005402
-0.606680 -0.003610
0.625907 -0.001324
-0.591753 0.001198
0.607149 -0.001227
0.605773 -0.000941
-0.648045 0.002436
-0.611527 0.026245
-0.568829 0.001828
0.615218 -0.004425
-0.595468 -0.002147
-0.613867 0.006047
-0.607711 -0.002873
0.622851 -0.008066
0.593093 -0.013669
0.591065 -0.017874
-0.606283 0.004490
-0.619207 0.012333
-0.595805 -0.005233
-0.630690 -0.002598
-0.583899 0.010104
0.625296 0.004485
-0.585751 0.019788
0.594355 -0.009082
-0.609575 -0.028054
0.603349 -0.001613
-0.618811 0.017364
0.605003 -0.022151
0.609670 -0.001583
0.634642 0.002174
-0.617097 0.011843
-0.617825 0.016715
-0.624034 -0.003738
-0.603454 0.011792
-0.587397 -0.008205
0.597733 0.011204
-0.577374 0.000122
0.608030 0.017892
0.599879 -0.005538
-0.593117 0.000341
-0.620364 -0.024642
0.609644 0.014399
-0.613496 -0.004426
-0.628965 -0.006365
-0.603411 -0.003862
-0.605612 -0.007112
-0.612485 -0.019579
-0.612264 -0.006358
0.629457 -0.002480
0.603286 0.011015
-0.628265 0.004888
0.593426 -0.003756
-0.617876 -0.019055
-0.614377 -0.003150
0.627027 -0.006876
0.615744 -0.005005
0.588431 -0.008756
0.604147 0.001652
-0.601676 0.000525
-0.601642 0.004890
0.606401 0.005486
-0.592670 0.000745
0.601312 0.003064
0.606579 -0.007017
0.600781 -0.005433
