0.976413 -0.007223
-1.020180 0.001643
0.954348 -0.044437
0.998575 0.007078
-0.984191 0.013625
-0.983497 0.035737
-1.000461 0.017959
1.007546 -0.010003
-1.026820 -0.002892
0.970863 -0.020903
1.005092 0.042001
-0.966243 0.038239
-0.994346 -0.001315
-0.995965 0.020148
-0.995831 0.016852
0.967581 -0.031350
-0.984101 -0.000945
0.987377 0.004765
0.998452 -0.066942
-1.009248 0.044090
0.996776 -0.016906
0.984480 -0.005937
-1.002887 -0.006042
1.018404 -0.023841
-0.984128 -0.067640
1.003300 0.064011
1.014354 0.052675
-0.992494 -0.031250
0.973560 0.034253
1.014269 0.013231
1.012941 0.028058
-0.955273 -0.032421
-1.008329 -0.004979
-1.024722 -0.011173
0.955105 0.025420
1.028300 0.057525
-0.967966 -0.008976
1.011790 0.036492
-0.982117 0.008672
-0.995299 0.002985
-1.012508 -0.004018
0.991341 -0.007570
-0.984573 0.006790
-0.993734 -0.007435
-1.013523 0.014816
0.947760 0.001065
0.984334 -0.008215
0.994300 -0.009658
0.987637 -0.020789
0.999877 -0.000287
0.991989 -0.034545
-0.990493 0.020262
-1.005807 0.010810
0.965008 -0.037367
1.013555 -0.031446
-0.993539 0.019607
-1.011870 0.019766
0.955231 -0.019544
1.041998 0.030909
-0.996609 0.066211
1.001374 0.009792
0.978270 -0.012176
1.020411 -0.006005
-0.974114 0.053190
0.988440 -0.027922
-1.003380 0.020219
0.983944 -0.068522
0.984631 -0.056201
0.987241 -0.015390
1.011787 -0.001392
-0.980311 0.036471
-1.006253 0.024181
0.974367 0.049873
0.979532 0.041808
1.010514 0.039171
-1.014504 -0.008975
0.960863 0.007203
1.005168 0.000045
-0.989390 -0.014201
-0.984661 -0.008172
0.984407 -0.009159
-0.979704 0.012623
0.967804 -0.008298
-1.021975 -0.040593
1.005605 -0.017363
-0.979424 -0.019079
-0.984311 0.003088
-1.008774 0.017791
0.989670 -0.011260
-0.985276 0.013064
1.015430 -0.028075
-0.985694 -0.024786
-0.994998 0.013650
0.991300 -0.003020
-0.978816 0.020568
-0.982562 0.023809
0.997150 -0.014883
0.999579 -0.006590
-0.982286 0.041943
0.991318 -0.016697
0.979295 -0.017250
1.020933 -0.033601
-0.982009 0.050148
-1.003709 0.016227
0.992027 -0.004917
0.969097 -0.033090
1.037606 0.031086
0.992329 -0.062441
1.035790 0.020989
-0.948530 0.045391
-0.988818 0.029938
-0.966418 0.064744
-0.990632 0.041093
-1.021963 0.010281
0.970248 -0.053042
0.952128 -0.070517
1.001661 -0.013915
1.000621 -0.010718
0.990037 -0.027277
1.018805 -0.004411
0.993481 0.055240
-0.987947 -0.059016
0.999894 0.061179
-1.001539 0.005979
0.965766 0.015851
-0.981677 -0.010768
-1.014767 -0.023311
0.962394 0.007700
0.990698 0.010079
1.005508 -0.006343
0.975630 0.011464
-1.009504 -0.044773
-1.005504 0.018936
0.984537 0.030937
0.996109 -0.014119
1.002457 -0.003908
-0.977765 0.004349
0.993690 -0.012821
-1.002809 0.033124
1.020686 0.011143
0.987811 -0.002471
-0.975148 0.004059
0.971455 -0.015393
-0.979358 0.021961
0.987293 -0.010700
-1.016958 0.008124
-0.946103 0.028197
0.975592 -0.014456
-0.997163 0.031116
1.013098 -0.019047
-1.007225 0.019725
-0.989099 0.015426
-1.015224 -0.002606
-0.966427 0.027959
1.019193 0.035466
-0.991871 0.064480
1.017081 0.024173
0.972105 -0.004078
0.984967 -0.014212
0.966932 -0.016730
-0.993044 0.028018
-0.987121 -0.014787
1.008036 -0.081842
-0.993226 0.067673
1.005605 -0.000705
0.994777 -0.010938
1.000620 -0.021181
-0.971028 0.022742
-1.002126 -0.053269
-0.977101 -0.054883
1.012764 0.057409
-0.975329 0.008777
0.999134 0.016820
-1.022665 -0.005680
-0.982412 -0.019427
0.969899 -0.011003
0.992763 -0.003853
0.991142 -0.004058
0.948582 0.016531
-1.033473 -0.065034
1.011188 -0.002807
0.994189 0.023027
0.993478 -0.002095
-0.989633 0.005921
-1.006439 0.000046
-0.969550 0.010394
0.991136 -0.027011
1.043443 0.026873
0.977644 -0.002103
-0.973098 -0.010222
0.992217 -0.008214
-0.983893 0.023124
-0.987301 0.034664
-0.986762 0.031215
-0.989584 0.036998
0.974149 0.017526
-0.990642 0.001657
0.958579 -0.027158
0.995880 -0.039012
1.002154 0.002473
-1.003419 0.005904
-0.982347 0.037663
0.993718 0.023468
0.955940 -0.055755
1.020418 0.010390
0.961541 -0.031433
0.990294 -0.011928
0.969989 -0.039346
0.996746 -0.021296
-0.996857 -0.004059
0.997443 -0.056401
0.974875 -0.070569
1.010903 -0.017359
1.019042 -0.000519
-0.967124 0.030550
-0.989952 0.031258
-0.980970 -0.068588
1.007258 0.049906
1.031735 0.038019
-0.978870 0.003699
-0.992816 -0.024420
1.001622 0.014395
-0.979443 -0.040454
0.967466 0.010133
1.012699 -0.006248
0.996324 -0.003474
0.987718 0.018285
-1.010666 -0.067247
1.003688 -0.013947
-0.983229 -0.041358
0.987940 0.004965
1.037523 -0.025182
1.000593 -0.004686
-0.963918 0.012135
1.019168 -0.011865
-1.011404 -0.029590
0.988363 -0.013159
1.001595 -0.003353
-0.962272 0.005249
1.000788 0.000928
0.979991 -0.030932
0.984238 -0.037590
-0.968757 0.001061
0.988355 -0.009492
0.998201 -0.024087
-0.982417 0.005580
1.016085 -0.002778
1.004323 -0.012236
1.007625 0.003061
0.976337 -0.025229
-1.001817 -0.021879
-0.984903 0.043649
-1.018841 -0.025204
-0.982651 0.005975
-1.000114 0.012467
-0.981470 0.016693
-1.002653 0.007432
0.979405 -0.001322
1.011015 -0.057291
-0.985460 0.050872
0.978450 0.003273
1.011595 0.014543
1.002761 -0.003697
1.014443 0.008451
-0.978476 -0.057722
-0.982068 -0.032608
1.023745 0.048424
-0.969082 0.032716
0.969661 0.007148
0.995058 -0.007993
0.998369 0.026926
-0.955624 0.008692
-1.004708 -0.006791
0.993417 -0.020262
0.980816 0.000544
-1.005997 -0.053493
-0.996868 0.025643
-1.001294 -0.000472
-0.990867 0.022809
-1.001438 0.020260
0.961878 -0.018558
0.989007 -0.017911
-0.999260 0.038936
0.998512 0.014027
0.988866 -0.004815
-0.966618 -0.004589
-0.988422 0.020514
-0.988428 0.028300
-0.992143 0.006136
-0.980954 0.014306
0.995956 -0.012992
-1.010600 0.016611
-0.988234 -0.002094
0.990787 -0.019161
-1.007377 0.008371
-0.996526 0.002447
1.021752 0.016381
0.952025 -0.015355
-1.041047 -0.016811
-0.999296 0.023587
-0.994883 -0.005485
0.980081 -0.011442
0.997946 0.023339
0.936677 -0.040584
-0.990873 0.014762
1.000944 -0.002496
1.009958 -0.039959
0.954256 -0.047013
0.974225 -0.015105
-1.018338 0.000592
-0.989060 -0.004999
1.003059 -0.008176
-0.968446 -0.084993
-0.977406 -0.077183
-0.992908 -0.069121
-0.979542 -0.025883
-0.979739 -0.029912
-0.991522 -0.018809
0.994097 0.036224
0.966104 0.019820
-0.995466 -0.023285
1.008982 -0.005544
0.957312 0.058747
1.023261 0.072681
-1.010168 -0.018679
-0.984260 -0.037333
1.000866 -0.006148
-0.977967 0.030976
0.995192 -0.023049
-0.998194 0.020521
-1.027186 -0.000509
-0.983398 -0.031206
0.999664 -0.016998
-0.986145 0.010003
0.993563 -0.010277
0.970743 0.020833
-0.982324 0.015145
-1.002368 0.001808
0.969582 -0.051404
-0.976289 0.017182
-1.000552 0.023835
1.012057 -0.032424
-0.984299 0.026642
0.993223 -0.023404
1.015830 0.011526
0.976474 -0.026304
-1.017637 -0.015714
0.968894 -0.058396
1.013427 0.048290
0.975364 -0.013047
-1.003856 0.015629
0.977906 -0.010365
0.979783 0.009985
0.989484 0.014312
0.984958 -0.048227
0.963658 -0.053880
0.981899 -0.016336
-1.006140 0.002104
-1.001563 0.000137
-0.989453 0.004709
-0.942402 -0.050572
-0.970384 -0.037542
1.036649 0.026471
-0.959711 0.010224
0.998387 0.008143
1.004194 -0.004250
-0.968311 -0.000725
0.993893 0.000184
1.014502 0.010500
0.998889 0.001415
0.962137 0.014346
1.030526 0.063698
0.990808 -0.017049
-0.995472 -0.013110
-1.023104 0.028249
1.005490 -0.012506
-0.984150 0.016205
-0.992861 0.016818
1.001224 -0.014217
1.008478 0.002962
-0.980763 0.009995
-1.009089 0.012595
0.976584 -0.023966
-0.962618 0.017328
0.989826 -0.033062
1.006309 -0.005996
-0.950466 0.039494
-0.987650 0.013057
-0.986404 0.037783
-1.009594 0.037794
-0.982526 0.050665
-0.994710 0.038418
0.992841 -0.014920
0.983422 -0.035366
-1.017767 -0.007050
0.982291 -0.041150
-0.995487 -0.007899
0.986687 -0.010912
0.988389 -0.034201
0.986342 -0.030298
-0.968691 0.070064
1.009036 0.000179
1.008913 -0.082737
-0.980740 0.083337
1.009343 -0.011659
-0.984670 0.033706
-0.986535 0.063570
-1.012776 0.038678
0.970399 0.039959
-1.014257 -0.085441
-1.029062 -0.044188
-1.013400 0.001880
0.961366 -0.006133
-1.020207 -0.035209
0.988404 0.016704
0.981398 -0.008583
-0.998118 -0.016179
-0.990488 0.012833
-0.976904 -0.026570
-1.039401 -0.067309
0.977865 -0.009322
-1.017054 -0.039716
0.967721 0.001344
0.962862 -0.020021
1.006789 -0.011747
0.986039 -0.005459
1.025866 -0.019457
1.029336 0.017278
-0.982923 0.000478
0.991301 0.009748
-0.973805 0.005848
0.977772 0.000099
-0.965709 0.045125
-0.989846 0.017925
-0.980080 0.057456
-1.024128 0.017254
0.978050 -0.025136
-1.019674 0.035272
0.985820 -0.041306
0.991355 0.010002
1.022065 -0.028566
0.992277 -0.019527
-1.025918 -0.012746
0.974833 -0.043529
-0.979221 -0.026113
-0.988243 0.028368
0.980657 0.001483
0.983943 -0.012882
0.967245 -0.021975
1.002443 0.005490
0.993721 -0.072183
-0.984048 0.044320
0.984896 0.004631
1.001285 -0.023701
1.008987 -0.015904
1.025341 -0.009796
0.960645 0.036405
0.991663 0.054078
-1.019973 -0.030462
0.989432 -0.010723
-0.974553 -0.001340
0.993491 0.007328
1.000300 0.026839
-0.938414 0.026719
-1.016325 0.018830
0.962815 -0.018594
0.976323 -0.001558
-1.017734 -0.037546
0.965140 -0.009421
0.998608 0.015285
1.010737 0.005173
1.005884 -0.026716
1.016511 -0.000671
-0.998428 0.027481
-1.014789 0.016574
-1.039384 0.013256
0.963152 -0.028062
0.993260 0.001395
0.998876 -0.014183
1.010064 -0.022721
-0.987169 0.028251
0.971628 -0.014417
0.985410 -0.037651
-1.006381 0.024936
0.999380 -0.013964
-0.996801 0.032489
-0.974336 0.045543
-0.988027 0.040728
-1.026639 0.021165
-0.969556 0.042418
-1.035817 -0.013217
-1.003154 0.052671
1.001280 0.015311
0.970278 -0.032210
0.985117 -0.008695
0.979810 -0.034299
-0.968771 0.007937
-1.007264 0.007602
0.971462 -0.083422
0.970829 -0.059978
0.985905 -0.022033
1.007357 -0.014002
-1.016574 0.015784
0.978066 -0.007637
-0.985434 -0.040428
0.994292 0.050442
-1.011200 -0.045838
1.009260 0.006887
-0.987065 -0.032855
-1.007933 -0.019358
0.994535 -0.001738
-0.979433 -0.014723
0.999749 0.015929
1.019798 -0.010947
-0.937783 0.004610
-1.014657 -0.044567
-0.983702 0.023049
-1.013778 -0.015912
0.978594 -0.008408
-0.999025 0.013175
0.980936 -0.001271
0.986971 -0.032064
-1.020974 0.013580
0.998140 0.001860
1.003275 -0.019075
-0.975348 0.003897
0.963786 -0.009570
0.978965 -0.022262
-1.000075 0.023013
0.977139 0.015693
0.953316 -0.004946
0.970291 0.007780
1.012248 0.007987
1.014191 0.014746
-0.983218 0.063630
0.996516 0.001488
1.017604 0.017260
0.979020 -0.026415
-1.005027 -0.038679
-0.970427 0.038936
-1.020309 -0.070880
-0.991261 -0.010187
-1.015377 -0.032181
-0.985970 -0.009581
-1.009330 -0.030667
-1.000890 -0.036593
-1.015736 0.043670
-0.984422 0.040655
-0.992212 0.007115
0.979412 -0.020093
-0.997202 0.024410
0.987895 -0.006600
-0.990442 -0.039101
0.986464 0.054384
1.019681 0.056286
0.994869 0.014018
-0.972747 0.012220
1.006860 0.029215
0.994232 0.024553
-0.964348 0.011126
1.008427 0.002928
1.001562 -0.014088
-0.949458 -0.024619
-1.002025 -0.084390
-0.992641 -0.001174
-1.006974 -0.046902
-1.009482 -0.021904
-0.989121 -0.007429
-0.990841 -0.009434
-1.000549 0.010643
1.010466 0.001688
1.027238 0.041106
0.999704 -0.008340
-0.974437 0.016354
0.997653 -0.006700
-0.975523 0.032170
-0.974912 0.047141
-0.994221 0.018646
0.972649 -0.044965
-1.012140 0.009920
0.992508 -0.011029
-1.000664 0.008579
-0.957570 0.050268
-1.003292 0.025453
0.994682 -0.009628
-0.972277 0.041673
-1.032889 -0.023134
0.988901 -0.070253
1.014619 0.011757
-0.994743 0.020405
1.014770 0.011066
-0.971293 0.036172
0.949445 -0.016008
1.001638 0.008245
-1.025942 0.046697
0.988978 -0.075275
0.990838 -0.012496
-0.996585 0.004533
0.989168 -0.005733
-1.010818 -0.006883
-0.969360 -0.037345
1.019536 0.040985
1.016412 0.014084
-0.963880 0.014617
-0.987784 0.000339
-1.010564 -0.011150
0.969522 0.017986
0.971530 -0.028758
0.996161 -0.024547
1.001571 -0.012160
0.969923 0.000672
-1.026482 -0.029614
-0.982429 0.055770
-0.995019 -0.009464
0.980011 -0.018559
1.003194 -0.005187
-1.001591 0.014862
0.993496 -0.028071
-1.025822 0.025348
1.007159 0.014334
-0.978277 0.031200
-0.984505 0.018236
0.984806 -0.023459
0.989239 -0.032242
-0.999672 0.024465
-1.005660 -0.013335
1.012175 -0.020453
-0.986547 0.007227
0.999610 -0.032064
0.992844 -0.012244
-0.990640 -0.009100
1.004646 0.011657
0.998919 -0.004581
-0.978538 0.018173
-1.025382 -0.039186
-0.978072 0.023659
-1.012271 -0.025029
0.969502 0.001778
-1.002875 -0.012377
-0.979720 -0.008820
0.991897 0.006625
1.016348 0.017585
-0.987526 0.019962
0.998364 -0.043059
1.007035 -0.001044
1.006218 -0.009922
0.977650 0.005071
0.992888 0.000417
-0.984671 -0.020845
-0.963017 -0.023424
-0.987885 -0.009846
1.004525 -0.008516
-0.990735 0.014236
-0.991230 0.017110
-0.973562 0.011442
1.008518 -0.005027
1.001571 0.004625
0.976360 -0.038934
-0.978645 0.035875
1.000604 0.029081
-0.982551 0.045664
-1.001664 -0.000660
1.000529 -0.026146
-0.987794 0.045074
0.989982 -0.014684
-0.986478 0.012368
1.002221 -0.017704
-1.009632 0.001342
-1.003136 -0.000204
0.969516 0.005017
-0.981708 0.023561
-0.994141 0.005759
-0.977718 0.033917
-0.980142 -0.020135
0.984819 -0.021492
0.993098 -0.029197
0.991251 -0.041110
-0.987348 0.051645
-1.003057 0.014894
1.001659 0.004989
-1.001823 0.006150
-0.977461 0.012991
1.041027 0.038095
0.994450 -0.063596
0.976976 -0.006471
0.981724 -0.008301
0.993798 -0.025316
0.960660 -0.057566
0.964111 -0.015368
0.999405 -0.004872
-1.020074 0.051282
-0.975785 0.042655
-1.020185 -0.005345
1.006715 0.010365
-0.990296 0.004859
-1.022907 -0.011500
-0.962071 -0.034401
-0.971782 -0.032385
-0.995168 -0.011682
0.990346 -0.037209
-0.975165 -0.004544
-0.977910 -0.001487
-1.003580 -0.003340
0.982383 0.011544
-0.978521 0.008503
-1.013992 0.014048
0.969979 0.027351
-1.007528 -0.025718
-0.985613 0.020050
1.009159 0.017431
0.995752 -0.037337
0.983946 -0.035324
-0.974609 0.027591
-0.978443 0.013214
1.023271 -0.018091
-1.013727 -0.011083
-1.014064 0.025414
0.985440 0.016345
-0.968162 0.015302
-0.993972 0.017112
