0.872293 0.007151
0.894914 0.022181
0.895809 0.016371
0.892701 0.018438
0.908696 0.017799
-0.892456 0.020712
-0.880478 0.014037
0.906204 0.023333
0.888992 0.025478
-0.873862 0.002181
-0.919783 -0.062590
-0.869310 0.004790
-0.912961 0.000975
0.890941 -0.016741
-0.899470 0.009365
0.910054 -0.013944
0.888754 0.008620
0.905474 -0.002945
-0.894987 0.037799
0.905676 -0.002181
-0.890359 -0.000418
-0.903329 0.001418
0.889763 0.007121
-0.907672 -0.010686
-0.887819 -0.062963
-0.871703 -0.064397
0.904103 0.035299
0.880084 0.019879
-0.894388 -0.030248
-0.899841 -0.027826
0.913160 0.008992
-0.883574 0.005226
0.913420 0.014801
-0.900532 -0.020657
0.893747 0.016247
-0.904105 -0.051536
-0.882019 -0.007891
0.898509 0.021481
0.897178 0.041957
0.867083 0.018442
-0.860491 -0.024986
-0.897698 -0.005583
-0.909115 -0.014119
-0.923585 -0.030935
0.886853 0.000259
-0.893525 -0.006470
-0.888127 -0.011390
0.882853 -0.000493
-0.893379 -0.005632
0.887409 0.008310
0.892910 0.025989
0.896555 0.027539
-0.900879 -0.018367
-0.884040 0.009172
-0.902050 -0.004258
0.904359 0.028981
0.893056 0.032726
0.881681 -0.012811
0.911786 0.022923
-0.889363 0.026209
0.920818 -0.003954
0.881459 0.006913
-0.903142 0.003384
0.914241 -0.001043
0.875278 0.002165
-0.898529 -0.011163
-0.880563 0.024439
-0.875933 0.020029
-0.899382 -0.009439
-0.917185 -0.020522
-0.895417 -0.000771
0.896772 0.030467
0.896559 0.037202
-0.909990 -0.062931
-0.917358 -0.059830
-0.907643 -0.036485
-0.903345 -0.044506
0.894314 0.059821
0.900953 0.026121
0.896208 0.020634
0.882708 0.002632
-0.902045 -0.026596
0.905225 0.016326
-0.918838 -0.044620
-0.892603 -0.016627
-0.905841 -0.036017
0.875746 -0.011477
-0.891206 -0.011748
0.892267 0.018655
0.904398 0.018214
-0.919736 -0.025483
-0.894577 -0.036683
0.879221 -0.005583
-0.905576 0.003423
0.887879 0.003179
-0.898654 -0.000248
0.893865 -0.023566
0.906793 -0.013187
0.882325 -0.034253
-0.899449 -0.000377
-0.881468 -0.009545
-0.868778 0.022313
-0.919432 0.018904
-0.915254 -0.013076
0.900704 -0.003266
-0.873170 0.031196
0.920045 0.016521
-0.884497 0.020001
0.900858 -0.018961
-0.908728 0.017513
-0.893998 0.005655
0.912796 -0.024663
-0.872294 0.005487
0.917167 -0.009549
0.917629 -0.012498
-0.889169 0.027864
-0.899478 -0.000620
-0.898011 0.009503
0.887583 -0.020206
0.899510 0.004429
0.880189 0.030868
0.862992 0.049756
-0.940982 -0.022759
-0.882464 -0.023744
0.897792 0.023746
-0.909556 -0.012818
-0.902545 -0.003870
-0.898216 0.001056
-0.909855 -0.014286
-0.897649 -0.010984
0.888281 0.012828
0.906270 0.025420
-0.904616 -0.005414
0.903918 0.017915
-0.912857 -0.005047
-0.884758 -0.014743
0.869271 0.006386
-0.901099 0.008329
0.906259 0.008540
0.885060 -0.017619
-0.894246 -0.000231
0.898451 -0.020867
0.893995 0.000449
0.867717 -0.035280
0.872616 0.004547
-0.900967 -0.003425
-0.885643 0.000347
0.884861 0.027199
-0.889708 -0.004860
-0.903319 0.019466
-0.894730 0.010039
-0.903752 -0.025954
0.889062 0.023236
-0.898123 0.001875
-0.936345 -0.036795
-0.901674 0.037456
-0.957046 -0.001790
-0.905911 0.012130
-0.901157 -0.000431
0.894325 -0.002711
0.855829 -0.018729
0.907206 -0.008949
0.910980 -0.035217
0.890248 -0.021485
-0.897316 -0.016219
-0.915125 -0.008795
-0.895004 -0.011413
-0.918734 -0.047362
0.894383 -0.000360
0.879956 0.035527
0.905914 0.019801
0.893545 0.013614
0.906153 0.018272
0.899017 0.017994
0.921295 -0.004809
0.882302 -0.021563
0.918907 0.003696
0.898554 0.013969
-0.879983 0.006615
0.911594 0.032924
-0.878086 0.010993
0.898619 0.006807
0.898396 -0.006911
-0.888548 0.010038
-0.888705 0.018106
-0.910603 0.022514
-0.926841 -0.001752
-0.928036 0.019604
-0.896951 0.019314
-0.902568 0.004231
0.878799 0.008002
0.879970 -0.015030
-0.875768 -0.010119
0.897391 0.007523
-0.875472 0.003135
0.905668 0.007138
0.903661 0.002850
0.897873 -0.011902
-0.918013 0.016665
-0.924338 -0.010435
-0.912794 -0.018840
-0.871894 0.014977
-0.918843 -0.032315
-0.863988 0.027054
-0.903748 0.011792
0.900647 -0.012458
0.895926 -0.013784
0.907622 0.003054
-0.866427 0.032802
-0.891171 0.016190
0.907020 -0.028790
-0.863740 0.020981
0.898387 0.005781
0.911060 0.001227
-0.861668 -0.007593
-0.878786 -0.030293
-0.915456 -0.017637
-0.911196 -0.046406
-0.917288 -0.020972
-0.884774 -0.014388
0.896457 0.006270
0.910646 0.031916
-0.900472 0.013760
0.898327 0.004559
0.907448 -0.011319
0.896073 0.017798
-0.896641 -0.002274
-0.935933 -0.027006
-0.897114 -0.002838
-0.920697 -0.021061
-0.867685 0.009838
-0.864001 -0.003713
0.903740 -0.005070
-0.885420 0.023744
0.925983 0.008094
0.918934 0.007605
0.879312 -0.011712
-0.914718 0.008855
-0.898384 0.004096
-0.903744 0.011135
0.880402 -0.008279
-0.909634 -0.008748
-0.898372 -0.005197
0.899121 -0.000483
0.887641 -0.014174
-0.877821 0.017400
-0.902607 0.016674
0.920047 0.011234
0.913250 0.031800
0.884903 -0.011322
-0.902884 -0.018152
0.897113 -0.011321
-0.909658 0.003745
-0.860909 0.010708
0.905542 0.008187
-0.908021 0.015260
-0.873020 0.014758
-0.901123 0.011824
-0.927839 0.017743
0.880406 -0.035226
0.899378 0.001818
0.916144 0.007875
0.905701 -0.000723
0.929620 0.035453
0.901660 -0.001995
-0.882554 -0.048818
0.905488 0.007689
-0.885450 -0.012060
-0.905385 -0.031072
0.901129 0.010025
0.908785 0.000126
0.895858 -0.016337
-0.898207 -0.015704
0.912373 0.015515
-0.871949 -0.005519
0.924712 0.032372
0.881167 -0.004999
-0.899153 -0.003464
-0.897607 0.004807
-0.893628 0.002160
0.882962 -0.015559
0.912635 -0.019499
-0.913155 0.004476
-0.907333 -0.005445
0.887130 -0.010753
0.892021 -0.008662
0.886846 0.007167
-0.880134 0.021500
0.886525 0.008764
0.909231 0.016551
0.903062 0.005419
0.889452 0.003827
0.890569 0.013507
0.876268 0.001223
0.875591 0.005696
0.921075 0.008139
-0.891854 0.011499
0.872204 -0.027034
-0.937172 -0.014670
0.879964 -0.023562
0.931004 0.003218
-0.874398 0.010570
-0.898682 0.011999
0.903473 -0.015081
0.865165 0.008330
0.911499 -0.009198
-0.899748 0.032074
-0.868527 0.022940
-0.907702 -0.001467
0.903861 -0.021557
-0.869875 0.008740
-0.915938 -0.015720
0.889964 0.018702
-0.892539 -0.024078
0.897807 0.023661
-0.885428 -0.026615
-0.910503 -0.019874
-0.905768 -0.016874
0.900165 -0.010518
-0.896421 0.020777
0.897801 -0.009451
-0.899138 -0.011135
-0.897974 -0.024548
-0.933435 -0.034089
0.880392 -0.005080
0.904954 0.028654
0.900383 -0.005125
-0.856894 -0.020780
-0.886768 -0.000952
0.898778 -0.005925
-0.922204 -0.003116
0.894946 0.013319
0.887480 -0.001139
0.903536 0.003339
-0.868614 0.007861
-0.897606 -0.001404
-0.879210 -0.000678
0.899914 -0.004358
0.902729 -0.022486
0.864455 -0.013897
0.880521 -0.014893
-0.894313 0.000370
0.887931 -0.019231
0.896290 0.010923
-0.907860 -0.022597
0.872352 0.000396
-0.918831 -0.014737
-0.882936 0.034103
-0.902788 -0.002009
0.893626 -0.001328
-0.900464 0.003823
-0.894049 0.023946
-0.858539 0.010314
0.906009 0.006556
-0.907214 -0.000867
0.874157 -0.025507
-0.921436 -0.003450
-0.903594 -0.022073
0.895048 0.007220
-0.911204 -0.053169
0.880203 0.023785
-0.895847 -0.039697
0.887375 0.037771
-0.889815 0.000391
-0.897969 -0.008610
-0.899154 -0.033054
0.907356 -0.010888
0.877524 -0.013874
-0.889603 0.005134
-0.894938 -0.008469
0.896937 0.005553
0.902394 0.022256
-0.903958 0.010547
-0.904777 -0.004858
0.890429 -0.004055
-0.893891 0.007279
-0.901049 0.023213
-0.887173 0.017180
0.913849 -0.011911
0.879662 -0.011511
0.896641 -0.010202
-0.898048 -0.008096
0.886486 0.013487
-0.899813 0.018162
0.890667 -0.000395
0.916094 -0.009755
-0.888141 0.008521
-0.901816 -0.011391
-0.881457 0.011307
0.862356 -0.032449
0.904161 -0.027343
0.935655 -0.001381
-0.854564 -0.005930
-0.859161 0.025558
-0.929272 -0.001025
-0.881251 0.030072
-0.913055 0.005944
-0.894490 0.018091
0.882284 -0.014106
0.924618 -0.003673
-0.854162 0.028624
-0.919405 0.002699
0.894649 -0.018976
0.896149 -0.029581
0.932098 0.008390
0.943520 0.012301
0.918088 0.001318
-0.881855 0.005425
0.880770 0.003941
0.880512 0.017511
-0.919591 -0.014922
0.874700 -0.002193
0.874520 -0.000251
0.901307 0.010973
0.923164 -0.004948
0.901567 -0.012453
-0.884285 0.001599
0.899237 -0.011195
-0.875565 -0.001345
-0.906622 -0.019254
-0.911632 0.000604
-0.914197 -0.023810
-0.913991 0.001083
-0.906948 0.008075
0.864193 -0.018932
-0.916457 0.016049
0.904898 0.001519
0.927619 0.004575
0.896923 -0.001951
0.896885 -0.003082
0.898213 -0.008152
-0.887106 0.017378
0.907879 0.005325
-0.893659 0.020609
-0.888492 -0.015821
-0.888439 0.007450
0.878145 -0.005325
0.889043 -0.015257
0.897853 -0.033246
-0.912618 -0.004960
0.903316 0.011155
0.887947 -0.000327
0.922434 0.001806
-0.886767 0.025959
-0.913571 -0.007757
-0.900695 0.029387
0.907629 -0.005679
-0.903909 0.028801
0.832169 -0.020771
0.910466 -0.005642
-0.920375 0.035085
0.882199 -0.015059
-0.914950 -0.007771
-0.923674 -0.009881
0.858628 0.003188
0.887189 0.017514
0.907522 0.028091
0.890269 0.048047
-0.923093 0.008462
0.882024 -0.008816
-0.883520 0.015061
0.909646 0.023102
-0.912663 0.007946
0.869453 -0.028605
0.907895 0.002032
0.890040 0.013955
0.871557 0.019449
0.926556 0.019727
-0.892172 0.013335
0.888683 0.011208
0.886852 -0.004537
-0.889210 0.010825
0.879516 -0.003377
0.916668 -0.010736
0.903493 0.002529
0.912723 -0.007455
-0.881477 0.033769
0.902661 -0.006165
-0.856725 0.023572
-0.899512 0.007829
0.888141 0.000984
0.908701 -0.013522
-0.891320 -0.024986
0.902589 0.015217
0.888463 0.000698
0.868333 -0.025184
-0.894636 -0.003642
-0.927639 -0.033027
0.900938 0.044946
-0.879360 -0.025559
0.918406 0.034599
0.903845 -0.007992
-0.885889 -0.007450
0.869032 -0.017435
0.893800 0.005695
0.900574 -0.017906
-0.889020 -0.005483
0.895467 -0.001718
-0.911286 0.002812
0.851246 -0.019846
0.907374 -0.003682
-0.927098 -0.007117
0.877965 0.008455
-0.906743 -0.032099
-0.925405 -0.009010
-0.888059 -0.037570
-0.895034 -0.022159
0.890434 0.019996
0.895500 0.025716
0.882702 0.030990
-0.917764 -0.015519
0.891040 -0.010620
-0.900828 -0.016544
0.891764 0.017264
0.866884 0.022364
-0.925009 -0.043495
-0.902708 -0.003623
-0.901012 -0.020206
0.906695 0.001113
0.897750 0.012172
0.894407 0.002143
-0.916516 0.007218
-0.927500 -0.015746
-0.899895 -0.025948
-0.877523 -0.003493
-0.891572 -0.006934
0.885717 0.014944
-0.866169 0.000648
-0.875645 0.017597
-0.901884 -0.015825
-0.906273 0.034485
0.898480 0.017324
-0.887067 0.004729
0.883716 -0.025942
-0.896425 -0.002347
-0.932221 -0.007900
0.917432 0.007514
-0.890897 0.025425
0.927164 0.026712
-0.869596 0.047035
-0.912257 -0.013828
-0.888398 0.019198
0.869765 -0.014597
0.912845 0.017906
-0.902711 0.016669
-0.908842 0.005096
0.879276 -0.010224
-0.925974 0.021920
0.888155 0.009846
-0.930496 -0.003416
-0.892527 -0.006027
0.900822 0.023947
0.923066 0.007579
-0.886946 -0.018623
0.916444 0.013933
0.873446 0.014368
0.903285 0.000584
0.916933 -0.004640
-0.906249 0.019407
0.891175 -0.007175
-0.888857 0.008323
0.886483 0.000952
0.910572 0.012030
0.906243 0.027132
0.905839 -0.008728
-0.922274 -0.000792
0.897692 -0.019629
-0.869691 0.021461
0.888287 -0.020034
0.912178 0.013088
-0.916651 0.001270
0.911407 0.028681
-0.876550 0.017586
-0.892138 -0.007218
0.901796 0.004394
0.900747 0.004148
0.878233 -0.005789
-0.884875 -0.007923
0.890664 -0.016213
0.914872 -0.000255
-0.894164 -0.008546
-0.878338 0.031358
0.911549 -0.025458
-0.912268 -0.001092
0.891907 0.010303
-0.879883 0.008401
-0.948372 -0.018747
-0.865350 0.023428
0.906268 -0.028758
0.875377 -0.015975
-0.910885 0.021350
-0.934956 0.015239
0.900972 -0.016940
0.912299 -0.000919
0.896671 -0.036419
0.882439 -0.018204
0.928779 0.000795
0.925188 0.003189
0.882310 -0.004866
-0.886041 -0.012662
-0.887520 -0.017503
-0.909531 -0.027548
0.891005 0.021665
-0.884705 -0.005173
0.875355 0.019187
0.862537 0.028415
-0.907152 -0.003911
-0.880875 0.009216
0.904501 0.016154
0.903612 0.021680
0.866822 0.010147
0.913282 0.033866
0.893884 0.017556
0.909028 0.013907
0.883511 0.007221
-0.881991 0.001035
-0.865867 0.009313
0.905037 -0.006601
-0.930183 0.012380
0.891106 0.031769
-0.888755 0.003112
-0.915577 -0.004430
0.892259 0.001552
0.900967 -0.008297
0.898832 -0.003678
-0.894960 -0.011255
0.884713 -0.002300
-0.909714 -0.022913
-0.895955 -0.007138
-0.907420 0.016290
0.884596 -0.010992
0.910861 0.006116
0.915428 0.010194
-0.867272 0.002446
0.926267 0.026391
0.905163 -0.003679
-0.918337 0.012000
-0.882207 0.018718
0.901712 -0.010751
-0.906123 0.004783
0.901579 -0.004934
0.905680 -0.006425
-0.911888 0.013604
-0.869857 0.021772
-0.897868 0.002217
0.930444 0.013458
0.906505 0.014923
-0.898178 0.004755
-0.904437 -0.048911
0.907173 0.041558
-0.910315 -0.057967
0.893611 0.014822
0.898720 0.031287
-0.904689 -0.042365
0.908584 0.013687
-0.884143 -0.013200
0.915981 0.015688
0.899365 0.031090
0.905232 0.008897
0.912588 0.031490
-0.883750 -0.021977
-0.901004 -0.021984
-0.911685 -0.003420
-0.875707 -0.013775
-0.892450 -0.007995
-0.908552 0.003772
0.922182 0.013355
0.920051 0.025689
0.896194 0.004898
0.898040 0.003057
-0.874697 -0.008502
0.885182 -0.001398
-0.904444 -0.009192
0.893887 -0.010371
-0.883353 0.007992
-0.902707 -0.008228
0.896957 -0.005884
-0.889382 0.029854
0.902384 -0.035208
0.887830 0.006597
-0.915618 -0.017360
0.859297 -0.025100
0.910987 0.001970
-0.922149 0.024787
0.897571 0.002883
-0.900265 0.018997
-0.908206 0.027940
0.935755 -0.016717
-0.879012 0.011624
-0.905475 0.024561
0.888441 -0.018394
-0.891959 0.038567
-0.897484 0.008788
-0.926238 -0.000671
-0.896782 0.004121
0.908266 0.016013
-0.899302 -0.015160
0.888153 0.040302
-0.896218 -0.021730
-0.886216 0.003573
0.902877 0.028274
-0.903428 -0.030098
-0.906282 0.015389
0.878831 -0.003505
0.885759 0.001473
-0.872198 -0.004297
-0.894261 -0.011514
-0.928170 -0.033418
0.896951 0.007348
0.920258 0.020724
-0.891514 0.021624
-0.869232 0.002196
0.869872 0.006974
-0.907325 0.006563
-0.904586 -0.006597
-0.929148 -0.019714
0.893319 -0.011383
0.894460 0.008631
0.872670 0.002241
0.896531 -0.015659
