0.881584 -0.018650
-0.914512 -0.010125
0.888299 0.011982
0.893915 -0.003496
-0.886478 0.015819
-0.927892 0.039171
0.892541 -0.009707
0.911725 0.003493
-0.886409 -0.041080
-0.891749 0.035491
0.883014 0.003499
0.899562 -0.023230
-0.903525 0.006584
-0.880383 0.006115
-0.914599 -0.009085
-0.905983 0.041460
0.854508 -0.035868
0.918874 0.003233
0.893066 -0.042589
0.920011 -0.033988
-0.880200 -0.000715
-0.907547 0.024333
0.899402 -0.022749
-0.922972 0.003316
-0.882675 -0.032617
-0.881121 -0.033455
0.934413 0.049078
0.922318 0.024614
-0.890760 -0.020030
-0.912304 -0.040799
0.888143 0.034203
0.897480 0.054930
0.908135 0.024160
-0.866213 -0.037369
-0.882934 0.002070
0.889679 0.043205
0.892634 0.019105
-0.897536 -0.010973
0.883578 -0.057934
-0.909754 0.001285
0.873189 0.001353
0.881812 -0.015703
0.901158 0.022579
0.902264 0.003403
0.906809 -0.002992
0.894589 -0.001761
-0.875973 0.025397
-0.889024 0.032330
0.889541 -0.011881
-0.913010 -0.041829
0.900436 -0.002407
-0.888992 0.011827
-0.879967 0.041770
0.921032 -0.037304
0.886466 -0.015456
0.906618 0.016634
0.893963 0.061276
0.891330 -0.013473
-0.884529 -0.001257
0.899298 -0.030921
-0.880356 -0.014078
0.910955 -0.007316
0.919289 -0.030760
0.882080 -0.006398
-0.888182 0.042450
0.933264 0.005116
0.913553 0.003455
0.916567 -0.018816
-0.871569 0.027937
0.926233 -0.019251
0.904771 -0.007997
-0.914233 0.025772
-0.895518 -0.034704
-0.889708 -0.032870
0.937848 0.030963
0.898967 0.002381
0.891151 0.038624
0.881968 0.064321
-0.913414 -0.049444
-0.892656 -0.014267
-0.893301 -0.048262
-0.885410 -0.047929
-0.887155 -0.031583
-0.889395 -0.055787
-0.896730 -0.018602
-0.893306 -0.031577
0.883514 0.002364
-0.914925 -0.035149
0.893345 -0.010703
0.908413 -0.017824
-0.908583 -0.008811
-0.866624 -0.016937
0.910179 -0.012374
-0.917256 -0.003918
-0.891443 0.006493
-0.873013 0.032777
0.898797 0.027431
-0.904643 -0.035991
0.887744 -0.022963
-0.899817 0.024843
-0.877933 -0.014787
-0.886573 0.004953
0.897531 0.008748
0.916602 0.030604
-0.903759 -0.075038
0.867008 0.006790
0.890280 0.058174
-0.902566 0.016011
-0.907907 -0.048013
-0.892531 0.002925
0.918365 0.029101
-0.874157 -0.020378
0.894878 -0.008105
0.916923 0.044014
0.899713 -0.000698
-0.912555 -0.012328
0.878886 0.031612
0.894101 -0.007834
-0.889804 -0.059024
0.932398 0.017252
0.900693 0.012731
0.883779 0.010180
0.913050 -0.030498
-0.907377 -0.006267
-0.884472 -0.028111
-0.894517 -0.070574
0.905267 0.045336
0.895801 0.011641
-0.887330 -0.024598
0.890126 0.004874
0.889243 0.018031
0.897817 0.044362
-0.906213 -0.033487
-0.894428 -0.051338
0.890997 0.009778
0.908143 -0.003820
-0.898898 0.010607
0.879336 -0.003083
-0.894641 -0.032744
-0.888080 -0.042806
0.900416 0.015316
-0.901355 0.018183
-0.893840 -0.010789
-0.898829 0.015079
-0.889493 -0.019777
0.886704 0.010444
0.880467 0.001986
0.887752 0.005068
-0.888361 -0.008927
-0.909493 -0.023062
0.888211 0.021673
0.902001 0.056487
-0.913339 -0.076266
-0.900782 -0.032288
-0.917806 -0.053243
0.896451 0.027472
0.896479 0.050233
-0.901779 -0.014889
-0.920002 -0.029951
-0.887000 0.015101
0.885332 0.018808
-0.903124 -0.028113
-0.906366 -0.021282
-0.895419 0.017621
0.891171 0.046744
0.921240 0.016800
-0.873335 -0.042762
-0.895229 -0.050054
0.886587 0.011050
0.851123 0.013084
-0.934665 0.028853
-0.937280 0.002976
-0.885066 -0.013171
0.908339 0.033577
0.903994 0.016972
0.890969 -0.048631
-0.905780 0.010383
-0.880299 0.014919
-0.877599 0.034850
0.899786 0.012649
-0.904598 0.029509
0.892229 0.008207
-0.885991 0.065649
0.910413 -0.055990
-0.892680 -0.005625
0.897899 -0.061112
0.912177 0.019570
0.894103 -0.010180
-0.910931 -0.011525
-0.900625 -0.012039
0.892460 -0.026308
0.900539 -0.024533
-0.890058 0.025438
-0.898103 -0.000513
-0.875411 0.010510
0.897746 0.011054
0.869688 -0.029461
-0.907657 0.030301
0.870843 -0.015711
-0.907614 -0.063739
-0.890538 -0.039557
0.887663 0.002387
0.880664 0.033077
-0.922011 -0.028422
-0.891554 -0.021201
0.898224 -0.005782
-0.926498 -0.002563
-0.874201 0.027619
0.869152 -0.019970
-0.913992 -0.011822
0.923312 -0.038654
-0.914249 0.001301
0.900398 0.000180
0.923358 0.000880
-0.870763 0.007560
-0.886308 -0.009447
0.905808 0.018525
-0.883339 -0.004737
0.935855 0.031292
0.891870 0.010463
-0.886001 -0.036579
-0.920220 -0.036135
-0.889130 -0.033276
0.899704 0.028327
-0.905554 0.035502
-0.879217 -0.035145
-0.879522 -0.014692
0.917648 0.046468
0.892583 0.016025
-0.899532 -0.049721
0.897395 -0.018928
0.892912 0.047824
-0.896764 -0.001301
-0.877444 0.047151
0.894651 -0.003477
-0.898739 0.003457
-0.903579 0.005751
-0.906600 0.014474
-0.882124 0.026331
0.899844 -0.045497
0.897483 -0.000132
-0.902373 -0.021055
0.891888 -0.030391
-0.899790 -0.012784
-0.889390 -0.019778
0.924601 -0.036812
0.900667 0.015701
0.900967 -0.001266
0.897383 0.005985
-0.888211 0.015840
0.893417 0.018439
-0.913687 0.023394
-0.895921 -0.002163
0.895912 -0.005615
0.911133 0.020760
0.891114 -0.008190
-0.890412 -0.017174
-0.916877 -0.034740
0.894865 0.009614
0.902219 -0.003786
-0.885220 -0.004544
-0.896659 0.023499
0.880044 0.017925
-0.924598 0.001808
0.903653 -0.006673
-0.912736 -0.042021
-0.931429 -0.021748
0.911301 -0.010547
0.885819 0.029026
-0.907562 -0.051847
-0.895515 -0.042642
0.879946 -0.025347
-0.901837 0.010739
0.869124 -0.013806
-0.871067 0.017737
0.907840 0.036675
0.887616 0.003389
-0.892260 -0.013165
0.893369 -0.073593
-0.914605 -0.011787
0.889503 -0.020507
0.904883 -0.009983
-0.903857 0.000526
0.891970 -0.019295
-0.914667 0.005872
-0.906595 -0.014726
0.899245 -0.018916
0.884885 -0.047876
0.886983 0.003541
-0.912803 -0.036716
-0.876818 0.001603
0.882164 -0.015459
-0.900094 -0.004015
0.916191 -0.034303
-0.920099 -0.002151
0.905082 0.038086
0.889359 0.059667
0.880401 -0.000843
0.895601 0.059181
-0.885290 0.026070
0.916336 0.001028
0.894031 0.015908
-0.905863 0.002745
0.896953 0.002705
0.883929 -0.036938
-0.912744 -0.026422
0.919984 -0.010729
-0.888069 0.020489
-0.875422 -0.019759
-0.919570 0.001214
0.884133 0.016683
0.905539 0.011627
0.898312 0.013017
-0.889992 -0.029642
0.933286 0.060027
0.903377 0.008277
-0.888595 -0.030079
-0.912634 -0.039051
0.897842 0.029697
0.885150 0.033074
-0.888665 -0.017825
-0.882243 -0.014996
-0.880909 -0.001423
0.894394 0.019905
-0.888777 -0.002216
-0.888969 -0.032167
-0.899275 0.021999
-0.935690 0.000100
0.872560 -0.008933
0.887370 -0.024995
0.900919 0.011108
-0.884022 0.008083
0.902329 0.008543
0.896687 0.000242
0.887373 -0.025230
-0.891071 0.045630
-0.882548 -0.002638
0.896532 0.004605
-0.877876 0.030281
0.906234 -0.003269
0.891853 -0.027172
0.909325 -0.032339
0.896594 -0.032586
0.910543 0.036609
0.900801 0.060549
0.875805 -0.020077
0.868582 0.004280
-0.900640 0.011393
-0.907964 -0.013253
-0.889565 0.014014
0.911003 -0.030218
-0.910651 -0.008671
-0.888595 0.033018
-0.918780 0.005110
-0.881459 0.019484
-0.926880 0.046114
-0.871101 0.013390
0.897044 -0.059292
-0.900818 0.008835
-0.917311 0.022340
-0.909181 -0.012536
-0.867830 -0.041349
0.928105 0.037000
0.889325 0.006439
-0.882597 -0.056188
-0.905765 -0.054613
0.932480 0.069598
0.886514 0.043962
0.905683 0.020658
0.883066 0.015628
0.887672 0.013457
0.877936 0.034822
-0.897399 -0.018373
0.888455 0.021421
-0.906620 -0.003227
-0.901393 -0.021652
-0.891887 0.002364
-0.872460 -0.023872
0.896950 -0.002030
-0.913371 -0.000254
-0.898987 -0.002292
0.921560 -0.030528
0.881786 -0.032559
0.880003 -0.035377
0.880678 -0.030987
0.901102 0.016274
0.879786 -0.022220
0.894448 -0.010069
0.888667 -0.018574
0.921142 -0.030453
0.906944 0.013681
0.918831 0.055737
0.905564 0.072356
0.877507 -0.055034
-0.888868 -0.035982
-0.875182 0.036178
0.910657 -0.016889
0.909878 -0.026123
-0.913771 0.025178
-0.883463 -0.023659
-0.869278 -0.009031
-0.916264 0.000762
0.877633 -0.000719
-0.901007 0.076837
0.878139 0.009306
0.934511 0.007025
0.900355 0.041547
0.931022 0.012088
0.914404 -0.002274
0.864298 0.007689
0.908123 0.018032
0.900870 0.006159
0.899066 0.018101
-0.896903 -0.035908
-0.898239 -0.053982
-0.893588 -0.048747
-0.912098 0.005131
0.875741 -0.012821
0.875953 0.010955
0.893085 0.008195
-0.894224 0.022746
-0.889226 -0.001001
0.895356 -0.024504
0.895913 0.036738
0.881432 0.005773
0.893089 0.002776
0.915329 -0.004450
-0.875535 0.026353
-0.886278 0.017532
0.912114 -0.066571
-0.894856 0.015308
-0.906499 0.027134
-0.890671 0.030948
0.925388 0.025915
-0.882374 0.030200
0.885568 0.006943
-0.880182 0.057489
-0.900162 0.062295
0.907008 -0.073879
0.886450 0.015884
0.875341 0.037387
-0.883485 0.037447
0.903206 0.021043
0.869493 -0.053139
0.876472 0.017977
-0.913544 0.004112
0.890953 0.002951
-0.894456 0.029309
-0.900009 0.030610
0.913489 0.009700
-0.933440 -0.001684
-0.932771 0.015515
-0.886774 0.008970
-0.913407 0.021092
0.884018 -0.003539
-0.938609 -0.025808
-0.896468 0.025570
0.923811 -0.006949
0.932474 0.001648
0.899090 -0.029484
-0.900934 -0.010963
-0.879634 -0.025325
0.888610 -0.012167
0.878748 -0.009448
-0.911469 0.010351
0.873656 -0.003449
-0.886538 0.016292
0.876591 0.027393
-0.897446 0.038404
-0.916467 0.015960
0.884160 -0.047040
-0.913298 0.019700
-0.878034 0.049207
-0.892310 0.036792
-0.890502 -0.009298
-0.861352 0.005586
0.912172 -0.023938
0.914297 -0.041056
-0.895399 0.021744
0.869293 -0.034317
-0.901568 0.010490
0.908625 0.023514
0.871083 -0.006325
0.912602 0.010211
-0.866019 0.015642
0.897212 -0.019436
0.903857 -0.008785
-0.909582 -0.009448
0.886463 0.031873
-0.873826 0.063791
-0.887726 -0.014845
-0.903509 0.036187
-0.892071 0.010350
-0.891887 0.021190
-0.918738 -0.014683
-0.884440 0.031196
-0.881085 0.006373
-0.913172 0.030364
-0.881442 0.025495
0.905097 0.001234
0.875930 0.029465
0.902900 -0.012752
-0.898720 0.027559
0.911642 -0.012353
-0.922945 -0.046195
0.878708 0.009651
-0.907725 -0.023102
-0.906199 -0.020906
-0.898079 -0.031337
0.912995 0.064950
-0.904022 -0.033765
0.888359 0.009316
-0.898498 0.001616
0.874677 0.028278
0.887036 -0.033142
-0.914518 -0.014592
-0.905073 -0.013881
-0.894236 -0.017838
-0.875787 0.008251
-0.878457 -0.014810
0.904851 -0.006337
0.902153 -0.020037
-0.912427 -0.009184
0.877609 -0.002629
-0.901264 0.001924
-0.898243 0.003970
-0.886825 0.012932
0.894701 -0.039503
0.897139 -0.002418
0.893494 0.026548
-0.894040 0.015180
-0.892663 -0.029504
0.903966 -0.015124
0.917723 0.000720
0.881287 0.003063
0.905863 0.045885
-0.906601 -0.041426
-0.884736 0.011869
0.884938 0.013173
-0.899611 -0.002375
-0.885832 -0.027880
0.892568 0.002051
0.913245 0.016696
-0.900530 0.007691
-0.885614 0.048794
0.933011 0.027564
0.909680 -0.032006
-0.909825 0.064571
0.879728 -0.003999
-0.907803 0.008452
0.890027 0.029152
0.917013 0.038734
0.898205 0.006012
0.875036 0.039731
0.922059 0.037787
-0.915949 -0.005028
-0.894582 -0.052678
0.907796 0.055094
0.912584 0.035131
0.880825 0.031035
0.896538 -0.008432
-0.880940 -0.036698
-0.870091 0.014111
0.896346 0.046025
-0.908580 -0.002225
-0.890869 -0.025283
0.897112 0.000718
0.923861 0.060331
0.892751 -0.004659
0.887852 -0.004075
-0.895375 -0.016672
-0.875377 0.011469
0.903748 -0.007339
-0.915333 0.007774
-0.893159 0.002158
-0.880232 0.056832
-0.889582 -0.015108
-0.905074 -0.042812
-0.874879 0.026725
0.913165 -0.004331
0.886155 -0.004298
0.897697 -0.023288
-0.916159 0.019679
0.912633 0.019623
-0.887379 -0.081049
0.883525 -0.016507
0.900280 0.017889
0.880425 -0.018199
-0.937106 0.027942
-0.889242 -0.019332
-0.904608 -0.010347
-0.869949 -0.020995
-0.880020 0.014700
0.914594 0.018254
-0.876581 0.010085
0.899321 0.029510
0.865135 0.038553
-0.925114 -0.008517
-0.891331 -0.041834
-0.900569 -0.035852
0.895052 0.025545
-0.925632 -0.018368
-0.954851 -0.025209
-0.904572 -0.009675
-0.887853 -0.017583
0.894525 0.034940
-0.919480 -0.001556
0.892719 0.015841
0.895467 0.008680
0.854009 -0.012617
-0.883744 -0.000113
-0.882882 -0.040784
0.917214 -0.005961
0.889646 0.027248
-0.910396 0.020156
0.896404 -0.002692
-0.885053 0.012406
0.903520 -0.027902
-0.917341 -0.010377
0.883716 -0.002784
-0.905184 0.028845
0.910455 0.028893
0.885647 0.009270
-0.896893 0.037944
0.912379 -0.035985
-0.893355 0.016902
-0.878606 0.031605
-0.891791 0.016786
0.869854 -0.026909
0.895807 -0.119862
0.915177 -0.022704
-0.897165 -0.045813
0.909757 0.053813
-0.871497 -0.008133
-0.909275 0.032740
-0.896176 0.102111
-0.914846 0.008411
0.900553 -0.021934
-0.904933 0.040315
-0.876703 0.041481
-0.893239 0.060869
0.908351 -0.017795
-0.905041 0.012116
-0.894131 0.046983
-0.893624 0.032860
-0.918374 0.081020
-0.926388 0.001497
0.913527 -0.031949
0.917038 0.044279
-0.880749 -0.014559
-0.931464 -0.003075
0.895193 0.010728
-0.909470 -0.032051
0.908190 0.053339
0.917853 -0.007716
-0.891193 0.008336
0.916843 0.011416
-0.874818 -0.046024
0.880758 0.010960
-0.883924 0.005455
-0.907954 -0.004839
0.887683 0.034648
-0.908240 -0.010648
-0.905772 0.013005
0.887062 -0.014650
-0.886526 0.011822
0.920574 0.017489
-0.878125 -0.022198
0.909707 -0.003369
-0.895751 0.022937
-0.903850 0.001984
0.891446 -0.005368
-0.868952 -0.002001
0.919404 0.060485
-0.895269 -0.010186
-0.892899 0.026487
-0.885980 0.001289
-0.882630 0.040552
-0.913618 0.026546
-0.899190 -0.018482
-0.878879 -0.019596
0.878947 -0.021649
-0.913529 -0.035520
-0.906325 0.052649
-0.913809 0.009429
0.896610 -0.006855
-0.929253 0.001558
0.898733 -0.017207
0.863438 -0.020968
-0.929544 0.007803
-0.905158 0.023443
0.878836 -0.055437
-0.886597 0.007750
0.917979 -0.033570
-0.887520 0.009949
0.925251 -0.017342
-0.880634 -0.072944
0.907767 0.060510
0.905929 0.072951
-0.894277 -0.070580
0.911180 0.073068
-0.896400 -0.069364
-0.898266 -0.059937
-0.872760 -0.043602
0.901761 0.051191
0.879118 0.018584
-0.874412 -0.024478
0.898924 0.085224
-0.901475 -0.022845
-0.867875 -0.035477
0.886239 0.022986
-0.904302 -0.043017
0.901033 0.021931
-0.894685 -0.000755
0.899979 0.041698
-0.879079 -0.045310
0.908691 0.006593
-0.902495 0.012774
-0.881651 -0.017701
0.897732 -0.019032
