-0.967885 0.029273
-0.954982 0.033653
-0.994192 0.003380
-0.944442 -0.011961
0.957982 -0.027142
0.953708 -0.028247
0.933033 -0.032766
0.942861 0.056590
0.966565 0.077015
0.975852 -0.067562
0.961684 0.038161
0.932794 -0.038722
0.956742 -0.063307
-0.946715 0.079718
0.961050 -0.059920
-0.988726 0.054126
0.965673 -0.078938
0.956325 0.028259
0.994794 0.003680
0.948527 -0.053043
0.945381 -0.048788
-0.990670 0.089186
0.944320 -0.042677
0.919148 -0.039550
0.953623 0.042331
-0.968700 -0.051253
0.969981 0.093601
0.906494 0.042781
-0.953389 -0.100240
-0.960977 -0.060928
-0.972321 -0.059075
0.988727 -0.018559
-0.990640 -0.028741
-0.950903 -0.082250
-0.965686 -0.045699
0.952985 0.101236
0.978051 0.031233
0.940533 0.052182
0.953880 0.014362
-0.950228 -0.040754
-0.962089 -0.043187
-0.964019 -0.031289
-0.977817 0.012063
0.966033 -0.007229
0.929390 -0.032006
-0.997329 0.017329
-0.957442 0.042099
0.964148 -0.024189
-0.967157 0.085772
0.939297 0.000705
0.953164 -0.060899
0.987120 -0.007626
-0.961719 0.025862
-0.932434 0.111851
-0.937755 0.031664
-0.937828 -0.020756
-0.923317 -0.092254
-0.962224 0.012581
0.976586 0.013339
-0.918319 0.112924
-0.996825 0.047585
0.949398 -0.034650
0.986437 -0.041447
-0.979210 0.041817
0.964553 -0.074236
-0.949328 -0.005406
0.966168 -0.066198
-0.956185 0.032009
0.949062 -0.015564
0.982276 -0.033371
0.937304 -0.023367
0.959062 0.002331
-0.963275 -0.038664
-0.942273 -0.082522
-0.978907 -0.038693
0.934442 0.006076
0.954229 0.051418
-0.971733 -0.038279
0.963087 0.055655
-0.982816 0.022544
0.965924 -0.040215
-0.960408 -0.005841
-0.979489 -0.020153
-0.958213 -0.086398
-0.972104 -0.006883
0.947443 -0.009579
0.995839 -0.033546
0.948335 0.034053
-0.982515 0.053400
-0.991840 0.009823
-0.938421 -0.005395
-0.982280 -0.011933
0.980142 -0.048201
-0.976241 0.009732
0.956105 -0.034209
-0.970923 0.066887
0.947499 -0.019344
-0.944568 -0.007656
-0.983168 -0.001652
-0.964349 0.002126
-0.969908 0.030164
-0.942591 0.062733
0.936867 -0.040685
0.930895 0.033553
0.962872 0.038931
-0.962383 0.036446
-0.928632 -0.025148
-0.972130 0.094137
-0.986423 -0.015679
0.938137 -0.089932
-0.968221 0.075571
0.951327 -0.032098
-0.970700 0.083286
0.949714 -0.033657
-0.997220 0.030621
0.948110 -0.040745
-0.957134 0.073843
-0.994389 0.072102
0.929147 -0.061372
-0.969293 0.034616
0.959783 0.037750
0.954594 0.086976
-0.958642 -0.061705
-0.959825 -0.058721
0.959766 0.070511
-0.922819 -0.086559
-0.972343 -0.077127
-0.972207 -0.031493
0.977569 0.000273
0.940064 0.017445
0.951919 0.024426
0.944790 0.084081
0.958325 0.042012
0.943946 0.012983
-0.940272 -0.005624
-0.924940 -0.081920
-0.978845 -0.007671
0.989658 -0.019609
-0.963933 -0.016372
0.943460 0.027618
0.945902 -0.007997
-0.984847 0.051019
-0.973407 0.028953
0.979060 -0.059775
-0.956925 0.023095
-0.942379 0.042042
1.006583 -0.063008
0.943575 -0.020625
-0.979214 0.012044
-0.926439 0.050989
-0.963703 0.023645
-0.947033 -0.076055
-0.899742 -0.083424
-0.930676 -0.001112
-0.886783 -0.016719
1.011558 -0.063675
1.049849 -0.038853
0.983026 -0.014555
0.969056 -0.010352
0.971712 0.005745
0.966491 -0.038143
0.962380 0.013568
-0.988441 0.002975
0.958184 -0.076632
0.951906 -0.040320
0.963036 -0.008568
-0.958654 -0.009357
0.968907 -0.004896
-0.964772 -0.063423
0.929086 0.093000
-0.953482 -0.089050
0.924726 0.061298
-0.972451 -0.089993
0.920658 0.066467
-0.982999 -0.097307
-0.983848 -0.032843
-0.974924 -0.048130
-0.961150 -0.051015
-0.908553 -0.060260
0.975674 0.073587
-0.914848 -0.045857
0.986950 0.050870
0.978548 0.012243
-0.935668 0.002477
0.995071 0.038732
0.967973 0.019682
0.925618 0.043251
-0.998053 -0.003044
-0.964538 0.034751
0.978757 -0.006090
-0.973261 -0.030631
1.000956 -0.011204
0.959467 -0.012690
0.952830 -0.013440
0.973170 -0.069496
-0.969201 0.000712
0.956339 -0.013499
-0.938465 0.107819
-0.950644 0.019930
-0.937352 -0.036721
0.939437 0.108931
0.956141 -0.031942
-1.012378 0.007001
-0.954430 0.084878
-0.972894 -0.032934
0.943809 -0.018501
-0.948271 0.020465
0.979520 -0.001167
-0.997129 0.048887
-0.957892 -0.000631
1.019457 -0.033182
0.922836 -0.062778
-0.983649 0.013854
-0.985507 0.024473
0.945533 -0.023624
-0.997429 0.033364
0.970210 0.053238
0.932224 0.080096
0.939713 0.070063
0.945857 0.069282
-0.957705 -0.068420
-0.912888 -0.050490
0.971867 0.071532
0.971826 0.028721
-0.968312 -0.001029
0.991355 -0.001083
0.985223 0.036381
0.935947 0.087181
0.949029 0.037745
-0.941856 -0.042670
0.975042 -0.021370
0.924825 -0.004966
0.950533 0.031269
0.966072 0.024997
-0.946221 0.004580
0.938087 0.064499
0.932915 -0.022930
0.939853 -0.002893
-0.997204 -0.029723
-0.978168 0.078629
-0.940125 -0.030599
-0.958348 -0.057104
0.965093 -0.021357
0.968838 0.030153
0.970912 0.008189
-0.930325 0.042767
-0.955487 0.009285
-0.925238 -0.049519
0.961424 0.085257
0.973998 0.004993
0.980215 0.089301
-0.919781 0.062061
-0.973490 -0.037746
-0.942008 -0.031138
-0.974593 0.021070
0.974617 0.080119
0.975110 0.016696
-0.967158 -0.017693
-0.990211 -0.054360
0.965382 -0.013048
0.949038 -0.008820
0.993887 -0.004369
0.963602 -0.009506
0.988726 -0.017370
-0.961215 -0.026039
0.948836 0.048713
0.978030 -0.021930
-0.923349 -0.000895
-0.972816 -0.030630
0.932180 0.080224
-0.966680 -0.019616
-0.974688 -0.026030
-0.975959 0.001616
0.992271 -0.000579
0.996994 0.026102
0.957052 0.081636
-0.959881 -0.004862
-0.939361 -0.017673
-0.972040 0.008704
0.926132 0.018764
-0.968166 0.038016
0.988450 0.000672
-0.962273 -0.004865
0.974446 -0.053114
-0.961493 -0.027015
0.966189 -0.010511
0.968930 0.050531
0.965495 -0.009048
-0.960132 0.021457
-0.965398 -0.036823
0.964025 0.003310
0.931552 -0.034964
0.947984 -0.056823
-0.943426 0.109077
0.944270 -0.028252
-0.940081 0.011932
0.928581 0.056912
-0.958213 0.062978
0.969716 0.005004
-0.930648 0.135479
-0.988397 -0.053461
-0.953017 0.014469
-0.963239 0.036540
-0.993465 0.059312
-0.971376 0.077096
-1.010193 0.036589
-1.001220 0.043895
0.918743 0.007846
0.932913 -0.058874
-0.979543 0.069895
0.936644 -0.061766
-0.974750 0.057388
-0.962104 -0.036271
-0.956242 -0.082136
0.945018 0.047496
-0.974211 -0.029670
-0.998346 -0.043982
0.943738 0.059810
0.957307 0.066992
-0.977330 -0.018072
-0.971635 -0.025587
-0.953372 -0.042497
0.942159 0.000242
-0.960547 -0.075579
-0.953504 -0.050670
0.949285 -0.020992
-0.995028 0.066176
0.926266 0.047770
0.974789 -0.016191
-0.991233 0.007020
0.950768 0.048140
0.928241 0.024366
-0.958105 0.028796
-0.952645 0.005602
-0.952506 0.034084
-0.969632 0.041798
-0.945542 -0.019880
-0.937399 -0.026394
-0.960037 0.001986
0.961471 0.009875
0.953472 0.013869
0.901515 -0.006838
0.940921 -0.053337
0.953791 0.028454
-0.950008 -0.126782
0.968527 -0.035881
-0.971336 -0.047877
0.948657 -0.063023
-0.989538 0.012220
-0.953433 -0.011082
0.960803 0.005785
-0.966775 -0.043825
-0.963061 0.031617
-0.947228 -0.050504
-0.965884 0.028347
0.996669 -0.019568
0.974129 0.022459
0.986557 0.017000
0.971364 0.025911
-0.933684 0.001300
0.981047 0.005030
0.954148 0.083289
-0.966888 -0.010966
0.925471 0.035958
0.968418 0.048610
-0.952197 -0.057320
-0.978906 -0.059225
-0.963653 -0.020961
-0.945917 -0.012380
-0.955793 -0.021483
0.956242 0.017918
0.944444 0.103680
-0.970636 -0.001548
0.940712 0.020653
-0.976015 0.033514
-0.936408 -0.014700
-0.977696 0.004151
-0.942472 -0.045652
-0.952668 0.001988
0.947631 0.069117
0.959126 -0.030056
0.963342 0.015604
0.947942 -0.014531
-0.981075 0.006681
0.960859 -0.071688
0.949166 -0.007341
0.936254 -0.044854
-0.956364 0.039279
-0.983558 0.024822
0.925940 -0.103215
-0.970865 0.064189
-0.960032 0.006795
-0.951595 -0.093813
-0.960091 0.095294
-0.966017 0.031549
0.949465 -0.089868
-0.996626 0.019435
0.962495 -0.064231
-0.979269 0.078785
0.962177 0.004960
0.954749 -0.035027
-0.979277 0.047549
-1.026286 0.051076
-0.930468 0.084921
-0.962197 0.051938
0.965330 -0.048900
-0.970892 0.047493
-0.965651 0.045896
-0.929907 0.005458
-0.933903 -0.024956
-0.961456 -0.005085
0.936099 0.023888
0.929144 0.042867
-0.934919 -0.048055
0.955088 0.030075
0.946948 -0.002689
0.949628 0.009220
-1.001366 0.017263
-0.981912 -0.006637
-0.954194 -0.029447
0.945921 0.007935
-0.960504 0.026301
-0.995391 0.030708
-0.955317 0.016133
-0.972125 0.037627
-0.966133 0.082229
0.959742 -0.032697
-0.945588 -0.026827
0.959380 -0.058617
0.936032 -0.005824
0.959191 -0.028080
-0.971768 0.063220
-0.955996 0.038847
-0.947121 -0.007214
-0.967624 0.004289
0.965527 -0.033490
-0.966286 0.036674
0.948394 -0.041627
0.956677 -0.026319
0.942328 0.015144
0.971379 0.069191
-0.945561 0.104764
-0.974757 0.042676
0.921958 -0.076776
-0.990244 -0.010143
0.969549 -0.014694
-0.969096 0.042274
0.970791 -0.024504
0.962275 -0.059747
0.978736 -0.002596
0.999105 -0.048546
-0.944387 0.115567
0.954137 -0.029948
0.963255 -0.014821
0.935665 -0.041897
0.951706 -0.008343
-0.911439 -0.038711
-0.916078 -0.074675
-0.950600 -0.081371
0.960923 0.004251
-0.957230 -0.022211
0.913366 0.035174
-0.964580 -0.034467
-0.945552 0.017500
-0.981146 -0.014858
-0.958860 -0.023083
0.970140 -0.016816
0.954700 0.063161
-0.931788 -0.019902
-0.934812 -0.003244
-0.981929 0.013838
-0.944596 -0.064958
0.958822 -0.025154
-0.976668 0.024462
0.954809 -0.016048
0.974742 0.022261
-0.960718 0.057884
0.959906 -0.039271
0.964303 -0.037666
0.971373 -0.035480
0.938903 -0.011841
-0.963807 0.017179
-0.958173 0.008730
0.984043 -0.038066
0.976311 -0.036380
-0.959194 0.089992
-0.920238 0.065388
0.943488 0.024046
-0.954554 -0.093196
-0.982662 0.033835
0.975552 0.034226
0.924826 -0.045011
-1.001867 -0.020072
-0.937356 0.011160
1.004282 -0.017877
0.983414 -0.020831
0.941788 -0.075433
-0.970949 0.008029
-0.967093 0.057366
-0.927522 -0.006013
0.995034 -0.027663
0.989794 -0.014535
0.966440 -0.044259
-0.948463 -0.023831
-0.946986 -0.000521
0.939617 0.041430
-0.965776 -0.054308
-0.949228 -0.041854
0.993238 0.065104
-0.919245 -0.096154
-0.959466 -0.044619
0.965030 0.041346
-0.999408 0.021931
-0.966346 -0.036572
0.992930 0.009365
0.911430 0.071795
-0.987112 -0.009268
-0.921218 -0.069501
0.961697 0.022523
0.939895 0.026910
-0.974949 0.013616
-0.959960 0.003340
-0.936418 0.009067
0.948138 -0.022778
-0.969329 0.082178
-0.970178 0.076461
-0.943468 0.067366
-0.964574 0.013401
0.958131 -0.026381
0.976683 0.003855
0.954457 -0.009025
0.941736 -0.018002
-0.989655 0.029123
-0.948653 0.066971
-0.941174 0.068804
-0.941941 -0.050772
-0.948641 -0.050584
-0.955693 0.020773
0.951299 0.006477
0.955374 -0.055863
-0.985626 -0.039232
0.950689 -0.034512
0.959288 -0.036316
-0.980101 0.041310
0.933358 -0.080440
-0.969110 -0.007573
0.972014 -0.046333
0.907157 -0.069636
-0.960574 0.041304
-0.985926 0.027979
0.939457 -0.044247
-0.963758 -0.000121
0.954041 0.047093
-0.950315 -0.121105
-0.982785 -0.008830
-0.946022 -0.018758
-0.949415 -0.092238
-0.917768 -0.115172
0.973088 0.072869
0.965180 0.016025
-0.958732 -0.034708
0.963653 0.032169
1.008310 0.011991
0.952836 0.072899
0.956395 0.036608
-0.941857 -0.022304
1.002763 -0.043703
0.949580 0.032184
0.971806 -0.039741
-0.972311 -0.008588
0.953627 0.012566
-0.954150 -0.019484
0.939372 -0.035339
-0.945376 -0.009863
-0.961580 0.019649
0.979670 0.010715
-0.953119 0.018097
0.943796 -0.023977
0.981655 -0.012370
0.965515 -0.040876
-0.933023 0.012735
-0.957571 0.105032
-0.926721 0.039474
0.960513 0.024717
-0.939204 -0.044372
-0.979750 0.023804
-0.963079 -0.003790
0.931490 -0.055544
0.990165 -0.001059
0.961451 -0.080128
0.977518 -0.051617
-0.956287 0.004692
-0.976019 0.077875
0.982149 -0.009250
-0.967498 0.071330
-0.933652 0.018170
0.951880 -0.057533
0.989505 -0.049124
0.982781 -0.007689
-0.925816 0.046191
-0.971411 -0.037943
0.945967 0.067671
0.997166 0.027323
-0.924166 -0.021142
-0.943183 -0.050122
0.947808 0.051915
-0.940860 -0.053618
-0.934859 0.010911
-0.986149 0.015276
-0.982907 -0.039390
0.975708 0.005815
0.951763 0.115583
-0.941190 -0.012670
-0.948671 -0.015990
0.981703 -0.018118
-0.916125 -0.027609
-0.961244 0.032253
0.961308 0.010884
-0.920823 -0.016902
0.955060 -0.040457
0.962395 -0.049434
0.957194 -0.023079
0.975284 -0.032998
-0.967059 0.040842
-0.959773 0.085083
0.945425 -0.013090
0.985699 -0.078109
0.980949 -0.065543
0.956527 -0.061044
-0.912335 0.066426
0.930286 -0.044065
0.963871 -0.014681
-0.965203 -0.101925
0.963042 -0.056095
0.944257 0.022171
-0.920927 0.096802
0.979879 -0.022446
-0.954661 0.053212
0.965308 -0.053434
0.983934 -0.068342
0.977529 -0.069899
-0.965711 0.011036
0.974911 -0.018868
-0.957311 0.054638
-0.966304 0.022423
0.978216 -0.016932
0.946861 -0.019618
-0.934399 0.017152
0.920811 -0.030885
-0.947586 -0.008595
-0.965663 0.057586
-0.958145 0.070001
-0.969962 0.024285
0.946245 -0.028033
-0.933315 -0.004797
0.976477 -0.083586
0.980803 -0.051965
0.988820 -0.032897
-0.950561 0.009734
0.969835 -0.009104
0.961157 -0.062355
0.965022 -0.040019
0.986289 -0.092413
0.941839 -0.052784
-0.973016 0.042115
0.962386 -0.042018
-0.933669 0.041926
0.956432 -0.008144
-0.949977 0.091275
0.986381 -0.069990
0.958734 -0.059371
0.986196 -0.056986
0.951348 -0.045766
-0.962753 -0.043435
0.961335 -0.017987
-0.988425 0.003548
-0.971663 0.025840
-0.892975 0.074131
-0.891173 0.000840
0.951106 0.022100
0.923476 0.082441
-0.946610 0.006424
0.959509 0.012058
0.968908 -0.104501
0.974466 0.018423
0.937022 -0.054707
-0.981338 0.003169
0.970441 0.023016
-0.970104 0.019364
0.968709 -0.007824
-1.005277 -0.004401
0.937484 -0.018898
-0.972279 -0.063631
0.980191 -0.003237
-0.969509 0.024166
-0.953653 -0.006221
0.926916 0.023789
-0.924616 -0.058634
-0.973796 0.003482
0.934725 0.049275
-0.960721 -0.064936
-0.898556 -0.027141
0.972451 0.042251
0.941203 -0.001146
-0.975441 -0.017800
0.999721 -0.010895
0.943933 0.018120
-0.977346 -0.054176
-0.939608 -0.032113
0.982370 -0.017182
0.992907 -0.024460
-0.953007 -0.049134
-0.948841 0.034924
0.973121 -0.014997
-0.937321 -0.027426
0.984576 0.020389
0.972173 -0.025360
0.952430 -0.076385
0.941760 -0.016745
-0.983228 0.051111
