0.979683 -0.004193
0.997546 -0.012270
1.002177 -0.062714
-1.033638 0.040869
0.972118 -0.041438
1.005260 -0.023368
-0.987736 0.030612
-0.982627 0.005399
-0.983945 -0.042753
-0.965895 0.057460
-1.017260 -0.011595
-0.981387 0.040764
-0.985455 -0.082168
-1.007159 0.057780
0.990046 -0.017509
-0.998501 0.089592
-0.991920 0.092763
0.981053 -0.015557
-0.969096 0.108000
0.991427 -0.000537
0.986147 -0.039739
-0.994595 0.064065
-0.949433 0.051184
-1.006820 0.045905
0.982802 0.035719
0.979920 0.051690
-0.975689 -0.054093
-1.025097 -0.002266
0.970401 0.037837
1.001583 0.063922
0.989659 0.035188
-0.980124 -0.068501
-0.999737 -0.021756
0.977121 0.021352
1.019269 0.006247
-0.977452 -0.076574
-1.009284 -0.011027
-0.978872 -0.052007
0.993504 -0.033161
1.020520 0.022296
0.992983 -0.018833
-0.995753 -0.011184
-0.990701 0.001655
-0.990319 0.025328
-0.997888 0.023777
-1.006506 0.021548
-1.002144 -0.001465
0.995372 -0.067296
0.969527 0.005563
0.979506 -0.007149
0.990535 -0.032790
-1.000613 -0.014298
-0.979102 0.035533
0.991317 -0.018945
1.032199 -0.045590
-0.995440 -0.059644
0.982053 0.056504
1.001590 -0.016821
1.012457 0.085243
-0.958911 0.026684
0.976074 0.016485
-0.964110 0.000190
-0.999647 0.060333
0.964849 -0.019064
0.993676 -0.039844
-0.987573 -0.004255
-0.997136 0.080296
1.013134 -0.064045
-0.967045 0.050001
0.992755 -0.062497
0.979352 -0.031435
-0.984269 0.026541
-1.000767 -0.047925
-0.992454 -0.045849
-0.983367 -0.057502
-1.032472 -0.068274
-0.982134 -0.027328
0.996771 0.065761
-0.970993 -0.082982
-0.999192 -0.034000
-1.007186 -0.024293
0.956707 0.032242
1.017126 -0.016355
-0.979635 -0.050496
-1.026023 -0.059114
-1.000857 -0.054275
1.001722 -0.007791
1.019121 0.007998
-0.972411 0.033661
-1.014215 -0.028750
-0.995696 -0.008346
1.000138 0.060526
-0.999551 0.005303
1.012029 0.017459
-1.001661 -0.006686
1.006844 -0.015053
-0.984437 0.076034
0.974008 -0.030235
0.981706 -0.081309
1.017348 -0.054061
0.997478 -0.064752
0.980501 -0.078540
-1.022701 0.011632
0.997381 0.035606
-0.989375 -0.038502
-0.990794 0.012673
0.974361 0.028501
0.984541 -0.071779
0.967445 0.006738
-0.980268 0.027648
-1.004121 0.010927
-1.000126 0.010903
0.973201 -0.018839
-0.988524 -0.032873
-0.979708 0.046448
-1.003862 0.004135
-0.983841 -0.026468
1.003039 0.005439
-0.981045 -0.055910
1.004980 0.014690
1.026872 0.002016
-0.972418 -0.001168
0.976707 -0.016874
1.030661 -0.037323
-0.983523 -0.015858
-0.991348 -0.024343
-0.972928 0.038151
-0.998363 0.028007
0.999322 0.003285
-0.997336 -0.010028
1.023213 -0.015498
-1.009044 -0.054259
1.011086 0.005876
-0.961873 -0.009315
1.004272 -0.054406
-1.024590 -0.000463
0.984538 -0.009331
-0.994802 -0.010673
-0.985391 -0.003696
0.999064 0.041217
-0.974225 0.026620
-1.002144 0.068202
-1.002769 0.037156
0.993315 -0.034276
0.999675 -0.024795
-0.996505 -0.012728
-0.978824 0.015500
-1.009907 -0.007668
-0.979064 0.035395
-1.024990 0.054403
1.003784 -0.012088
1.006420 0.015269
-0.979068 -0.055298
-0.986874 0.003494
-1.022873 0.001070
0.975027 -0.038954
-0.957069 -0.037067
-0.976881 0.009371
-0.993898 -0.007818
1.010663 -0.022490
0.996908 -0.033501
1.004787 0.030198
0.987228 -0.039509
0.997163 -0.024656
0.978235 -0.004382
0.986830 -0.020336
0.951529 -0.007719
-1.031591 0.005205
-0.966654 -0.071028
-0.979313 -0.028987
0.975174 0.030686
1.050897 0.037519
0.972725 0.064501
-0.992319 -0.027225
0.992051 0.038690
-0.981816 0.003873
0.992183 0.010478
-0.994562 0.003950
0.995915 -0.032313
-0.988941 -0.056940
-1.030254 -0.013127
0.974403 0.028938
-1.015076 0.079421
0.997983 0.009035
0.984431 -0.023144
-0.988833 0.005639
-0.999049 -0.005669
-1.009943 -0.017936
0.996300 -0.032609
-0.997941 -0.006584
-1.009913 -0.022567
-1.010757 0.016042
0.981894 -0.038441
0.985787 -0.077539
0.982829 -0.010576
-1.018772 0.014526
-0.993639 0.106602
1.005559 -0.089369
-1.038575 0.029446
0.985220 0.035230
0.985749 0.002062
0.977664 -0.012614
1.004595 -0.025305
1.000137 -0.030360
-0.978111 -0.013167
0.999040 -0.000283
-0.996332 0.008988
0.993227 0.003654
0.960845 -0.101340
1.001360 -0.028202
-0.981826 0.071283
-0.986557 0.030778
0.975451 -0.031838
0.992924 -0.114907
0.977920 -0.055268
1.029083 -0.078172
-0.955248 -0.079869
-0.968692 -0.058366
-0.962835 -0.082337
-1.016919 -0.004000
-0.994294 -0.092654
0.999293 0.029385
-0.967632 -0.038407
-0.985781 -0.045362
0.983180 0.033810
-0.993395 -0.068422
-1.001613 0.040533
-1.002788 -0.086574
-1.013505 0.010914
-0.972004 -0.048707
-0.996373 0.066634
-1.032720 -0.040796
0.962449 0.007241
-1.004626 -0.038592
1.006976 -0.023014
-0.991155 0.012171
-1.032042 -0.025574
1.019664 0.024283
-0.989494 -0.008449
0.989389 -0.027067
-1.014930 0.023454
-1.002969 -0.014342
0.998649 -0.039258
-1.025432 0.005699
-0.985740 0.008396
1.002638 -0.043140
1.029415 -0.017397
-0.993458 -0.023683
0.976062 0.060678
-0.989551 -0.001002
-0.996211 -0.030229
-0.968784 0.029240
-0.971301 -0.024708
0.987202 0.020713
-0.982815 0.001640
-0.972646 -0.023267
-0.990669 -0.019440
-1.013464 -0.026433
0.996711 -0.040947
-0.990603 -0.012201
-0.980327 -0.017976
-1.017129 0.001959
-0.970560 -0.002762
-1.018987 0.005134
-1.005342 -0.028184
0.982806 0.037561
-0.981071 -0.059881
-1.038857 -0.018571
-0.989337 -0.042319
0.998247 0.086914
-0.973871 -0.059006
-0.975529 -0.024127
-0.995434 -0.027235
0.984159 0.009839
-1.019484 0.002047
0.986922 0.045299
1.000099 -0.008800
0.983285 0.036465
-0.990661 0.001754
-1.018368 -0.014247
0.963741 -0.055986
1.005896 0.022761
-0.987354 -0.012918
0.995311 0.040231
-1.008552 -0.024794
1.016754 -0.002845
-1.010623 0.002035
-1.009958 0.055436
-0.996244 0.016529
0.993718 0.007144
0.986065 -0.029893
1.036740 0.013977
0.984782 -0.045227
-0.997995 0.057301
-0.985061 0.056352
-0.972751 -0.002512
-1.014475 -0.019222
-0.970611 0.022529
-0.982552 -0.005399
-0.966122 0.039266
-1.001183 -0.032205
0.987947 -0.033236
0.998461 -0.001113
-0.962905 0.032032
0.983005 -0.016864
1.004955 0.014615
-0.968309 0.073978
1.015730 -0.032327
-0.951881 0.011372
-0.984149 0.063914
0.977586 -0.005122
-1.009043 0.030872
0.971295 0.045430
0.984385 0.058433
0.980401 0.031903
1.024263 0.005397
-0.963636 -0.043887
-0.989914 -0.079656
0.988214 0.040381
0.980842 0.031336
0.998705 0.009553
-0.957418 -0.039677
-1.006244 -0.006973
-1.004487 -0.082393
-1.021833 -0.035318
0.973675 0.050540
1.009934 -0.039503
-1.010931 0.001259
0.971376 -0.033551
0.983658 -0.012715
1.016666 -0.000811
-0.980840 -0.052918
0.996396 -0.023848
1.022558 0.002682
1.002872 -0.033428
-0.992937 0.006268
-0.973995 0.017677
-0.999494 0.003512
0.973167 -0.036435
1.008423 0.011072
-0.964575 0.023413
1.005295 -0.023616
1.017709 -0.012174
0.996169 -0.018494
0.994600 0.054330
0.971892 -0.009916
-0.985193 -0.086787
0.998562 0.036093
-0.964978 -0.031427
-0.995439 0.013518
-1.000424 0.009313
-1.003967 0.000692
0.974462 -0.010403
-0.983990 -0.009862
-0.978841 0.021128
-0.992926 0.020186
-0.970342 -0.019664
1.002390 0.013287
-0.964136 0.006923
1.002085 0.030641
0.973293 0.026666
0.959853 -0.000326
0.973120 0.007030
1.013950 -0.018251
0.983921 -0.008487
-1.000537 -0.084640
0.976300 0.046155
0.980801 0.011483
-0.987613 -0.029068
0.993462 0.010455
-1.024075 -0.026472
0.984070 0.037945
1.024760 -0.028482
0.994978 0.012682
-0.970482 0.048270
-0.991630 0.037458
-0.983776 0.013414
0.986434 0.015987
-0.993904 -0.034080
1.007643 0.054238
-0.996362 -0.005216
1.004190 0.033814
-1.002090 -0.001588
1.001227 -0.008544
0.984887 -0.015493
1.000053 -0.001614
-0.970935 0.063755
0.985409 0.001193
0.981254 -0.026930
-1.015827 0.020312
-1.018409 -0.008268
1.006847 0.011644
-1.002129 -0.036299
0.976325 0.023944
0.991448 0.057390
0.985758 0.008013
-0.969861 -0.054729
-0.975625 0.039387
-1.012837 -0.011213
-0.990965 0.051345
-0.990050 0.044728
0.971974 0.001882
0.970623 -0.076129
-0.994498 0.022833
-0.997223 0.018612
-1.022210 0.046227
0.920303 -0.034241
0.990595 -0.039462
0.966422 0.064762
0.975367 0.076626
0.979376 0.052245
-1.018297 0.020647
-0.995879 -0.074670
-0.978133 -0.080607
-0.979205 -0.038778
-1.005409 -0.025474
0.992525 0.043953
-0.984199 -0.039615
1.015575 0.012026
-1.001068 -0.100633
0.997030 0.049011
0.980405 0.070089
1.004955 0.018696
1.007761 0.020057
0.989188 0.018776
-0.988829 -0.033247
-1.004254 -0.046031
-1.020390 -0.025540
1.000390 0.014380
1.012776 0.036278
0.996768 0.011217
1.010670 0.013705
-0.999155 0.052262
-1.003423 0.010524
-1.022352 0.018161
0.983069 -0.052282
0.968328 -0.051862
1.023109 -0.044518
-0.978337 0.013712
-0.981502 0.005816
-0.992193 -0.097219
0.973548 0.031444
-1.007650 -0.055128
0.978583 0.010749
-0.966565 -0.037334
-1.006064 -0.015832
0.998478 0.039667
-0.991653 -0.012990
0.983528 0.055297
-1.000822 -0.045426
0.959854 -0.052261
-1.024849 -0.046704
0.955522 0.042300
0.978734 -0.044650
0.969311 0.009320
1.010476 -0.011825
-0.983945 0.008746
0.992468 0.012549
-0.968660 0.012871
1.047786 0.003072
-0.976953 -0.020873
-0.996376 -0.015004
0.949123 0.000136
0.988651 -0.007817
0.991901 -0.036053
1.015019 -0.021454
-0.995286 0.046647
-1.005983 -0.013491
1.013487 -0.018521
-0.979133 -0.029332
1.011010 -0.007641
-1.032108 -0.027607
0.967513 -0.048058
-0.995488 -0.005222
0.996674 -0.032965
1.035050 0.049097
-0.952778 0.028710
-1.005709 0.026173
-0.991722 0.011457
-1.030064 0.061139
-0.987797 0.007520
-0.991348 -0.023047
-0.975458 0.026300
-1.040922 -0.044346
-0.987991 0.011312
-1.016841 0.022253
1.020769 0.018873
0.983289 0.038720
0.991375 0.067072
0.957654 0.024384
1.006670 0.039370
-0.967258 0.043601
0.963622 0.012144
-0.984240 -0.024677
0.992891 0.012638
1.007252 0.012767
0.952273 -0.037756
1.011641 0.038824
-0.983469 0.026615
1.016504 0.012465
-0.977090 -0.015873
0.979105 -0.012890
0.971909 0.014468
-1.043558 0.024146
-1.008752 -0.064107
-0.973378 -0.082226
-0.976994 -0.058542
-1.025938 -0.046574
-0.974911 -0.038736
-1.009703 -0.080683
0.975366 0.066612
-0.954539 0.026633
0.979020 0.021515
0.991232 0.030233
-1.016624 -0.013798
-1.008046 -0.086847
1.035901 -0.009939
-0.962909 -0.063208
-1.011247 0.016367
-0.991848 -0.035832
-0.962639 0.004815
0.989389 0.014177
-1.030439 -0.016604
-1.006179 -0.041470
-1.003096 -0.016930
1.014393 0.029362
1.001970 0.006681
0.984128 -0.036868
0.976201 -0.005619
0.966089 -0.001296
1.012921 -0.001671
1.016336 -0.001107
-0.991589 0.006254
1.001085 -0.018278
-0.988201 0.024182
1.006206 0.026610
0.980313 0.074205
0.977528 -0.022212
-1.007570 -0.050951
0.975908 -0.035973
-0.983513 -0.041859
-0.956173 0.003664
0.990604 -0.004905
-1.002561 0.010609
-0.963455 0.002106
-1.009767 -0.026202
-0.961654 0.067798
-1.020748 0.027475
-0.953920 -0.020006
0.982196 -0.050558
-0.961802 -0.001299
1.046105 -0.013309
0.984571 0.079460
-0.996247 -0.053857
0.994798 0.058944
-1.056198 -0.041518
-0.961640 -0.070975
0.982718 0.074171
-0.982685 -0.067004
-0.983346 -0.039500
-1.008357 -0.050336
-0.981359 -0.054788
0.997190 0.026329
1.000688 0.099510
-1.014595 -0.049471
-0.965216 -0.079358
0.990124 -0.014847
-1.002889 -0.003020
0.982176 0.012040
0.972376 0.019240
-0.984195 -0.021326
0.998110 0.027601
1.005264 0.026234
1.024175 0.033335
-1.003820 0.005712
-0.996095 -0.008841
0.992668 -0.027139
1.004719 -0.006886
-0.995262 0.036686
-1.015945 0.057646
-0.975367 0.049189
-1.040179 0.055527
-1.015808 0.073255
0.989702 0.011902
1.006533 0.056977
-0.962544 0.056848
-0.992099 -0.013433
0.970376 -0.048394
-0.982709 -0.076610
-0.997153 0.048543
-1.006844 -0.028240
-1.001646 0.028967
0.971114 -0.028502
0.987570 0.030070
0.961618 -0.106833
-0.985435 0.026022
0.991426 -0.009417
-0.975653 0.046744
-0.959966 0.005557
-1.007914 -0.008431
-1.000347 -0.047620
0.978213 0.034828
0.974853 -0.006978
1.042269 0.004603
-0.989431 -0.018559
-0.978063 -0.058108
0.975358 0.059788
-0.964185 -0.026842
-0.992176 -0.003589
-0.996443 -0.022758
1.014295 -0.031276
-1.018909 -0.061139
1.018552 0.026705
-0.983999 -0.043438
0.989426 -0.033496
1.021316 -0.006447
0.990346 -0.026854
0.971784 -0.040410
-1.008569 -0.009374
0.991534 -0.025918
1.014893 -0.038911
-1.001429 0.010792
0.983310 -0.032186
-0.987507 0.064471
0.981245 -0.008922
-0.970205 0.030194
0.978340 -0.008910
-1.022991 0.019866
0.984280 -0.055549
-0.997288 0.042587
0.995818 -0.041509
1.014837 0.033133
-0.984245 -0.045948
-0.977330 0.033067
1.021723 0.053510
-0.944292 0.030645
0.940272 0.047833
1.000342 0.032178
-0.982663 -0.000526
-0.977035 -0.000027
0.967707 0.014801
1.012580 0.038962
0.999061 -0.042668
1.002589 -0.013351
-0.983539 -0.004476
0.985616 -0.021543
-0.940116 0.007221
-0.980379 0.000186
0.971091 0.014421
0.968923 0.006667
-0.988122 -0.008165
-1.041963 0.013857
-0.974677 -0.007107
1.007544 0.049244
-0.964603 -0.017384
-0.995475 -0.005065
0.986959 -0.000696
0.987574 0.026298
1.035332 -0.001717
-0.996610 -0.046824
1.005086 -0.003005
0.985869 0.051686
1.011962 -0.022465
0.997533 -0.025946
0.993170 -0.035906
0.991325 0.008380
0.989293 0.020775
-0.990349 -0.038513
-1.006992 0.015050
1.004283 0.025885
1.000876 0.007920
-1.005652 0.035196
-0.989744 0.024011
1.017712 0.018753
0.998131 -0.015689
1.017766 -0.009148
-0.993790 0.024900
1.015847 -0.029743
-1.005807 0.035732
-0.985569 0.010869
-0.975701 -0.115119
1.011010 0.006997
1.009622 0.063553
0.957737 -0.012328
0.955263 0.021151
-1.004517 0.002921
0.997445 -0.022368
-0.978354 0.007580
0.998480 -0.015842
-1.004414 0.000148
-0.961597 0.009223
-0.978666 0.036327
0.996305 0.052178
0.990204 -0.030978
-0.952997 -0.011431
-0.970689 0.005076
0.973016 0.035149
-1.018725 -0.036338
-0.984347 0.012814
1.026816 -0.004441
-0.997704 0.002899
-1.000852 -0.042963
0.985478 0.012709
0.983273 0.036377
0.962473 0.005381
-0.998372 0.014246
-1.007810 -0.014503
1.008185 0.036344
-1.001898 0.027353
0.971694 0.034861
1.011790 -0.051175
-1.026631 -0.016351
0.979494 -0.039418
0.987140 -0.012035
0.992824 -0.021291
-1.026245 -0.050311
-0.977868 -0.001978
1.021911 0.001633
1.009824 0.012594
0.989977 -0.061614
