0.831645 -0.013622
0.815604 0.007858
0.862397 0.025740
0.824153 0.033947
-0.804617 -0.006440
-0.841796 0.011729
0.821830 -0.023742
0.832463 0.023146
-0.814771 -0.056736
0.828794 0.004509
0.846768 0.068349
-0.813588 0.018391
-0.818013 -0.035098
-0.821028 0.020274
-0.831270 0.005546
-0.835354 -0.026387
-0.857157 0.016823
0.821128 0.012496
0.828496 0.070851
-0.816141 0.037638
0.836828 -0.013722
0.847120 -0.003840
0.836039 -0.017294
-0.828014 -0.012800
0.810282 0.029705
0.809380 0.060182
0.812617 0.005841
0.849135 0.001065
0.846327 0.027061
-0.829006 -0.082587
-0.835739 -0.077805
0.822288 -0.022674
0.834847 0.027492
0.839148 0.027421
0.845813 0.024191
0.831156 0.068744
0.855342 0.033684
0.860302 0.021961
-0.803529 -0.036205
-0.825171 -0.025981
0.841238 -0.018412
-0.859366 0.013965
-0.831716 -0.001949
0.854775 0.050747
0.856067 0.005905
-0.824675 0.000708
-0.842437 -0.012491
-0.849206 0.040424
-0.837772 0.019394
0.836270 0.002007
-0.866759 0.021319
0.821200 -0.010202
-0.820314 0.025649
-0.833519 0.032015
0.819575 -0.050082
0.825968 0.029052
-0.832617 -0.038305
0.819255 -0.035195
-0.836868 0.006668
-0.840187 0.017953
-0.849506 -0.000405
0.836020 -0.060056
0.831503 0.006353
-0.825135 -0.000857
-0.820083 0.080365
0.847691 0.005343
-0.822347 -0.010330
-0.820180 0.040023
0.832259 0.006967
-0.819759 0.022967
0.809650 -0.007102
0.852602 -0.004520
0.812039 0.004372
0.812968 0.007543
0.817597 0.013612
-0.827603 0.029120
-0.837199 -0.017250
-0.824102 -0.033094
0.811040 0.020864
0.861819 -0.015116
-0.849416 0.001312
0.855655 -0.000766
0.850227 -0.009396
-0.818356 -0.039779
-0.848339 -0.019457
-0.854115 -0.020924
-0.826703 0.004307
-0.817651 0.031030
-0.832865 0.025612
-0.843892 -0.004705
-0.829869 -0.019293
-0.860057 -0.022031
-0.830594 0.004610
-0.832968 0.026945
-0.839545 0.007864
0.835898 -0.040914
0.806079 -0.030682
-0.832368 0.026175
0.901675 -0.018895
0.815756 0.000696
-0.837082 0.006534
-0.817866 0.078018
0.823914 -0.017767
-0.823217 -0.018675
-0.839420 -0.073997
-0.841272 0.049256
0.834560 0.013063
-0.845993 0.043424
0.853506 -0.007435
0.822533 -0.009427
0.819292 0.004479
0.821925 0.004721
-0.817916 0.063022
-0.825544 -0.003777
-0.837664 0.001079
0.806546 0.013453
0.834892 0.011051
-0.854744 0.017431
-0.845152 0.018761
0.814417 -0.022405
0.809263 0.017299
-0.852731 -0.027793
-0.822847 -0.000840
0.823597 0.004944
-0.834944 -0.004277
0.817951 0.055093
0.810924 0.041028
0.855853 0.018754
0.833347 -0.005395
-0.839151 0.005669
0.843860 -0.026258
-0.838276 -0.039764
0.846720 0.001991
0.851882 0.049785
0.821730 -0.025287
-0.834315 0.012764
0.832247 -0.038441
0.848201 0.003632
-0.834383 0.000697
0.847626 -0.013051
0.830509 0.001210
0.846245 -0.016061
0.849130 -0.022123
-0.845309 0.032455
-0.831872 0.036429
0.825077 -0.006946
-0.850387 0.048544
0.810540 -0.006892
-0.822906 0.020497
-0.807907 0.042995
0.816940 -0.042719
0.840594 0.017320
-0.836597 -0.027318
0.826091 -0.033165
0.831498 0.034929
-0.845534 0.030419
-0.866820 0.038281
0.848887 -0.042579
-0.824596 0.037427
0.826093 -0.023029
0.823361 -0.073537
0.828163 -0.028915
-0.831846 -0.007017
-0.797997 0.061931
-0.826727 0.016548
0.838420 -0.030716
0.818147 -0.028046
0.818241 -0.022816
-0.795883 -0.004013
-0.814581 -0.008489
0.857020 0.032425
-0.829897 -0.006550
0.849544 0.018132
0.854321 0.052196
0.833919 0.048980
0.862714 -0.001995
0.849216 0.011782
0.842536 0.008594
0.828221 -0.017153
0.820871 0.047563
-0.852798 0.010164
0.831937 0.009570
-0.835858 0.025571
0.803143 -0.009944
-0.832666 0.027264
-0.847026 0.006639
0.847735 -0.010888
-0.835438 0.019970
0.843751 -0.028671
0.834124 -0.007374
0.861618 -0.014897
0.816588 -0.039631
-0.831773 -0.005100
-0.840236 -0.031847
0.853166 -0.028265
-0.816646 -0.016600
-0.832855 0.008478
-0.815754 0.026140
-0.820571 0.070313
0.822136 0.048890
0.836398 0.068461
-0.832725 -0.006612
-0.826504 -0.021918
-0.841393 -0.001837
0.854312 -0.013291
-0.827951 0.010876
-0.838518 0.011933
0.811824 0.022551
0.830289 -0.029188
0.834293 0.038467
-0.837477 -0.005410
0.802184 -0.030779
0.838014 0.004234
-0.843978 0.015349
-0.846353 -0.006424
0.817852 -0.024109
0.836537 0.049082
0.817837 0.064220
0.827487 0.015947
0.843605 0.023144
0.841122 0.026247
-0.818130 -0.082703
-0.809352 -0.084498
-0.852345 -0.037826
0.847088 0.017970
0.835807 0.039521
0.840122 0.033077
0.829197 0.072251
0.834472 0.055578
0.854165 0.050934
-0.811364 0.013501
-0.828887 -0.036962
-0.844803 -0.017234
-0.859348 -0.037557
0.837711 0.007920
-0.864562 0.004376
0.824792 0.005078
0.843784 0.013895
0.860577 0.016244
-0.834497 0.022929
0.834842 -0.005038
-0.839416 -0.016299
0.851996 -0.009444
0.805842 0.019769
0.825795 -0.017519
0.812351 0.002324
0.817568 -0.011651
0.825102 0.031103
-0.831660 -0.069549
0.825199 -0.006416
0.835915 0.039149
-0.854498 -0.007575
-0.849614 -0.011585
-0.842352 0.014731
0.834552 -0.003662
-0.818119 -0.002156
0.819903 -0.062480
0.829093 0.035388
0.808257 0.033316
0.791386 0.020632
-0.839496 -0.026411
-0.857971 0.004377
0.789813 0.020058
0.818407 0.010120
0.806957 0.000371
-0.830729 -0.030111
-0.844872 0.003005
0.807717 -0.009745
-0.853316 -0.024426
-0.866355 -0.022695
-0.836844 -0.035046
-0.858012 0.042176
-0.861739 -0.010950
-0.847493 0.009967
0.844282 0.013920
-0.827757 -0.048900
0.821823 0.019530
0.832690 0.026139
0.820389 -0.037766
-0.820016 0.048133
-0.848807 0.005727
-0.852152 0.022407
-0.826404 -0.010907
0.840840 0.013516
-0.855503 0.004952
-0.846762 0.012197
0.845026 0.009287
-0.847834 0.017369
0.824156 -0.038250
0.836589 0.000591
0.847701 0.031906
0.828195 0.030471
0.816729 -0.002310
0.808699 -0.041350
-0.825870 0.052355
0.815495 0.031868
0.814890 0.094997
0.848194 0.005306
-0.843002 -0.009618
-0.856798 0.016028
0.863279 0.024779
-0.845838 0.052069
0.827251 0.015599
0.846278 0.022216
-0.807895 0.049886
0.825398 0.009355
0.821263 0.025591
0.813017 -0.012137
0.818514 0.030238
0.833857 0.008983
0.805958 -0.014228
0.818165 -0.010734
0.822223 -0.006692
-0.814970 0.004303
0.820079 -0.048199
-0.846117 0.033980
0.831305 0.016757
0.863502 0.042851
-0.808762 0.003669
-0.887095 0.016700
0.830364 0.001483
0.864339 0.002487
0.831817 0.017751
0.819934 0.050426
0.849048 0.004662
-0.841075 -0.007609
-0.829023 0.056084
0.824413 -0.002169
0.834187 0.003180
0.848867 0.019708
-0.818119 -0.002151
-0.856608 0.007333
0.827576 -0.001074
0.844876 0.022693
0.873560 0.014764
-0.837120 0.071908
-0.842845 0.012704
-0.836615 -0.043932
-0.846167 -0.010615
0.821028 0.013775
-0.820077 -0.005787
0.822915 -0.021613
0.829810 -0.031331
0.836149 0.077235
-0.822902 -0.087634
-0.839075 0.013345
-0.828872 -0.048285
-0.840295 -0.015352
0.868736 0.009626
0.838937 -0.020549
0.835146 0.025610
0.815793 0.008723
0.814092 -0.009128
0.822752 0.010213
0.812655 0.010408
0.809416 -0.032058
0.823316 0.016605
-0.865311 -0.039958
0.798346 0.014873
0.822478 0.029778
0.807723 0.005467
0.804341 0.013501
-0.832012 -0.012800
0.849775 0.024359
-0.836367 -0.018230
-0.824845 -0.032075
-0.813469 -0.052439
0.857476 -0.010737
-0.840302 -0.030914
0.848807 0.003455
-0.839112 -0.000818
0.824987 0.057448
0.818631 0.012127
0.847395 0.015535
0.819274 0.000750
-0.835381 -0.024428
-0.842535 0.000773
-0.851506 -0.021380
-0.830448 -0.008910
-0.849204 0.019929
0.846004 0.018624
-0.849144 0.008284
0.854330 0.006563
0.833759 -0.021915
-0.828064 0.032630
-0.838911 0.005694
0.864705 -0.005301
-0.831963 -0.010055
0.842308 -0.002940
0.821148 -0.057952
-0.810067 0.032265
0.836441 0.037934
0.832617 0.039653
-0.840330 0.008658
0.854477 0.014901
0.842323 -0.014613
-0.866170 0.016837
0.866670 -0.044612
0.820671 -0.017679
0.830011 0.019801
-0.831370 0.046390
0.846314 0.025459
-0.815207 -0.006617
-0.805944 0.036707
-0.841819 0.005949
0.854459 -0.006730
0.798624 -0.018646
0.829601 0.006580
0.805725 0.013162
-0.823531 -0.007785
0.813727 -0.012868
-0.840408 0.014445
-0.841407 -0.013371
0.820151 0.035700
0.821681 0.022964
0.856954 -0.018491
0.845528 -0.002859
0.835380 -0.000582
-0.833079 -0.006640
0.835282 0.036927
0.835073 -0.013253
-0.868857 -0.000098
-0.795860 0.037688
0.812094 0.004153
0.845796 -0.024773
-0.854191 0.005268
-0.829834 0.009465
0.837029 -0.002341
-0.820014 0.048982
0.826954 -0.030351
0.863243 -0.015492
-0.849012 0.047319
0.830151 -0.045709
0.819197 0.004822
-0.841540 0.030493
0.828572 -0.035813
0.826513 -0.043144
-0.824578 0.043995
-0.828283 0.018814
0.839212 0.050757
0.843757 0.036634
0.825990 -0.040282
0.832339 0.006157
-0.871309 0.023853
-0.855600 0.045266
-0.835794 0.016703
0.853663 -0.015754
-0.813137 0.013321
0.808351 -0.061604
0.831076 -0.008910
-0.831802 -0.012677
-0.832098 0.008416
-0.841133 0.024894
-0.856885 0.026449
0.801710 -0.060843
0.804179 -0.035569
0.787656 0.050599
-0.823661 -0.029532
0.807873 0.012615
-0.850696 -0.015497
-0.845559 -0.033394
0.839516 0.018139
0.811294 0.041975
0.858519 -0.014470
0.854674 0.005719
0.837195 0.013984
-0.847746 -0.021891
0.820070 0.039173
-0.844965 -0.026759
0.844627 0.011242
0.831279 -0.059195
0.825100 -0.025005
0.846129 -0.003235
0.838995 -0.033463
-0.846594 -0.000089
-0.831060 -0.003486
0.846351 -0.026411
-0.854453 0.026404
-0.855406 0.050340
-0.831219 0.049435
-0.839594 0.008417
0.828740 0.022488
0.834986 -0.015967
0.822084 -0.001150
0.813293 -0.011139
-0.834099 0.050358
-0.829464 0.047736
-0.832583 -0.021497
0.818222 0.041990
-0.828317 0.021012
-0.857977 -0.012684
0.838801 -0.033065
-0.858722 0.022500
0.821229 -0.044885
0.825143 -0.026125
0.808466 0.005674
0.819483 -0.033459
-0.840569 0.034386
0.814062 0.013152
0.819358 -0.045863
0.835174 -0.008283
0.837539 -0.030643
-0.819068 0.064053
0.832632 -0.034945
0.803309 0.043041
0.825381 0.056026
0.840804 0.056207
-0.842123 -0.011298
0.818831 0.050916
-0.792683 -0.071066
-0.820045 -0.065691
-0.853499 -0.035546
0.852790 0.007175
-0.827417 -0.041152
-0.838039 -0.032224
-0.824613 -0.075428
-0.820659 -0.026328
-0.855623 -0.065416
-0.848505 0.005501
0.826761 0.007853
-0.850761 0.007274
0.818878 0.012250
-0.818665 -0.013376
-0.847974 -0.013623
-0.854977 0.001432
0.843964 -0.026070
-0.846332 -0.031635
-0.847005 0.026690
-0.857532 0.005577
-0.836119 -0.052981
0.875391 0.012009
0.823328 0.009520
-0.823792 0.001190
-0.813746 0.065971
-0.822584 0.035398
0.829304 0.047830
0.830317 0.081961
-0.842822 0.031567
-0.830241 -0.012652
0.841135 0.006906
-0.869306 -0.055292
-0.837320 -0.024092
-0.830519 0.002693
-0.835671 -0.017688
-0.840262 0.023772
0.823258 0.003787
0.822122 0.027089
0.806816 0.013551
-0.828427 0.018497
0.826950 -0.013112
0.814742 0.008772
0.812026 0.026076
0.823455 0.011095
0.800706 0.059009
-0.835861 0.013612
0.843743 0.020233
0.830960 0.055348
-0.840132 -0.043897
0.849630 0.060819
0.846078 -0.013209
-0.837770 -0.019245
-0.837749 -0.001010
-0.846448 -0.012747
-0.825452 -0.084666
0.835724 0.006488
0.851690 0.023367
-0.841425 0.032299
-0.799859 0.007314
0.848293 0.013502
-0.879654 -0.002378
0.826019 0.032867
0.834512 0.018413
0.848492 -0.004977
0.840700 0.003447
-0.853026 -0.006303
-0.838764 0.003371
-0.833800 0.013319
0.860257 0.036729
0.831858 0.014045
-0.804594 -0.006503
0.828156 -0.007510
-0.826809 0.024118
0.800125 -0.059584
-0.847305 -0.028333
0.846235 0.074111
0.811698 0.008164
0.814665 0.054752
-0.869422 -0.003375
-0.865382 -0.036907
-0.827540 -0.008414
-0.810923 0.001815
0.843019 0.031587
0.805995 -0.006446
-0.849549 -0.012113
-0.799627 -0.041219
-0.804124 0.011000
0.829544 0.027789
-0.856028 -0.010406
-0.811026 -0.020273
0.840195 0.027939
0.806717 -0.004266
-0.839678 -0.029800
0.818489 -0.020682
-0.871567 0.009554
-0.822310 -0.010682
0.806557 0.058590
0.804341 0.033152
-0.878778 -0.006070
-0.849357 -0.031225
-0.821423 -0.010887
0.847833 0.001339
0.822484 0.061796
0.829436 0.014743
0.815803 0.024722
-0.858059 0.033664
-0.838235 0.001628
-0.840272 0.003043
-0.822739 0.003839
-0.839073 0.015190
0.856777 0.027579
-0.848610 0.030522
0.838111 -0.016432
-0.874930 -0.010505
-0.815549 -0.020826
-0.852082 0.022666
0.827477 0.023505
0.850786 -0.029451
0.816665 -0.020891
0.816689 -0.028643
0.804582 -0.040852
0.852768 -0.013644
-0.828130 -0.029515
-0.835387 -0.037758
0.822371 -0.006980
0.862365 0.000627
0.884725 -0.055384
0.850856 -0.046610
0.820942 -0.047166
0.854942 0.001796
-0.821114 -0.009584
-0.814900 0.058598
0.825931 -0.005571
-0.828904 0.007454
-0.825955 0.037934
-0.829541 -0.000673
0.835454 -0.030792
-0.789502 0.031354
-0.829356 0.026333
-0.792200 -0.032691
-0.812762 -0.024070
-0.819913 0.008630
0.840898 0.022216
-0.835666 -0.046445
0.844787 0.044752
-0.815225 -0.043605
0.858208 0.025756
-0.861191 -0.054777
0.849866 -0.005869
0.834680 0.016554
-0.816399 -0.036040
-0.837338 0.002478
-0.857992 -0.029171
0.835635 -0.041906
0.842254 -0.001900
0.853196 -0.044096
-0.838419 -0.012498
-0.829628 0.009852
0.868096 0.003916
-0.826040 0.018208
-0.843693 0.022143
0.831489 0.009535
0.841591 -0.033262
0.833946 -0.055565
-0.846509 0.017954
0.847114 -0.026502
-0.815938 0.006346
0.813250 -0.031623
-0.826840 0.080962
0.819646 -0.055020
-0.842687 -0.021519
0.830114 0.047016
-0.824873 0.030851
-0.849745 -0.018523
0.830886 -0.026896
0.853873 -0.023852
-0.826964 0.046211
-0.851430 0.048414
0.819066 0.000053
-0.802444 0.068141
0.820400 -0.051751
0.800242 -0.010469
-0.816192 0.043363
-0.847166 0.019406
0.835207 -0.040839
-0.809509 0.040937
-0.822953 0.038824
0.825753 0.070664
-0.824892 -0.054276
-0.841246 -0.023494
0.814513 0.012505
-0.841811 -0.020123
0.806039 0.056628
0.825059 0.056718
0.854512 0.040021
-0.841880 -0.040716
-0.845827 -0.028525
0.815714 0.025900
-0.816006 -0.061862
-0.838565 -0.032792
0.847994 0.043172
0.831873 -0.016542
-0.817325 -0.037583
-0.852337 0.010061
0.846306 0.024659
0.823207 0.001776
0.852447 0.002873
0.831171 0.006929
-0.852075 -0.005189
-0.868374 -0.009598
0.835588 -0.022214
