-0.954111 0.000532
0.959058 -0.000435
0.955455 -0.026643
-0.981561 0.017929
-0.981147 0.010095
0.982194 -0.032760
0.944066 -0.023054
0.958882 0.017889
-0.982867 -0.048482
-0.981696 0.058452
-0.970447 -0.043009
-0.965203 0.034993
-0.970613 0.007884
0.991403 -0.008188
0.952712 0.004809
-0.990055 0.009415
-0.961177 0.058584
-0.966231 -0.003807
0.996368 0.007012
0.961466 -0.054222
-0.961979 -0.029925
0.980369 -0.017676
0.953918 0.002892
0.939734 0.008320
0.981408 0.035245
0.961039 0.040178
0.961560 0.003258
-0.974087 -0.009713
0.977670 0.040349
0.955237 0.040824
-0.980463 -0.025525
-0.975126 0.027128
-0.963495 -0.019480
0.968624 -0.001486
-0.980080 0.004413
0.985479 0.040710
0.995264 -0.015821
0.980871 0.026598
-0.974843 0.049967
0.960024 -0.004643
0.958878 -0.018919
-0.974317 0.018329
-0.954573 -0.028304
-0.976734 -0.039929
0.967554 0.004111
0.972235 0.013310
0.966856 0.003749
-0.949861 0.025675
0.986624 -0.018226
-0.961822 0.021563
-0.955278 0.007731
-0.969980 -0.014955
-0.987212 0.014425
-0.962616 0.048258
0.924333 -0.022156
-0.990442 -0.029492
-0.961349 -0.023591
-1.010490 0.039119
-0.955427 -0.013660
0.940119 -0.037620
-0.991113 0.017696
0.965960 -0.031482
-0.989448 -0.041084
0.971438 0.015628
-0.972387 0.018773
0.970407 0.041670
-0.991532 -0.012878
0.954565 -0.035958
0.988357 0.008325
0.954085 -0.006696
-0.955028 -0.023745
1.002976 0.028575
-0.973899 -0.045909
1.007968 0.054980
0.951009 0.012879
-0.962112 0.002166
1.010741 0.041581
0.982800 0.076231
-0.955636 -0.052719
1.000151 -0.031445
-0.946732 -0.015975
0.976711 -0.011641
-0.992033 -0.025220
-0.945111 -0.045109
-0.990483 -0.021593
-0.961236 -0.034682
0.934399 -0.044606
-0.991128 -0.003499
0.971796 0.000673
0.943455 -0.041760
0.967980 0.018797
0.991396 0.045624
0.991850 0.020569
0.968062 -0.005538
-0.974219 0.032170
-0.918737 0.021119
-0.967444 0.002115
0.947091 0.039164
-0.947749 0.002311
-0.976543 -0.010187
0.966661 -0.003772
0.966256 -0.028132
-0.940896 0.030476
0.965979 0.048971
0.986107 0.065899
-0.977474 -0.001010
0.975367 0.071098
-0.960065 0.032358
-0.975781 -0.015291
0.978947 -0.000801
-0.976153 -0.021742
-0.993973 -0.007623
0.938016 -0.011198
0.959754 0.032148
0.972358 0.017284
0.975478 -0.039992
0.988578 0.039179
-0.981077 -0.020091
-0.973568 -0.017952
-0.980683 -0.001186
-0.969206 -0.045238
0.983544 0.059260
0.993733 0.051559
-0.965458 -0.052058
0.979518 0.034512
-0.973159 -0.063538
0.969975 0.036628
0.969150 -0.020547
-0.983922 -0.017490
0.964994 -0.007205
0.971305 0.009216
0.976198 0.049774
-0.980640 -0.001012
-0.968755 -0.019241
0.972718 0.008449
0.966509 0.003900
-0.962769 -0.021772
-0.955219 0.015815
-0.970022 -0.014013
0.975595 -0.000139
-0.953227 -0.006836
0.964668 0.003203
-0.981687 -0.000871
-0.948549 0.020432
-0.972564 0.039819
-0.954007 0.011760
0.932825 -0.055533
-0.976522 0.029672
1.003636 -0.011918
0.956978 -0.047020
-0.939464 0.088764
0.969054 0.044516
0.982194 0.065423
0.982046 -0.056595
0.972845 0.038688
0.953078 -0.061387
-0.982650 0.021348
-0.971725 0.071024
-0.967411 0.015882
0.968796 -0.070261
-0.963680 0.060394
0.976896 -0.006026
-0.996565 0.042283
0.953912 -0.048747
0.963021 0.008899
-0.994763 0.058916
0.964537 -0.009234
0.962411 0.020103
-0.981088 -0.010015
0.966951 0.024480
0.987726 0.043879
0.962748 0.044683
0.967510 0.005402
0.979611 0.065986
0.962307 0.017967
0.977658 -0.015335
0.966623 0.003902
0.973017 -0.033550
-0.972746 0.038201
0.973945 -0.012431
-1.001540 0.026712
-0.976685 -0.014113
0.945150 -0.076732
-1.002787 0.011719
0.965215 -0.053347
-0.950380 0.054199
-0.957981 0.006449
-0.974602 0.016924
0.956598 -0.033733
0.958343 -0.055096
-0.973583 0.043801
-0.941151 0.055930
0.961498 -0.051396
-0.963964 -0.012336
0.962790 -0.067196
-0.976096 0.065969
-0.967083 0.067014
0.975358 -0.077689
0.964659 -0.085209
-0.980144 -0.016058
-0.951447 -0.048342
0.990116 -0.060717
-0.935518 0.021469
0.964674 -0.091730
0.953764 -0.046967
0.984770 -0.071816
-0.980662 0.004043
-0.976964 0.023684
0.963896 -0.053068
0.989270 -0.017488
-0.972025 0.047044
0.944280 -0.058000
-0.975442 0.009519
-0.995646 0.015735
0.964200 -0.021168
0.956909 -0.009182
-0.932842 -0.047762
1.033807 0.027278
1.034806 0.014683
0.997065 -0.015866
0.990541 0.022967
-0.971103 -0.041158
-0.958699 -0.027624
-0.964756 0.052603
0.981045 0.006900
0.969570 -0.040788
0.966983 -0.018470
0.947289 0.031879
-0.993409 0.025178
-0.980049 -0.015910
0.971376 -0.044953
-0.960773 0.041251
-0.969182 0.053996
-0.956350 0.049244
-0.962712 0.009734
-0.962944 -0.018773
-0.945842 0.039240
0.972010 -0.022820
0.986758 -0.056570
0.948926 -0.059634
-0.975739 0.011144
0.950094 -0.003300
-0.971059 0.004808
0.984106 0.000053
0.979726 -0.006662
0.955224 -0.062231
0.960287 -0.040434
0.964655 0.032806
0.974271 0.040274
-0.986729 0.047119
-0.972854 -0.034349
0.957641 -0.030565
0.956482 -0.025196
-0.981938 0.020551
-0.961926 0.012818
0.970744 0.019037
0.964519 0.010407
0.963802 0.021035
0.952191 -0.003202
-0.969952 0.036788
-0.987862 -0.020855
-1.010570 -0.011341
0.936686 0.007010
0.933638 0.036055
-0.986387 -0.043821
-0.989259 -0.070212
-0.993034 -0.025363
-0.981326 -0.002038
-0.986514 -0.029528
0.976804 0.067819
0.953852 0.040058
-0.984747 0.029204
-0.973282 -0.027676
-0.972071 0.000398
0.985440 0.021428
0.948682 0.030931
-0.980104 -0.013167
0.981370 0.015534
0.956017 -0.032360
0.976058 0.021934
0.974121 -0.033228
-0.965833 -0.008622
0.951839 0.015628
0.970211 0.005749
-0.949304 -0.006631
0.961904 -0.013095
-0.999017 0.022003
0.968904 -0.015507
-0.961816 0.030291
0.957641 -0.023201
0.957984 -0.031715
-0.944953 0.014119
0.990095 -0.010378
0.964905 -0.077448
-0.954599 0.050188
0.980891 0.023440
-0.997756 -0.034055
-0.967410 0.076363
-0.954998 -0.003029
0.984375 -0.084384
0.952738 -0.023181
-0.963064 0.055081
0.956075 -0.011479
-0.977029 0.028057
0.971788 -0.081307
0.955980 0.007735
-0.981072 -0.004903
0.955317 -0.060662
-0.953362 0.013377
0.987352 -0.015717
0.961834 -0.023305
0.943556 0.011958
0.974915 0.032762
-1.002459 -0.049842
-0.992699 -0.012749
-0.971738 0.040651
-0.969182 -0.039997
-0.981370 -0.062622
0.981433 0.013386
0.938861 -0.056864
-0.958872 -0.005275
0.965936 -0.009716
-0.974498 0.005865
0.959064 0.041468
-0.992012 0.013209
0.990408 0.001780
0.953603 -0.055937
-0.968035 0.007850
-0.966621 0.037755
0.965551 -0.046101
-0.977712 0.001614
-0.983731 0.037246
-0.963585 0.032540
-0.955939 0.046328
0.978735 -0.013659
-0.942464 0.038221
-0.948822 0.045273
-0.947396 0.008734
-0.995179 0.017535
0.968711 -0.002276
-0.968992 0.026729
-1.002282 0.025024
0.981156 -0.048500
-0.975137 -0.029185
0.962696 0.048876
-0.964516 0.058240
-0.942875 -0.043443
-0.980890 0.052640
-0.990341 0.032838
0.975298 -0.058078
0.957462 -0.019263
1.004493 -0.008408
0.999461 -0.018603
-0.976974 -0.009320
0.932919 -0.052074
-0.950315 0.021960
-0.981361 0.015727
-0.999806 0.075619
0.943963 -0.029817
0.940121 -0.017024
0.982680 0.079159
-0.978293 -0.089828
-1.003419 -0.051652
0.939854 0.093671
0.977283 0.073676
0.977368 0.102364
-0.964215 -0.066385
-1.000419 0.005022
-0.977715 -0.023504
-0.971103 -0.027074
-0.990667 -0.031023
0.935854 0.059202
0.983807 0.027605
0.993605 0.047862
-0.972269 0.006817
0.958564 0.036954
0.979218 0.017893
-0.973462 -0.034790
0.973547 0.024559
-0.970193 -0.037760
0.935665 0.001155
0.970861 -0.000517
-0.949917 0.025148
-0.966702 0.049094
-0.975309 0.070933
0.956782 0.000631
0.962597 0.025633
0.981770 0.003322
-0.984769 -0.012415
0.923744 -0.072201
-0.955136 0.017233
0.946623 0.020999
0.981780 0.043865
0.991985 -0.043132
0.977856 0.081693
-0.948635 0.012601
-0.988826 0.001963
0.965316 -0.048024
-0.958261 -0.044939
-0.982773 0.007196
0.930167 -0.049890
0.980278 0.042196
0.977048 0.023868
0.989236 -0.007152
-0.969859 -0.014305
-1.009773 -0.012698
0.972064 -0.000246
-0.993507 -0.042310
0.996592 0.032922
-0.979433 -0.050907
0.965009 0.054952
0.989821 0.017423
-0.995309 -0.031719
-0.952338 -0.067704
-0.986906 -0.047721
0.973604 -0.032680
-0.965608 0.000492
0.945701 -0.012724
0.988752 0.020001
-0.948620 -0.040169
0.968554 -0.013842
-0.972568 -0.018002
-1.000313 -0.001900
0.954173 0.027414
0.981201 -0.039118
-0.956449 0.042288
0.950166 -0.002496
1.001521 0.037295
-0.956009 0.006533
-0.972832 0.009498
-0.965781 0.003051
-0.952630 0.040728
-0.974991 0.023346
-0.949290 0.019413
-0.961559 0.002074
-0.965291 0.010821
-0.994070 0.015927
0.970878 -0.045129
0.977472 -0.016823
-0.974778 -0.037860
0.958887 0.036452
0.982934 -0.053568
0.945827 0.064991
0.971589 -0.039067
-0.958287 0.011795
-0.996612 0.030339
-0.975280 0.008389
0.962329 -0.001282
0.982877 -0.041239
-0.954132 -0.025167
-0.982702 -0.022057
-0.983690 0.047176
0.986289 0.020346
-0.976294 0.004362
0.952685 -0.010148
0.965482 0.005384
0.956845 0.027164
0.966432 0.041927
-0.991019 -0.044166
-0.998689 -0.033195
0.973280 0.049359
0.986124 0.078801
-0.969356 -0.041207
-0.991419 0.027063
0.956177 0.005020
0.977019 0.022991
0.977283 0.009668
-0.948381 -0.027741
-0.993053 -0.017853
0.970565 0.007952
-0.973892 0.047683
0.951129 0.004949
0.983918 -0.020329
-0.972630 0.011064
-0.966031 0.000913
-0.978890 -0.004992
-0.955750 -0.000850
0.953828 -0.027422
-0.979661 0.033290
0.951947 -0.032273
-1.002513 0.016796
-0.967714 -0.041536
-0.981225 -0.022830
-0.955223 -0.021337
-0.957155 0.008786
0.978858 -0.011651
0.944273 -0.022830
0.969985 0.056341
-1.022426 -0.028088
0.954527 -0.056931
-0.986586 -0.044426
-0.943913 0.052869
-0.933391 0.009017
0.989826 -0.048566
0.970217 0.004073
-0.959714 0.035038
0.939636 -0.058824
0.972603 0.008893
-0.976269 -0.035000
0.969536 -0.063852
-0.965319 0.006430
0.969951 0.008953
0.976212 0.011499
0.941487 0.003542
0.956843 0.031312
-0.996739 -0.074900
0.967948 0.039627
-0.939106 -0.034437
0.975820 0.062558
0.984972 0.098600
0.954811 0.051179
0.972092 -0.004441
-0.980231 -0.012615
0.944877 -0.006338
-0.991555 -0.057812
-0.951113 -0.055650
-0.969491 -0.027075
1.003366 0.022102
-0.966487 0.009490
0.976558 0.049663
0.972512 -0.007020
0.962166 -0.014380
0.960078 0.004524
-0.965204 -0.046450
0.987792 0.011746
0.971521 -0.002373
0.963614 -0.003910
0.935250 -0.020516
-0.975121 0.018740
0.976770 -0.002437
0.950980 -0.017138
0.972077 -0.009546
-0.994548 0.010535
-0.966039 0.038814
-0.962498 0.052936
-0.970076 -0.029577
-0.969689 -0.067089
0.984369 -0.040180
0.968507 0.069465
0.935261 -0.066472
-0.973600 -0.012207
-0.995408 0.048254
-0.953098 -0.017160
1.001739 -0.007885
-0.977291 0.010299
0.990670 0.043439
0.992149 -0.002273
-0.955822 0.019541
0.979059 0.006291
0.982486 -0.006992
0.949140 0.001688
-0.989729 -0.033026
0.968070 0.055115
0.954562 0.078162
0.975614 0.036759
-0.986610 -0.033947
-0.987678 -0.048656
0.976126 0.063985
-0.978760 -0.031559
0.990145 -0.058913
-0.964285 0.017473
0.980210 0.010818
0.996377 -0.002697
-0.942792 -0.033006
0.979067 0.011438
0.980071 0.005946
0.959631 -0.031255
-0.966395 -0.013740
0.977153 -0.002354
0.957276 0.003652
-0.953883 0.001454
0.992812 0.035775
-0.964598 0.001022
0.951503 -0.019826
-0.969307 -0.007224
0.949819 -0.034699
0.980506 -0.012436
-0.977460 0.037756
-0.986088 0.049173
-0.973495 0.016051
-0.958997 0.025682
0.999646 -0.053468
0.946898 -0.023823
-1.003757 -0.031626
-0.978969 -0.059868
-0.969972 0.026693
0.988807 0.045892
0.943278 -0.037472
0.948903 -0.020069
0.970635 -0.033477
-0.945819 -0.025271
1.001940 -0.038737
0.962581 -0.076082
0.982239 0.019325
0.971473 -0.006381
0.946319 -0.031854
-0.980667 -0.006758
0.963005 -0.003290
-0.984326 0.000395
0.942759 0.025306
0.979167 0.007314
0.968325 0.060884
0.956221 0.026485
-0.984239 0.033243
-0.976541 -0.040594
-0.970396 -0.003113
0.976246 0.040459
0.958666 -0.010901
-0.998504 -0.003247
-0.956953 0.009943
-0.961134 -0.003178
0.970524 0.042370
0.983440 -0.024591
0.965762 0.000896
0.945580 -0.067003
-0.963711 -0.025227
0.976635 -0.043129
-0.967941 0.014657
-0.971876 0.030039
-0.971276 0.025250
-0.943616 0.032496
0.972674 -0.050865
-0.983355 0.013290
-0.938758 0.037939
0.969463 -0.012521
-0.942893 0.051854
0.983252 -0.018783
-0.982184 0.005409
-0.996808 0.018699
-0.970533 0.075973
0.945380 -0.053463
-0.968134 0.002408
0.993845 0.035343
0.972087 -0.064657
0.972190 0.025073
0.971601 -0.052982
0.959630 -0.019212
-0.991507 0.054038
0.983070 -0.024123
-0.958976 0.027022
-0.947715 0.076378
0.966351 0.032180
0.981856 0.018980
-0.959696 0.023200
-0.974347 0.004950
0.989744 -0.015582
0.977263 0.019510
0.992180 0.017605
-0.993931 -0.045031
-0.988328 -0.077348
-0.992282 -0.071653
-0.979057 -0.015219
-0.986385 -0.022697
-0.990738 -0.032569
0.972681 0.031955
-0.975362 -0.001400
-0.964448 -0.025763
-0.990900 -0.005549
0.976882 0.021840
0.955318 0.057407
-0.980772 0.001691
-0.976340 -0.032275
-0.993650 -0.006309
-0.979101 -0.019214
-0.981694 0.015271
0.950670 -0.016777
-0.959748 -0.000362
0.982901 0.017686
0.963620 0.002244
-0.958414 0.026390
-0.955632 0.008259
-0.970483 0.031505
0.974972 0.004627
0.966497 0.002053
-0.990979 -0.008718
-0.968767 -0.008426
0.980599 -0.023842
-0.956911 0.022208
-0.982285 0.027357
-0.961754 -0.046609
0.960034 0.062950
0.951860 -0.026908
0.979412 0.048918
-0.950621 0.030528
-0.979815 -0.036516
-0.962216 0.017805
0.970802 0.030884
-0.986170 -0.024105
-0.959566 0.013976
0.973683 0.069037
0.979061 0.031280
0.951407 -0.006414
0.966980 0.040550
-0.988586 -0.044405
-0.956194 -0.033129
-0.979442 -0.057166
0.983977 -0.001342
-0.969264 -0.029732
0.995485 -0.005275
-0.999177 -0.017323
0.984798 0.028585
-0.994566 -0.035627
-0.987745 -0.026504
0.970477 -0.027821
-0.972776 -0.000085
-0.962502 -0.004732
-0.982681 0.010530
-0.951879 -0.045158
-0.968458 0.015189
-0.970794 -0.016941
0.970488 -0.024944
0.971133 0.015048
-0.963922 0.012208
0.986721 -0.024060
-0.948025 -0.013580
-0.988665 -0.063020
0.983137 -0.012173
0.951082 -0.002142
-0.978397 -0.004562
0.947306 -0.029457
