0.967720 -0.020375
0.949916 0.020846
-0.970576 0.017161
-0.960482 -0.002305
0.961852 0.005422
0.966065 -0.021791
-0.935108 0.008065
0.945903 0.064166
-0.926148 -0.105284
-0.944056 -0.035516
-0.968101 -0.055089
0.951418 -0.041507
-0.955595 -0.003571
0.963802 -0.022912
0.944930 0.013324
-0.977883 -0.007544
0.960279 -0.059871
-0.955271 -0.036339
0.905211 0.009179
0.938426 0.021379
-0.940270 -0.040659
-0.956505 -0.059171
-0.949528 -0.058508
0.968033 0.040643
-0.930214 -0.012837
0.945384 0.016805
0.959640 -0.012924
0.937351 -0.012466
0.963629 0.036067
-0.936063 -0.049083
-0.941602 0.008401
0.959533 -0.015326
-0.955076 0.014255
-0.970423 -0.001179
0.968772 -0.021869
0.960543 0.078794
-0.946974 0.001489
-0.947813 -0.044898
0.953999 -0.057282
0.931822 0.043675
-0.964473 0.027413
-0.946183 0.047651
0.948836 0.018922
-0.941437 -0.074924
-0.965113 -0.015523
-0.970419 0.016566
0.948669 -0.017330
-0.945557 0.052853
-0.966579 0.015469
0.941637 0.048533
0.959261 -0.043140
0.931596 0.023067
-0.970990 0.011707
-0.958539 0.040399
-0.930085 -0.016335
-0.957912 -0.028420
-0.915601 -0.105406
0.951058 0.094025
-0.941352 -0.061327
0.967756 0.027838
-0.960661 -0.085473
0.960920 0.028233
-0.950428 -0.060053
-0.938140 -0.007621
-0.973292 -0.034184
0.927360 0.063975
-0.943054 -0.021135
0.945790 -0.015173
0.944504 0.030384
0.968078 0.037919
-0.918411 -0.075317
-0.921146 -0.057936
0.922064 -0.013732
0.911258 0.028817
-0.983026 -0.043888
0.940214 -0.032230
-0.960813 -0.040859
-0.956241 -0.038776
-0.940308 0.019669
0.964353 -0.001722
0.951709 -0.050979
0.955181 0.007325
-0.957992 -0.012705
0.950719 0.083631
-0.946215 -0.042314
0.951636 0.033206
-0.969836 -0.045865
0.941864 0.020425
-0.952061 0.038625
0.932579 -0.024351
-0.947031 0.024308
0.967204 0.080233
-0.954694 -0.006741
-0.950140 0.029589
-0.957205 0.004492
-0.938927 0.042574
0.965803 -0.042282
-0.931279 0.030537
-0.967779 0.065996
-0.954332 0.018010
0.967450 -0.061623
-0.942132 0.058005
0.930221 -0.067837
0.949021 0.013022
-0.940326 -0.037004
-0.959874 0.028672
-0.948671 -0.037249
0.964561 -0.077989
-0.965147 0.020682
0.955447 -0.019239
0.963271 -0.006535
-0.965452 -0.027234
0.942892 -0.083763
-0.944093 -0.031294
0.934016 -0.045229
0.942830 -0.021271
0.943921 -0.000986
-0.952546 0.026876
-0.942567 0.018971
-0.936834 -0.005749
0.926316 0.033258
0.927438 -0.013531
0.949657 0.013237
-0.926272 0.028269
-0.940048 -0.013030
-0.920599 0.007704
0.927493 0.007143
0.974143 -0.025204
-0.952333 0.040162
-0.981766 0.016302
0.969648 -0.024971
-0.950224 -0.023108
0.940387 -0.007868
-0.953564 0.007145
-0.959465 0.101561
-0.962913 0.021879
0.962827 -0.060454
-0.923819 0.051893
0.945688 -0.020690
-0.953109 -0.026516
0.964627 -0.012291
-0.956012 0.011585
0.941318 -0.037347
0.960783 -0.060627
-0.960184 0.047220
-0.977106 -0.003430
-0.956699 0.041341
0.947696 -0.036737
-0.991264 0.036131
0.963875 -0.021107
-0.916372 -0.006356
-0.943185 -0.026898
-0.925953 -0.028231
-0.932612 0.015476
0.944810 0.012962
-0.977108 0.118845
-0.940999 0.005211
-0.983095 0.045905
-0.971212 -0.000073
0.923983 0.008050
-0.961506 0.057342
-0.946311 -0.028240
-0.956396 0.043410
0.929573 -0.039385
0.934250 0.021152
-0.967946 0.012866
-0.912722 -0.028914
0.953790 0.008075
-0.935959 -0.000586
0.931058 0.054759
-0.971823 0.020689
-0.951969 -0.007525
-0.960452 -0.026320
0.920056 0.017310
0.943567 0.021993
0.957778 0.030568
-0.943466 0.012106
-0.978332 -0.006336
-0.971551 0.047301
0.947047 0.073224
0.944821 -0.019427
0.962280 -0.010947
0.945911 -0.046712
0.937811 -0.013095
-0.938884 0.012964
0.946514 -0.045489
-0.943168 0.002910
-0.936928 0.007147
0.985339 -0.019734
-0.987063 0.051256
-0.941742 0.054842
0.954163 -0.030039
0.974498 -0.012422
-0.955443 -0.017055
0.964594 -0.020296
-0.932472 -0.001767
-0.979539 0.028647
-0.977147 0.020001
-0.922203 0.012091
-0.932660 -0.010463
-0.919646 -0.032747
-0.956419 0.050013
-0.941876 -0.013056
0.950801 -0.038837
-0.940241 -0.000480
-0.957738 0.012807
-0.968124 -0.020712
0.918627 -0.028748
0.971825 -0.045495
-0.932636 -0.038739
0.927363 0.007611
0.951847 -0.031172
-0.953885 -0.011434
0.946004 0.016611
-0.967291 -0.024802
0.936198 0.039252
-0.945292 -0.042295
-0.955550 -0.057947
0.972754 0.036207
-0.927326 -0.001567
-0.954640 -0.039266
0.933198 0.053060
0.937382 0.024580
0.972976 0.041712
-0.950595 -0.016546
-0.967934 -0.021650
-0.972913 0.007087
-0.951803 -0.067114
-0.948048 0.001124
0.944538 0.016265
0.985829 -0.031208
-0.953593 0.023013
0.958173 0.002931
-0.956097 0.013800
-0.947914 -0.032239
0.957660 0.053279
-0.955391 -0.043426
-0.950018 0.024898
-0.956087 -0.016588
0.935531 -0.006579
-0.970533 0.042972
-0.946322 0.020587
-0.953677 0.042824
-0.940257 0.024691
-0.978727 0.031855
0.955235 -0.083990
0.913139 -0.043753
-0.950931 -0.039096
0.939780 0.056206
0.948371 -0.007175
0.956905 0.031234
-0.967622 0.054641
0.959967 0.018702
0.950386 -0.020360
0.975084 -0.006104
0.960571 -0.001977
-0.943915 0.085543
0.926773 0.005701
0.946496 -0.053971
-0.944743 0.056340
-0.954531 0.004520
-0.944584 0.020348
0.938889 0.008696
0.934714 0.002195
-0.928086 -0.060897
0.972522 0.055570
0.969274 0.023136
0.937429 -0.009861
-0.964386 -0.032881
0.936668 0.023926
-0.935097 -0.018851
0.959716 -0.014521
0.958416 0.025941
0.978049 0.003960
-0.948802 -0.003177
-0.952556 -0.039182
0.959837 -0.020323
-0.960621 -0.021407
-0.932941 0.050401
0.952433 -0.019284
0.946576 -0.023117
0.929145 -0.044115
0.949752 -0.000182
-0.957120 -0.054951
-0.956989 0.020675
-0.963542 0.021477
0.944553 0.006779
-0.944205 0.035622
-0.957776 0.021380
0.982334 0.009527
0.968010 -0.051431
0.924766 -0.004049
-0.969517 0.022927
-0.939457 0.044979
-0.950512 -0.006806
0.939338 0.044909
-0.923470 -0.093837
0.956658 -0.026483
-0.936576 -0.046145
-0.974623 0.047644
-0.946028 -0.066624
-0.953046 -0.011154
0.965780 0.044542
-0.952314 -0.035895
0.971012 -0.011838
0.940429 0.029367
0.935675 -0.015246
0.922344 -0.015826
0.953842 0.034498
-0.928442 -0.065182
0.953299 0.032810
-0.945085 -0.054753
0.931550 0.029232
0.935440 0.032161
0.931952 0.043943
-0.971423 0.013681
-0.941516 -0.040598
-0.948517 -0.039691
-0.924983 -0.028105
-0.963833 -0.011688
-0.965799 0.006896
-0.949822 -0.001615
0.955811 -0.030072
0.935278 0.043809
-0.941424 -0.017242
0.968195 0.035072
0.970645 -0.047825
-0.949317 0.019104
0.955726 -0.043649
0.921027 -0.041145
0.957655 -0.034327
0.945445 0.057384
-0.983338 -0.017246
-0.951972 0.018666
0.968407 -0.015329
0.924954 -0.063773
-0.960409 0.074172
-0.922051 0.061730
-0.971892 0.083980
-0.966301 0.024326
-0.999208 0.050837
-0.961174 0.067806
0.929230 -0.009452
-0.948063 -0.004132
-0.931990 -0.037692
-0.948868 0.027025
-0.943019 0.013289
0.940878 -0.083793
-0.975484 0.007636
-0.959234 0.042152
0.969260 -0.006887
-0.934546 0.022712
-0.952706 0.090680
-0.967237 -0.031982
-0.958222 0.025120
0.945213 -0.039902
0.948121 -0.012754
-0.940017 -0.003050
-0.933272 -0.010517
-0.942158 0.021188
0.933225 0.031875
0.912050 0.017023
-0.976835 0.003896
-0.943270 0.020349
-0.955329 0.006150
-0.944240 0.041772
0.946226 0.002650
-0.969460 -0.006034
-0.963003 0.044593
0.957975 -0.018866
0.943112 -0.054640
0.931108 0.045062
0.962435 -0.026564
0.972143 0.005346
0.985233 -0.071359
-0.943730 -0.003099
-0.962542 0.032147
0.937566 -0.055268
0.943922 0.022234
-0.964811 0.012010
-0.960047 0.006170
0.955583 -0.057265
-0.972257 0.058363
0.941711 -0.033387
0.945647 -0.075659
0.938697 -0.016772
0.959287 -0.055236
-0.941365 -0.005055
0.973401 -0.023092
0.933799 -0.067747
-0.931490 0.045191
0.948177 0.034020
-0.947788 -0.034667
-0.949503 0.006686
0.933495 0.032305
0.968836 -0.085141
0.978855 0.043664
-0.963087 0.028324
0.955372 0.036009
-0.975281 0.001205
0.960331 -0.049566
0.929754 0.009733
-0.940499 -0.017260
-0.955417 0.012861
0.941828 0.013109
-0.959424 -0.036948
0.952864 0.036461
0.945356 0.026382
-0.930570 -0.023561
0.952321 0.057597
-0.963468 -0.001577
-0.963229 0.061839
0.941249 0.023582
-0.923249 0.012721
-0.949005 -0.004146
-0.965854 0.013944
-0.952861 0.003286
0.967724 -0.004805
-0.957099 0.016410
0.963225 0.040293
0.944902 -0.011051
0.953948 0.032987
0.956351 -0.051920
0.927267 -0.009795
-0.951379 0.036940
-0.936159 0.024324
-0.945134 -0.013987
-0.937629 -0.012797
0.972930 -0.022549
0.972729 -0.032976
0.970006 -0.013414
0.947578 -0.035358
0.931357 -0.053396
-0.946291 -0.016443
1.001269 -0.032800
0.936255 -0.038675
0.949730 -0.006995
0.940999 -0.099746
-0.933863 -0.020470
0.985164 0.033048
0.912688 0.053006
0.946112 0.006094
0.926468 0.028009
0.943031 -0.036749
-0.979493 -0.048138
-0.958921 -0.013601
-0.951498 -0.038749
0.940193 -0.026215
-0.947558 0.024842
0.947027 0.021528
-0.963106 -0.001043
0.922385 -0.029829
0.920492 0.010586
-0.966065 -0.044051
-0.945238 -0.057923
-0.942094 -0.050061
-0.938249 -0.041372
-0.932223 -0.038796
-0.953076 -0.053239
0.961091 0.010882
0.959472 0.058998
-0.972464 -0.017604
-0.948208 -0.012752
0.939978 -0.052210
-0.977539 0.001296
-0.953150 -0.006863
0.955766 0.007095
0.937364 0.042201
0.935195 -0.007604
-0.937725 -0.025305
0.953062 -0.065618
-0.937493 -0.010226
0.953573 -0.027605
-0.947985 0.028519
-0.942502 -0.012094
-0.956930 -0.043937
-0.961524 0.000507
0.979604 0.022039
0.920387 0.000048
-0.943501 0.051772
-0.942585 0.023886
-0.950931 0.013397
-0.948094 0.026338
-0.951423 -0.006387
-0.957373 0.023508
-0.954932 0.040788
0.945447 -0.045066
-0.941700 -0.029572
0.899943 0.058951
0.986691 -0.010156
-0.941485 -0.044040
-0.981950 0.070790
0.983486 0.027523
-0.952232 -0.004244
-0.966856 -0.038731
-0.930106 -0.018035
-0.971713 0.040060
0.934784 0.019580
-0.952448 0.022774
-0.919796 0.054263
0.936874 -0.001391
0.956438 0.051695
-0.924399 -0.028294
-0.955312 -0.047041
0.962427 0.031829
0.954112 0.047645
0.975591 0.020664
0.954373 -0.019214
0.970033 0.033904
0.945677 0.027275
0.957362 0.007970
0.958193 -0.000892
0.953875 0.016328
0.995265 -0.004330
-0.965726 0.062784
0.956061 0.053345
-0.939808 0.050082
0.946323 0.024175
0.985495 -0.029554
-0.925914 0.035198
-0.957970 0.045122
0.941043 -0.020804
-0.947052 0.019676
-0.977090 -0.003645
0.979434 0.004552
0.973514 -0.000445
0.938304 -0.014751
0.956248 -0.045253
0.962453 -0.023296
0.952520 0.035706
0.963335 0.003220
0.936543 -0.014073
-0.990996 0.047676
0.929526 -0.056731
-0.931940 -0.010597
-0.933612 -0.090997
-0.930967 -0.082070
0.942435 -0.040433
-0.952063 -0.005643
0.970437 -0.053199
-0.959568 -0.051153
-0.991100 0.023041
0.972808 0.044259
-0.935205 -0.016036
-0.958372 -0.034050
-0.938030 -0.074548
0.937052 -0.015236
-0.949897 -0.035140
-0.957267 -0.057291
0.947642 0.036374
0.935491 0.101983
0.958076 0.083110
-0.953144 -0.008907
-0.938662 -0.005728
-0.951548 0.005968
-0.944590 0.026745
-0.966750 0.034149
0.942730 0.007825
-0.942504 0.042371
-0.971422 0.017679
-0.955657 0.037619
-0.970928 0.020915
-0.943334 0.021491
-0.940252 -0.045924
-0.948685 0.042792
0.964677 -0.024240
-0.950178 0.084040
-0.911790 0.026415
0.951292 -0.048522
0.928502 0.001899
0.934692 0.003991
0.947475 -0.001009
-0.979526 -0.000769
-0.959071 0.005122
-0.937002 0.011845
-0.940402 0.038026
-0.959937 0.027193
0.926502 0.034928
0.966753 -0.020409
-0.956123 0.010001
-0.972195 -0.014601
0.926175 -0.030699
0.923517 -0.021550
0.960057 0.031925
0.919833 0.083991
0.968594 -0.011593
-0.951079 -0.025928
0.948531 -0.036362
0.992519 0.024093
-0.959801 0.017459
-0.976666 -0.032200
0.939218 0.031420
0.947507 -0.028002
0.935986 0.033053
0.943866 -0.001616
0.930678 -0.025547
0.952499 0.007378
0.980673 0.018727
-0.917114 -0.048882
-0.941947 -0.032964
-0.923609 -0.057646
-0.930081 -0.022177
0.970816 0.057989
-0.931965 0.020095
-0.983513 -0.028963
0.933380 0.057428
-0.946270 -0.018597
0.946811 0.050002
-0.966455 0.020210
0.960952 0.001617
-0.962528 -0.028922
0.940567 0.070101
0.947820 0.007224
0.953455 0.043897
0.959891 -0.066953
-0.935882 0.013367
0.935168 0.007315
0.934405 -0.013544
-0.944865 -0.044027
0.941654 0.039715
-0.963506 0.007624
0.950638 -0.007941
-0.937712 0.024875
0.933884 -0.016513
0.945645 -0.045568
0.969932 0.013621
-0.957783 0.047735
0.927570 -0.026914
0.998334 -0.005922
-0.943697 0.033860
0.935346 -0.008775
0.951729 0.042334
-0.925222 -0.083298
0.947019 -0.006294
-0.939205 -0.019693
-0.975639 0.050621
0.935914 0.062183
0.990701 -0.006977
-0.946117 -0.038751
-0.976669 0.010563
0.930305 -0.049968
0.964096 0.004308
-0.944870 0.020438
-0.917443 0.004491
-0.972896 -0.006020
0.959005 0.012436
-0.900462 -0.006312
-0.946325 -0.040121
-0.890750 -0.048912
-0.936054 -0.034235
0.971658 0.013974
0.951752 -0.036873
0.958723 0.013050
-0.941397 -0.030685
-0.943038 -0.047572
-0.970502 0.015147
0.971775 -0.001087
-0.959291 -0.001696
0.951760 -0.010543
-0.928459 -0.036587
-0.955994 0.003448
-0.973236 -0.021129
0.987031 -0.057467
-0.890107 -0.043865
-0.952193 0.035767
0.941854 -0.002113
0.952571 -0.030461
0.975232 0.064959
-0.981705 -0.004558
0.938838 -0.043499
0.954350 0.004047
0.971094 0.013534
-0.952001 0.021410
0.950840 0.013136
0.983644 -0.042347
-0.939130 0.016099
-0.980660 0.036479
0.969405 -0.061281
0.946726 -0.036781
0.947084 0.037194
0.927245 0.053183
-0.969939 0.021066
0.951948 0.037350
-0.965050 0.068923
-0.962622 -0.031198
-0.970735 0.030763
0.964126 0.013516
0.952295 0.005711
-0.948665 0.022312
-0.946956 -0.050301
0.932569 -0.022525
-0.938925 0.000549
-0.955296 -0.008701
-0.939173 -0.014378
0.938439 0.027002
-0.944712 -0.034111
0.962402 0.030029
-0.939911 -0.034825
0.957911 0.023314
0.944612 -0.010038
-0.955743 -0.033928
-0.925114 -0.005654
0.938825 0.038067
0.964735 0.032087
0.972856 -0.010155
0.972091 0.030401
0.942693 0.021737
0.948338 0.065583
0.940890 0.024113
0.947995 0.034359
0.979412 -0.022337
0.953971 0.022725
-0.950418 0.048493
0.930330 -0.012245
0.946826 -0.002095
0.947516 0.025933
-0.971865 -0.009182
-0.960021 0.030606
-0.950463 0.034316
-0.943429 0.050822
