-0.842542 0.010342
0.877937 0.016171
-0.855340 0.009924
-0.863089 -0.008804
0.837386 0.010169
-0.856500 -0.005765
0.842146 0.001161
0.861894 0.015315
0.871934 0.031998
0.851990 0.001413
-0.893126 -0.017432
-0.863413 -0.000215
-0.868658 -0.005281
0.844483 0.001952
0.869526 0.017572
-0.841314 -0.000717
-0.867964 0.001273
-0.874123 -0.018557
0.881216 0.010098
-0.834045 -0.011633
-0.826070 -0.017024
0.860994 0.010490
-0.823705 -0.001738
-0.849554 -0.018596
-0.840679 -0.003807
0.866853 0.011623
0.879431 0.001605
0.853332 -0.029651
0.877494 0.011985
-0.850459 -0.020774
-0.864406 -0.006376
-0.859412 0.026984
-0.865326 -0.015399
-0.853525 -0.020604
0.846518 0.000355
0.866115 0.044808
-0.857387 -0.019209
-0.851647 -0.015918
0.857328 0.000509
-0.864555 -0.007733
0.850199 -0.013174
0.865184 0.007118
-0.859479 -0.028332
-0.860957 -0.015011
0.857292 0.005972
0.854716 0.011332
0.838565 0.001720
-0.852825 0.000178
0.850853 0.009337
0.860940 0.009218
0.844567 -0.005097
-0.861673 -0.020490
0.842028 0.010461
0.848515 -0.002167
0.831673 0.002162
-0.853596 -0.031188
0.876005 0.042452
0.835832 -0.011939
0.875274 0.039385
-0.868634 -0.016484
0.871645 0.003883
0.845730 0.006000
-0.869895 -0.017437
0.841249 0.004832
-0.870337 -0.018110
0.868298 0.028150
-0.871641 -0.012203
-0.842134 -0.012894
-0.835842 -0.022687
0.876866 0.010976
-0.831544 -0.015057
-0.846042 -0.016912
0.884182 0.001960
-0.849875 -0.007759
0.863375 0.014357
0.852851 -0.019739
0.840547 0.004476
0.854196 0.014160
0.871832 -0.002800
-0.864222 0.001616
-0.861034 0.000856
0.875085 0.013445
0.847804 -0.012075
0.857183 0.030106
-0.863623 -0.016270
0.858580 0.015758
0.836451 -0.024047
-0.846067 0.004627
-0.855950 0.001284
0.862459 -0.009285
-0.865467 -0.017499
-0.841824 0.000740
-0.861030 -0.029060
0.850762 0.008148
-0.832942 -0.004364
0.846211 -0.005388
0.839359 -0.000826
-0.862578 0.003741
-0.849935 0.002054
-0.861983 -0.006567
0.857397 0.007160
-0.827342 0.016886
0.841636 -0.014226
-0.865286 -0.024151
0.856493 0.019769
0.853941 0.003627
0.879976 0.027385
0.853749 0.017514
-0.884549 0.008558
-0.856637 -0.009322
-0.870455 -0.000039
-0.846546 0.005392
-0.823391 0.026697
0.869081 0.013197
0.889281 0.001619
0.866710 0.016338
-0.862153 -0.014852
0.848614 -0.002888
-0.827879 -0.002649
-0.875083 -0.010313
-0.833039 -0.008096
-0.859990 -0.024204
0.877083 -0.009225
0.881521 -0.014636
0.871371 0.013383
0.826389 0.007954
-0.880384 -0.015206
-0.859356 0.009375
-0.864021 -0.012576
0.868802 0.005126
0.852007 0.008045
0.877172 0.027704
-0.867106 -0.004839
0.837322 0.002373
-0.848796 -0.005175
0.830871 -0.003897
0.855110 -0.011915
-0.859010 0.013838
0.846209 -0.007691
0.833071 0.001536
-0.856658 0.006111
-0.850775 0.003587
-0.841079 -0.011442
0.863757 -0.000246
-0.860599 -0.001673
-0.877259 -0.021333
0.858041 0.028170
-0.869412 -0.011920
-0.857203 -0.010412
-0.832318 -0.001239
-0.844548 -0.000665
-0.834629 -0.018983
0.850046 0.029835
-0.865699 -0.027672
0.898571 0.038874
0.854570 0.007215
-0.899439 -0.017700
-0.826621 -0.008819
0.872647 0.026297
-0.861117 0.000098
-0.842229 0.001774
0.870227 0.023216
-0.881423 -0.018299
0.839681 0.009962
-0.845086 -0.018456
-0.864986 -0.019647
0.834572 0.016826
0.858810 0.006229
0.870073 0.002795
-0.859259 -0.023180
0.873998 -0.017448
0.862892 0.002247
-0.852189 -0.016822
-0.840018 -0.014725
0.874021 0.021138
-0.852173 -0.005582
0.862830 0.004198
0.864305 -0.003017
0.845279 -0.006938
0.871301 0.011845
0.862855 0.007743
-0.859612 -0.016632
-0.852412 0.017866
0.875568 0.029691
0.822199 -0.007168
-0.872396 -0.013871
0.844995 0.003888
0.829031 -0.002268
0.859927 -0.006291
0.835398 0.011996
-0.851631 -0.023301
0.848726 0.002328
-0.842154 -0.000704
0.893640 0.018215
0.845343 -0.003217
-0.863207 -0.000761
0.867420 0.006371
0.836623 -0.004540
0.851524 -0.013045
-0.860047 -0.017864
-0.846065 -0.010810
0.838609 0.001946
-0.892623 -0.016750
0.870295 -0.006634
0.866798 -0.016787
0.835953 -0.005962
0.884533 0.003076
0.852579 -0.023682
0.836392 -0.022459
-0.865591 0.007387
-0.856423 -0.010314
-0.830174 0.006310
0.860999 0.002034
0.863390 -0.011701
-0.833946 -0.003789
0.908304 0.007802
0.851230 0.031893
-0.870786 -0.025799
0.860687 0.018960
-0.866889 -0.012784
0.838620 0.018496
0.844248 0.015701
0.848426 0.007500
-0.846831 0.001406
0.860530 0.007259
0.870550 0.008555
0.829644 0.015144
-0.868694 -0.024851
0.857932 0.012828
-0.864423 -0.017307
0.864202 0.016011
0.865645 -0.000210
0.822302 -0.011231
0.860615 -0.003421
0.856571 0.004496
0.850370 0.012074
-0.859263 -0.005595
0.870641 0.012225
0.839345 0.003184
0.842640 -0.014958
-0.855164 -0.002581
0.865026 0.013514
-0.852468 0.002357
-0.865109 -0.016081
0.853534 0.002431
0.833265 -0.006623
-0.841723 0.002631
0.864870 0.020939
-0.888050 -0.024422
-0.826956 -0.001868
0.879671 0.026222
-0.878214 0.008475
-0.871566 0.000842
0.841236 -0.013594
0.857295 0.007857
-0.869041 0.005860
0.874346 -0.010953
0.869165 0.010442
-0.869630 0.011406
0.836869 -0.023198
-0.864038 -0.006915
0.856064 -0.014303
-0.834716 -0.002457
-0.857066 -0.013437
0.864477 0.044144
-0.858949 -0.023840
0.882273 0.020639
-0.844687 -0.013609
0.844410 0.032811
-0.861696 -0.015305
-0.866707 -0.023994
-0.837068 -0.002264
0.857494 0.027213
-0.873491 -0.015381
0.865154 -0.000227
-0.880414 -0.037608
0.860483 0.013641
-0.865204 -0.023536
0.843469 -0.001019
-0.861373 -0.012051
-0.847492 -0.014487
0.874058 0.007936
0.844496 0.014668
0.830001 0.002382
0.876425 0.016828
0.842715 -0.000372
0.836446 0.011193
0.831732 -0.008897
0.844217 0.006289
-0.862552 -0.008901
-0.871204 0.019718
-0.873991 -0.011499
-0.848070 -0.001614
-0.847699 0.001461
-0.819415 0.014671
0.846889 0.021686
0.879298 0.014100
0.828614 -0.005852
0.897281 0.018785
-0.839935 0.014573
0.853328 -0.005257
0.838041 -0.004963
-0.880960 0.011739
-0.885613 0.018744
-0.844107 0.014619
-0.848482 0.012138
-0.858307 -0.000322
-0.824448 0.018853
0.842591 0.005050
0.876602 0.000432
-0.828874 0.009318
-0.870849 0.001430
-0.853171 -0.025447
-0.838595 -0.001083
-0.853004 -0.013362
0.883162 0.018362
-0.855292 -0.011342
0.874914 0.029735
-0.863458 -0.000909
0.836594 0.000423
-0.838641 -0.015749
-0.880331 0.005936
0.845790 -0.001423
0.891164 0.033623
-0.859154 -0.007842
0.856831 0.021048
0.832106 -0.023414
0.834601 0.007126
-0.831660 0.003672
-0.875449 -0.001904
-0.868380 -0.017504
0.844069 0.023224
-0.847333 -0.014484
0.849277 0.013973
0.848247 -0.006191
0.853723 -0.006141
-0.870180 -0.011583
-0.871111 0.008724
-0.846474 0.006735
0.875775 0.026340
-0.853624 -0.016232
0.819364 0.012606
-0.848114 0.007310
-0.848475 -0.014085
0.859821 0.014347
0.850437 0.002559
-0.889557 -0.032801
0.856659 -0.010360
0.890799 -0.014654
0.844364 0.003506
0.849170 -0.014695
0.869256 0.007638
-0.847849 0.008150
0.868738 0.020712
-0.864198 -0.026936
-0.851772 -0.011639
0.846236 0.026126
-0.852368 -0.009346
0.835590 0.015942
0.885736 0.002068
-0.827451 -0.014024
-0.818306 -0.019924
0.879355 0.004601
0.878407 0.023122
-0.846988 -0.026033
0.867058 0.008826
0.864646 0.038977
-0.859739 -0.025239
0.884921 0.033019
0.879882 0.010502
0.855052 0.022407
-0.871835 -0.044699
0.854518 0.011010
0.865675 0.035536
-0.864713 -0.012742
0.864572 0.022718
-0.818569 -0.019182
0.865237 0.022086
0.856164 0.022972
-0.878155 -0.013523
-0.852509 0.001604
-0.848925 -0.006792
-0.820780 0.010726
-0.857392 0.000376
0.846567 0.002396
0.854037 -0.006234
-0.845323 0.012886
-0.884066 -0.019855
0.860364 0.012955
-0.855700 -0.004154
-0.831142 -0.002058
-0.862576 -0.020304
0.873908 0.009054
0.865572 -0.004023
0.889541 0.020306
0.840728 -0.025007
0.867895 0.003616
-0.851141 -0.010123
0.865513 0.011231
-0.858970 0.009057
0.827350 -0.003266
-0.854440 -0.010136
-0.874378 0.001760
0.852628 -0.008731
0.825163 0.003128
-0.882554 -0.003879
-0.855224 0.009759
-0.872701 -0.019090
-0.861860 -0.031343
-0.840648 -0.012921
-0.879246 -0.024838
0.853781 0.008280
-0.839570 -0.036301
0.851400 0.017697
0.843416 0.019329
-0.857567 -0.003851
-0.872395 -0.013139
0.866592 0.021762
0.863762 0.018815
0.863844 0.025347
0.856653 -0.002116
0.850570 0.023760
0.831156 -0.005456
0.870569 0.007767
0.842565 0.005778
0.851784 -0.005348
-0.853441 -0.007102
-0.873518 -0.019855
0.860139 0.016140
-0.854483 -0.000572
-0.842750 -0.008500
0.848361 -0.017957
-0.859745 -0.012748
0.873774 0.001525
0.840591 0.003139
0.873469 0.006207
-0.860909 -0.007049
-0.829012 0.000737
-0.859540 0.006013
0.866030 0.021558
-0.858866 -0.003579
0.843449 0.010457
-0.890068 -0.035067
0.867976 -0.000055
0.908640 0.018919
-0.825910 0.009351
-0.843305 -0.003099
0.858408 0.001621
-0.840045 0.023969
-0.864096 -0.004490
-0.862834 0.014036
-0.843884 0.028962
-0.849643 -0.010266
0.870436 0.002438
0.830403 0.005152
0.872757 0.003301
0.879315 0.018406
-0.863460 -0.052183
-0.866195 -0.044611
0.868265 0.012420
-0.864914 -0.035966
-0.855892 -0.045213
0.870951 0.021505
0.859612 -0.000653
-0.858362 -0.034199
0.884705 0.027089
-0.856367 -0.009892
-0.874504 -0.053150
-0.852967 -0.022408
0.853330 0.039150
-0.851899 -0.002431
-0.867460 -0.026018
0.830560 0.002453
0.860569 0.010446
0.875480 0.011830
-0.840266 -0.012704
-0.848167 -0.006571
0.847612 0.002353
-0.836778 -0.007482
0.861137 -0.004405
-0.858907 0.010065
-0.850598 -0.007215
0.821135 0.005355
-0.866512 -0.013095
0.862933 -0.001636
0.847773 -0.013279
-0.858562 -0.005267
-0.863804 -0.020073
-0.864991 -0.013215
0.847581 -0.000174
-0.897302 -0.027004
-0.836501 0.005925
0.882886 -0.004540
0.842962 0.002018
0.861773 0.003307
0.838868 -0.013637
-0.862437 -0.002798
0.861553 0.016030
0.855522 -0.012837
-0.838082 -0.011072
0.837094 0.014891
-0.890091 -0.016175
0.836291 0.011084
0.831623 0.001789
0.852950 0.011213
-0.893214 0.002060
-0.855397 -0.001422
0.836255 -0.002170
-0.870766 -0.010621
0.835505 0.002724
-0.851675 -0.004743
0.878444 -0.023380
0.844350 -0.001697
-0.882071 -0.000999
-0.857783 -0.001332
-0.883298 -0.016469
-0.838291 0.004792
0.873908 0.013699
0.856462 -0.018751
0.862201 -0.012400
0.841226 -0.013385
0.852901 -0.007295
-0.868627 -0.004798
0.857384 0.011092
0.837545 -0.006564
0.867635 -0.001866
0.832093 -0.006697
0.836985 -0.012841
0.862530 0.011664
-0.884024 -0.025033
0.849989 0.006917
-0.868979 -0.024878
0.865740 0.026584
0.849792 0.015679
-0.849292 -0.004309
0.856306 0.025076
0.857899 0.026174
-0.872858 -0.009441
-0.876434 -0.018285
-0.857122 -0.005546
0.914518 0.008360
-0.850382 -0.005905
0.881936 0.017399
-0.860566 -0.000793
0.852478 -0.010303
-0.871909 -0.022150
0.879619 0.014361
0.837271 0.008669
-0.857965 -0.021217
0.865746 0.019525
0.822564 0.017706
0.827341 0.028181
0.862863 0.035085
-0.835009 -0.030636
-0.865254 -0.026805
0.854974 0.024952
-0.850667 -0.036462
-0.841012 -0.049750
0.863360 0.023705
0.863156 0.017742
-0.884440 -0.030100
-0.868023 -0.033494
-0.829636 -0.018390
0.872211 0.045521
-0.855639 -0.021545
-0.837787 -0.026672
0.882260 0.011528
0.870797 0.013526
0.834503 0.004279
0.838827 0.006325
-0.884553 -0.026558
-0.842646 -0.014240
-0.850897 -0.006287
0.863877 0.020425
-0.834962 -0.021266
0.858198 0.001150
-0.838239 -0.008213
0.889981 0.038994
0.843712 -0.001314
0.840743 0.006537
0.852980 0.016273
-0.850857 -0.017344
-0.818457 -0.011159
0.842932 0.025687
0.864214 0.027072
0.822452 0.028430
0.872950 0.031647
-0.877157 -0.031274
-0.882617 -0.025104
-0.834687 -0.015029
0.865229 0.008314
0.847499 0.011489
-0.877695 -0.009823
-0.866414 -0.038829
0.880278 0.000678
0.819982 -0.004983
-0.862953 -0.033009
-0.875492 -0.018734
0.844075 0.009163
0.859635 0.023513
-0.878014 -0.023707
-0.852200 -0.037155
0.866716 0.020522
-0.836053 -0.013073
-0.847176 -0.030200
-0.838906 -0.035725
0.877530 0.040583
0.862645 0.008373
-0.856070 -0.024378
0.871952 0.022097
0.851831 0.016023
0.896210 0.064106
0.859341 0.018873
0.855075 0.034197
-0.858904 -0.018729
0.848924 0.012351
0.850692 0.014317
0.842532 0.016938
-0.886355 -0.039385
0.848073 0.030440
0.856583 0.013221
0.836789 0.027061
-0.835565 -0.025035
-0.857786 -0.013317
-0.863475 -0.002752
-0.876884 -0.020564
-0.833628 0.021215
0.872497 -0.000994
-0.853052 -0.011489
0.819884 -0.004129
-0.837805 0.000984
0.852279 0.029321
0.866713 0.030262
-0.844469 -0.002236
0.867340 0.004196
-0.852422 0.013636
0.867286 0.007368
0.829953 -0.015090
-0.879660 0.002689
0.867041 -0.013024
-0.846265 0.033134
0.869828 0.010135
0.881872 0.006996
0.838298 -0.001736
-0.870208 -0.016373
-0.869419 0.010756
-0.849893 -0.005383
-0.880271 -0.008900
0.864213 0.045135
0.846813 0.038412
-0.888557 -0.012963
0.846430 -0.009298
-0.864495 -0.015189
-0.870409 -0.037746
-0.875489 -0.023415
0.879418 0.007599
-0.857945 -0.010870
0.876156 0.007859
0.851208 0.029854
0.871689 0.038429
-0.849210 -0.019295
-0.872007 -0.026046
0.847534 0.012922
-0.848808 -0.020568
-0.852883 -0.032836
0.862689 0.019938
-0.864223 -0.029173
0.862377 0.010208
0.860781 0.020645
0.858888 0.013127
-0.845962 -0.010771
-0.839660 0.010615
0.842227 0.002499
0.849317 0.013008
0.860288 -0.002190
0.861232 0.009834
0.873038 0.013103
-0.828521 0.000797
0.867466 0.002280
-0.845317 -0.011345
0.882137 0.031344
0.850361 0.012009
0.902702 0.039452
-0.836413 -0.003057
-0.875419 -0.011573
-0.832828 0.002639
-0.872891 -0.007781
-0.861500 0.014462
0.847047 0.004057
0.881199 0.026393
-0.870359 0.013065
-0.809941 0.034334
-0.865350 -0.002678
0.860736 0.007692
0.831310 0.015096
0.858925 0.017854
0.838329 -0.005062
0.856323 0.021645
0.864741 0.016167
0.876633 0.003436
-0.848495 -0.004654
-0.830797 -0.024548
-0.878772 -0.018050
-0.836621 0.013914
-0.866398 -0.014993
0.869992 0.019723
0.838041 0.003752
0.876655 0.041619
0.880673 0.010174
-0.848561 -0.021693
0.841954 -0.005320
0.866942 0.003675
-0.818302 0.011145
-0.871746 -0.000743
-0.861719 -0.001564
-0.874113 -0.013671
0.857816 -0.005004
-0.858614 -0.005497
0.818108 0.001796
-0.849876 -0.002668
