0.863041 -0.011532
-0.850820 -0.008046
0.843933 -0.004259
0.874007 -0.005415
0.858012 -0.027370
-0.861162 0.007120
-0.846821 0.009583
-0.868830 -0.019968
-0.851817 -0.013591
-0.837225 0.005389
-0.905691 -0.020731
0.869706 -0.017050
-0.849508 0.010125
-0.847035 0.003486
0.867182 0.012217
0.897670 -0.007218
-0.848011 0.014079
0.872445 0.020481
-0.836310 0.016003
0.871585 -0.002616
-0.856517 -0.000134
0.870221 0.009405
0.878666 -0.003504
-0.853058 0.012573
0.871835 0.016003
-0.874547 -0.032662
-0.873810 -0.011928
0.840124 -0.026309
0.862036 0.017850
0.859694 0.008584
0.848874 0.008527
-0.869894 -0.003327
-0.873921 -0.005495
0.860565 -0.003823
-0.858497 -0.032348
-0.873339 -0.040819
0.843842 -0.000435
-0.864618 -0.036862
-0.858244 -0.003018
-0.827986 -0.003504
0.841080 -0.030488
0.852891 -0.005925
-0.879312 -0.012440
0.880142 0.004064
0.855485 -0.006359
0.841496 -0.014837
0.863095 0.001190
-0.845114 -0.011583
0.866049 -0.011075
-0.835688 0.027781
0.859577 -0.014981
-0.836927 0.046779
0.866743 -0.022868
0.838512 -0.011244
-0.862323 0.048843
-0.866991 0.018027
0.848876 0.001223
-0.866857 0.039011
-0.869376 0.014388
-0.840266 0.039461
0.859169 -0.005821
0.848152 -0.007065
0.856094 0.003850
0.885277 0.003796
0.850352 -0.009006
0.849729 0.012941
0.838078 -0.009677
-0.837729 0.025849
-0.866611 0.013224
0.879613 -0.007647
-0.853441 0.029057
0.871218 -0.003476
0.883184 -0.016001
-0.858100 0.009466
0.860398 -0.005475
0.836248 -0.026441
0.863426 0.008732
0.904418 0.028723
0.859310 -0.000153
0.852722 0.015362
0.858014 -0.016937
-0.861287 0.044530
0.845720 -0.005430
-0.851145 0.005179
0.854802 -0.007250
0.859747 0.003969
-0.851000 0.036010
-0.845020 0.045803
0.851773 -0.036393
-0.840597 0.041085
0.874726 0.009032
0.855878 -0.010401
0.858143 -0.007332
-0.840067 0.036750
0.865570 -0.011796
0.860582 0.000333
0.847509 -0.009595
0.855242 0.013952
0.859498 0.014359
-0.859241 -0.013493
-0.863329 -0.011821
-0.849123 0.010394
-0.845224 0.026490
0.886823 0.016806
-0.880706 -0.035984
-0.845065 -0.016872
0.892623 0.020784
0.853853 -0.010367
0.873039 -0.009093
-0.849482 -0.008659
-0.850834 -0.031485
-0.885875 -0.028156
0.846205 -0.020816
-0.855011 -0.022883
-0.847099 -0.013243
-0.870922 0.006388
-0.841343 -0.031801
-0.874685 -0.019348
-0.849264 -0.030366
-0.855001 -0.012812
-0.886502 -0.041039
-0.858152 -0.059109
-0.847813 -0.038073
0.841107 -0.010018
-0.860233 -0.037930
-0.899845 -0.041474
0.853040 0.029189
0.847715 0.022635
-0.851904 -0.010889
0.863154 -0.002178
-0.879120 -0.039279
-0.854027 -0.051474
0.863935 0.021567
0.857234 0.036601
-0.850989 -0.020964
-0.854141 -0.036963
-0.856872 -0.002290
-0.866151 -0.025075
-0.872784 -0.006004
0.869450 -0.016794
-0.862945 -0.002395
0.842345 0.008407
-0.857216 -0.029485
-0.845290 -0.030583
0.846284 -0.008693
-0.851101 0.003758
0.878691 -0.002906
-0.867346 0.010720
-0.846548 0.024222
-0.820915 0.025846
-0.862210 0.027467
-0.856262 -0.010568
0.843085 -0.011373
0.850884 -0.023542
0.887205 0.003466
-0.861086 0.027749
-0.883035 0.011479
-0.864698 0.025318
-0.829274 0.009761
0.895745 0.010592
0.834641 -0.016629
-0.855132 0.007134
-0.849109 0.013578
0.835581 -0.018439
0.867017 -0.003118
-0.874240 0.014404
-0.843142 0.024557
-0.851219 0.022067
0.875069 -0.003853
0.876664 0.018800
0.855762 -0.003772
0.831157 -0.017283
-0.860388 -0.035187
-0.878129 -0.020382
0.862039 0.022234
-0.842588 -0.007281
0.854187 0.005070
-0.867766 -0.019799
0.863528 -0.003293
0.875282 0.024959
0.851621 0.008436
-0.882472 -0.018563
-0.856263 0.024257
-0.826604 0.021616
0.861267 -0.015783
0.860375 -0.020533
-0.876696 0.005003
-0.872500 0.012547
0.864859 -0.009613
0.860095 -0.003130
0.839416 -0.017244
-0.850869 0.002321
0.865641 -0.016159
0.827778 -0.008866
-0.849724 0.005677
0.860029 -0.003879
-0.885258 0.008377
-0.815238 0.032061
0.827375 -0.040283
-0.859496 -0.013062
0.859873 0.014919
-0.864102 0.029080
-0.867329 -0.004491
0.863690 -0.007702
-0.871237 0.001236
0.869995 -0.026218
0.838460 0.002110
-0.900383 0.015336
-0.853093 0.049216
-0.845272 0.025293
-0.832837 0.028958
0.837900 -0.015138
-0.862435 0.021635
-0.841728 0.023224
0.868914 0.014790
-0.850940 0.024465
0.863425 -0.019120
0.811012 0.012736
-0.881392 -0.028294
0.832666 -0.009682
-0.870098 -0.030338
-0.899693 -0.011847
-0.863502 -0.002950
-0.834546 -0.018014
0.862538 0.010990
-0.875474 -0.008163
0.859966 -0.008756
0.841214 0.034934
-0.857636 -0.003085
-0.848773 -0.017549
0.872002 -0.000828
-0.856950 0.003541
-0.843108 0.023084
0.886005 -0.002754
-0.863736 -0.006777
0.891086 0.011066
-0.857299 -0.005160
0.860651 -0.017875
0.851293 0.000589
-0.851829 -0.002283
0.868604 0.002689
0.854550 0.019047
-0.863017 -0.006066
0.865443 -0.007898
0.877075 -0.003812
-0.844004 0.021488
0.882014 -0.030718
0.864634 -0.002636
0.847596 -0.012508
0.844978 -0.004342
-0.882623 0.018479
-0.827111 0.035978
0.915317 0.017912
0.847744 0.007089
-0.848446 0.005945
-0.840019 0.023041
0.884501 -0.002285
0.850692 0.011036
-0.837013 0.015977
0.855026 -0.003928
-0.864238 -0.002567
0.887057 -0.011528
0.862266 -0.016260
0.856565 -0.023078
0.831905 0.033249
-0.908815 -0.009141
-0.896716 0.026025
-0.849941 0.040114
0.857046 0.020942
0.849915 -0.016010
0.860518 -0.016306
0.856669 -0.003157
0.835961 0.005286
-0.874398 0.010519
-0.843102 0.016840
0.876913 0.043182
0.852520 -0.011366
0.861592 0.004751
0.843009 -0.013445
-0.834223 -0.002456
0.855221 -0.015704
0.860163 0.001626
-0.868595 -0.000838
0.912230 0.026700
0.861955 -0.008297
-0.854766 0.003243
0.875941 -0.000798
0.859952 -0.015060
0.853597 -0.003722
-0.847003 0.005382
-0.873234 0.023923
0.848990 -0.007555
-0.862237 0.014837
-0.858015 0.014287
-0.851767 0.026234
-0.880269 -0.017613
0.842498 0.026049
-0.820723 0.031836
0.878246 0.009786
0.856244 -0.010295
0.855018 0.008985
-0.873800 0.005189
-0.856237 -0.004278
-0.913029 -0.003729
-0.865683 0.021394
-0.860532 -0.008646
0.851382 -0.009768
0.828300 -0.006556
0.849004 0.011061
0.863720 0.000376
-0.874641 -0.007938
0.846458 -0.014949
0.879629 -0.002665
0.876144 0.022712
0.848485 -0.000431
0.853350 -0.035876
-0.853520 -0.015469
-0.868455 -0.008240
0.858215 -0.003260
0.853909 0.001496
-0.848074 0.007121
-0.860387 0.000621
0.869228 -0.002851
-0.865847 -0.022591
0.857947 0.001155
-0.858423 -0.006560
0.848610 -0.009924
-0.819757 0.021485
0.863971 -0.012902
0.846328 -0.001997
-0.873846 0.009947
-0.862801 0.011251
-0.856684 0.002532
-0.847556 0.010352
-0.853210 0.013460
-0.840588 0.012335
-0.841286 0.027627
-0.849980 0.002767
-0.897741 0.008138
-0.867242 0.018573
0.840815 -0.007916
0.827472 -0.037545
0.868917 -0.026263
-0.859420 -0.011792
-0.845600 -0.016056
-0.837214 0.017099
-0.909805 -0.028667
0.861932 -0.021162
0.859761 0.001559
-0.848652 0.008347
0.848989 0.010561
-0.910146 -0.004271
-0.863497 0.021899
0.839540 0.013049
0.854482 -0.017992
-0.845306 0.015948
-0.865886 -0.019227
0.855701 -0.006037
0.862891 0.017162
0.883831 0.011137
0.849423 -0.027022
0.839839 0.003174
-0.857768 0.008447
-0.862112 0.036315
-0.866030 0.002537
-0.889815 0.009201
0.864810 -0.012342
-0.859802 0.005897
-0.867049 0.018111
0.853917 -0.028629
-0.882917 0.021734
-0.854983 -0.009388
0.828372 -0.004270
-0.881759 -0.001430
0.822155 -0.024206
0.822063 -0.021680
0.830974 -0.025842
0.847778 -0.009799
0.880805 -0.012207
0.914440 -0.015378
0.871505 -0.020551
-0.843151 0.005677
-0.848613 0.011109
0.850031 -0.018188
0.852978 -0.007930
-0.845539 -0.007807
-0.875822 -0.003333
-0.853186 -0.006421
-0.839584 0.013965
0.844495 -0.016145
-0.841296 0.009946
-0.861113 -0.012150
0.862911 0.024150
0.850634 -0.022011
0.876184 0.033087
0.846724 0.000801
0.876681 0.032106
-0.845495 -0.000722
0.837985 0.025321
0.873583 0.011847
-0.863247 0.002364
-0.858953 -0.020868
0.840076 -0.002706
0.820532 -0.015229
-0.870794 -0.051879
-0.882896 -0.042404
-0.852269 -0.037911
-0.856855 -0.034273
0.872787 -0.018566
0.861172 0.017700
0.850707 -0.009047
-0.834196 0.055457
-0.863936 0.008730
-0.857010 0.007186
0.846925 -0.008447
0.876185 -0.009566
-0.859507 0.036296
0.863142 -0.006496
-0.836768 0.014852
0.860126 0.035711
0.865779 -0.002655
0.863244 0.023953
-0.845471 0.026491
0.830841 0.004621
0.859135 -0.009115
0.858072 -0.002876
0.862597 -0.000473
0.867226 0.009605
-0.863240 0.023589
-0.866837 0.009727
0.851112 -0.002527
0.850430 -0.003606
0.844504 -0.018052
-0.877302 -0.000407
-0.857546 0.004561
-0.847163 0.014939
0.859440 -0.027288
-0.836034 0.035179
0.854105 -0.026150
0.865642 0.012646
-0.877183 -0.007356
-0.848713 0.027559
-0.903983 -0.028063
-0.850847 0.010244
-0.872050 -0.018182
-0.849087 0.010228
-0.843773 -0.014305
-0.865902 0.005709
-0.867701 -0.006458
-0.835292 -0.000579
-0.835663 0.021933
-0.819103 0.044810
0.864483 0.016743
-0.872566 0.004456
-0.852163 0.010263
-0.833649 -0.006141
-0.868111 0.025329
0.860882 -0.009437
-0.881007 0.024193
-0.823257 0.056238
0.864652 -0.002691
0.860263 -0.006423
-0.861772 0.008315
-0.876660 -0.015382
-0.842666 0.021611
0.862135 -0.029032
0.848462 -0.018109
-0.878188 -0.023522
-0.848487 -0.004557
-0.865438 -0.014328
0.847293 -0.026957
0.836072 -0.026298
0.865774 -0.008050
0.851662 -0.014469
-0.902481 -0.001543
-0.878922 0.003963
-0.845542 0.024162
0.848844 -0.034572
-0.878310 0.012891
-0.859645 0.014315
-0.835813 0.033421
-0.878488 0.017184
-0.859193 0.014720
0.864743 -0.018166
-0.844727 0.041790
-0.854541 0.035239
0.854827 -0.041670
-0.860116 -0.001069
0.861908 0.010759
-0.843234 0.037023
0.878245 -0.011963
0.848999 -0.021643
0.875240 -0.011584
-0.849185 0.033254
-0.855629 0.014156
-0.888469 0.025898
-0.860661 0.052836
0.854834 0.002312
-0.856052 0.037820
-0.844870 0.055760
-0.857967 0.008532
0.858811 -0.006430
0.845572 -0.009961
0.861890 -0.027525
-0.860367 0.003340
-0.857162 -0.025935
0.859580 0.000788
0.833279 -0.045344
0.869287 -0.007070
-0.879296 -0.023420
-0.869750 -0.002632
-0.860767 -0.007426
0.859754 -0.017959
-0.851907 0.015954
-0.840147 0.009335
0.846536 0.018677
0.860601 -0.004327
0.876114 0.002097
-0.867565 0.011499
0.858124 -0.007797
-0.865330 0.023035
-0.853800 0.019969
-0.859921 0.014758
-0.869198 0.007842
-0.856443 0.035824
-0.838070 0.024930
-0.858170 0.022598
0.854550 -0.004564
-0.867863 -0.004945
-0.876043 -0.008909
-0.851326 0.005030
0.848358 -0.009597
0.850697 -0.008187
0.868330 -0.014564
-0.854535 0.026650
-0.863998 -0.010488
-0.858927 -0.015231
0.831689 -0.014756
0.882445 0.023667
0.868392 -0.013768
0.882426 -0.009252
-0.870157 0.005923
-0.872520 -0.008078
-0.879749 -0.007168
0.830617 -0.034799
0.836698 0.000192
-0.831152 0.018599
-0.869351 0.015842
-0.880109 -0.000591
0.843558 -0.018877
0.832273 -0.012943
0.841113 -0.013161
0.878023 0.017396
0.870476 0.052206
-0.860585 -0.011100
0.849096 0.003133
-0.860921 -0.043707
-0.888799 -0.052054
-0.860113 -0.020619
-0.840468 -0.022224
-0.844572 -0.016938
0.853547 -0.025456
-0.851864 -0.020699
-0.867303 -0.041123
-0.844282 -0.010824
0.865256 0.015968
0.848665 -0.000926
0.832000 0.015443
-0.843707 0.029337
0.872580 0.012536
0.843672 0.013149
-0.871867 0.015648
0.874350 0.003614
0.836812 -0.005469
-0.872479 -0.004942
-0.827932 -0.006510
0.847439 -0.018357
0.856981 0.000794
-0.841679 0.015176
-0.865146 0.016185
0.854128 -0.003895
-0.857735 0.013294
0.849241 -0.018171
-0.855636 -0.013876
-0.869555 -0.027553
0.832719 0.011788
-0.913541 -0.039375
0.874827 0.013962
-0.871028 -0.039801
0.861749 0.024680
-0.845132 -0.038856
-0.892683 -0.000944
0.830890 -0.011679
0.821112 0.015677
0.847126 -0.014499
0.835476 0.015968
-0.877978 -0.048598
0.848186 0.039190
-0.884101 -0.042484
0.848023 0.024265
0.848264 -0.062326
0.864162 -0.008682
-0.875098 0.018440
0.845242 -0.040489
-0.869310 0.012708
-0.872257 0.006464
0.860847 -0.014594
-0.849066 0.023221
-0.868580 0.039201
0.859507 -0.034760
-0.848208 0.023025
0.869443 0.011676
-0.834866 0.023510
-0.863158 0.025446
-0.839655 0.050048
-0.865072 0.037946
0.854132 -0.014962
-0.859660 -0.001384
-0.868939 -0.008449
0.890099 0.022686
-0.862877 0.002313
0.853069 0.019256
-0.879375 -0.001153
0.854608 -0.000666
-0.867693 0.011847
-0.852265 -0.012564
-0.825721 0.000069
0.861775 -0.008852
0.865070 -0.014635
0.829092 -0.009450
-0.849594 0.020303
-0.884277 -0.030395
-0.867858 -0.009375
-0.841849 0.009263
-0.890582 -0.018205
-0.846258 -0.004060
-0.849584 -0.017384
0.864950 0.007004
0.850905 0.019873
0.900833 0.013709
-0.869871 -0.001052
0.857461 0.000998
-0.851808 0.014201
-0.837942 -0.019740
0.880748 0.012654
0.882986 0.015135
0.871006 0.008986
-0.846658 -0.006693
-0.906171 0.024772
0.855542 0.028342
-0.877610 0.013164
-0.849990 0.031748
-0.871487 -0.008312
-0.892918 -0.007880
-0.849842 -0.004927
0.852285 0.006061
0.860291 0.001694
0.871581 -0.005833
0.835751 -0.007856
0.855221 0.020036
-0.864529 -0.006459
0.854412 0.003554
-0.854686 0.009760
-0.858038 -0.004474
0.858173 -0.020751
0.844007 -0.005405
-0.890482 -0.000494
0.893835 -0.009783
-0.864096 0.011730
0.851438 -0.003247
-0.868496 -0.000992
0.836775 -0.005170
-0.853924 0.005032
-0.858255 -0.040839
-0.843480 -0.005995
-0.855992 -0.003288
-0.864442 -0.007064
-0.872252 0.010941
-0.860397 0.019305
0.863930 0.031382
-0.836336 -0.026581
-0.841622 0.022221
-0.881679 -0.022254
0.831931 0.001416
0.888761 0.026695
-0.832652 0.011127
0.847126 0.025722
0.880067 0.025811
-0.877632 -0.000043
-0.862907 -0.020725
-0.851829 -0.008769
0.834504 0.001408
-0.857825 -0.030976
-0.880876 -0.019626
0.850941 0.016864
-0.870462 -0.022340
0.881451 -0.024281
0.871673 0.004630
0.861636 -0.005682
0.855513 -0.033498
0.879667 0.002666
-0.864373 0.008366
-0.849055 0.007906
-0.844153 -0.001076
-0.846082 0.007450
-0.863625 0.014605
0.838595 -0.033802
-0.858443 -0.026713
-0.871774 0.006434
-0.877536 -0.012341
-0.867001 0.020619
0.830366 -0.025965
0.859965 -0.015126
0.846746 -0.000891
-0.873919 0.024266
0.872279 0.017092
0.877667 0.007457
0.852558 -0.002923
0.872883 -0.007463
-0.840585 0.015245
