-1.107939 -0.016149
1.034551 0.034853
1.047942 0.012596
1.060332 0.012859
1.074833 0.020399
-1.084047 0.116072
-1.094286 0.026122
1.050634 0.045882
1.032838 0.111424
1.050888 -0.025286
1.079630 0.058466
-1.060083 0.036567
1.068653 0.090557
1.064862 0.000682
-1.064042 -0.024297
1.084997 0.018520
1.096380 -0.014238
-1.055219 -0.049836
-1.092618 -0.020396
-1.031178 0.019866
-1.086584 -0.030899
-1.101101 -0.069716
-1.074584 -0.049299
1.040205 0.056574
1.095701 0.035557
-1.039225 -0.051322
-1.040367 -0.022912
1.012111 0.016329
1.058112 0.049786
1.094592 0.033876
1.071802 0.035372
1.067193 0.037837
1.083044 0.021809
-1.061252 -0.011697
-1.068550 0.015984
1.079914 0.054374
-1.045128 -0.040535
-1.056564 -0.044017
-1.083007 0.015711
-1.055333 -0.046866
-1.068918 -0.026162
-1.089355 -0.028957
1.064041 0.016539
-1.051498 -0.015723
-1.078574 -0.048314
-1.072991 0.007632
1.075807 -0.010040
-1.102273 0.017249
1.095478 0.006546
1.074014 -0.016251
1.075573 0.001450
1.058213 -0.026060
-1.060801 0.002818
1.088930 -0.056654
1.082872 -0.019418
-1.053650 -0.014974
1.046266 0.019379
-1.057662 0.025560
1.076685 0.043190
-1.068236 0.031808
-1.070643 -0.035336
-1.037033 0.015993
1.063208 0.017513
1.113762 0.004196
1.062204 -0.046246
1.083792 0.032380
1.108813 -0.010492
-1.039210 0.053908
-1.051539 0.035444
-1.083997 -0.008413
1.009889 -0.020896
1.041481 0.009777
-1.050716 -0.034351
-1.043228 -0.066591
-1.034722 -0.049322
1.040338 -0.021086
1.068362 0.044112
1.096291 0.048899
1.066531 0.029773
-1.064426 0.015358
1.069065 0.011871
1.089497 0.015981
1.061070 -0.027157
-1.074271 -0.067529
-1.057547 -0.039759
1.064446 0.039276
-1.076651 0.042413
1.044084 0.024739
1.082210 -0.014005
-1.084492 0.016487
-1.053149 -0.035242
1.068321 0.012094
-1.080356 -0.013876
1.068630 0.002326
1.093483 0.007462
1.097068 -0.009785
-1.093612 -0.008957
-1.066596 0.001811
1.071951 -0.056533
1.045964 0.000512
1.044800 -0.009417
-1.091842 0.022805
1.111576 0.008648
1.065842 0.026167
-1.044361 -0.003677
1.078506 -0.058620
-1.073518 -0.040988
1.036405 -0.092838
1.066306 0.054705
-1.056005 0.016514
-1.036957 -0.010231
-1.093361 0.023294
-1.124331 0.002122
-1.093372 -0.027708
1.056248 -0.034121
1.026543 -0.099712
-1.086506 0.006886
1.077844 -0.004460
-1.038067 0.006242
1.066892 -0.007608
-1.039424 -0.043547
-1.029549 -0.084690
1.044697 0.040382
-1.022697 0.005237
1.082192 0.047627
-1.102247 -0.033258
-1.074816 -0.054062
-1.061623 -0.017579
1.056757 0.017086
1.062444 0.011893
1.084737 -0.010172
-1.075379 -0.074122
-1.045958 -0.043601
1.063383 0.057622
1.075346 0.009904
1.032750 0.000546
-1.063049 0.004725
1.086749 -0.003514
-1.069199 -0.036498
1.105291 0.038759
-1.070482 -0.016689
-1.066472 0.028196
-1.072382 0.001951
-1.097114 0.037677
1.079899 0.035608
1.075864 0.021879
-1.057326 0.028460
-1.068017 -0.025268
-1.072042 -0.003511
-1.100477 0.059469
-1.104928 -0.027050
1.068375 0.041916
-1.035016 -0.054525
-1.089358 0.009986
1.096436 0.083767
-1.032241 0.066929
1.067173 0.097113
1.069235 0.027974
1.058537 0.061250
1.099320 0.061333
-1.066056 0.023997
1.074269 0.070809
-1.094251 0.021686
1.054164 -0.037117
-1.066552 -0.010667
1.081170 0.031264
-1.001041 -0.017284
-1.061544 -0.060796
-1.073793 -0.064942
1.052756 0.041661
-1.017968 -0.056468
-1.024631 -0.003242
-1.092137 -0.012734
1.110124 0.052159
1.087404 0.033920
1.076497 0.019745
1.085642 0.044188
1.078663 0.027835
1.084541 0.027680
1.076530 0.092026
1.040128 0.063105
1.071513 0.064143
-1.093784 0.044917
1.044238 0.029971
1.081505 -0.004688
-1.076721 0.007843
1.074025 0.069050
-1.085841 -0.005581
-1.099831 -0.014777
1.057973 -0.004246
1.085968 -0.005157
1.110470 -0.028186
-1.048506 -0.007084
-1.035553 -0.024066
-1.126370 -0.006785
-1.091699 -0.013222
1.029056 0.022055
1.063276 -0.039922
1.121605 -0.000539
-1.070917 -0.027420
-1.070919 -0.073201
1.042719 -0.000433
1.056957 0.059874
1.064918 -0.018963
1.071839 0.073371
1.037369 -0.002170
1.038838 0.001860
1.081399 -0.002084
1.117615 0.001424
1.060925 0.031901
-1.075124 0.057133
1.024221 -0.042822
1.068266 -0.016094
1.071307 0.023356
-1.031663 0.028085
1.098014 0.041287
1.089494 0.059969
-1.042660 -0.098360
-1.042276 -0.028797
-1.064319 -0.005871
1.062547 0.033781
1.090299 0.058047
-1.050504 -0.025032
1.090217 -0.012608
-1.095225 -0.038852
-1.092557 -0.013182
-1.082404 0.008124
1.059799 0.094139
-1.072300 -0.010081
-1.038878 -0.046687
1.084424 -0.063417
-1.103543 -0.068990
-1.077020 -0.033726
1.079828 0.007947
-1.035163 -0.066469
-1.054609 -0.055515
-1.109442 -0.044276
-1.095087 -0.007323
1.068790 0.005849
1.066889 -0.023284
1.070287 0.017617
-1.048193 -0.035794
-1.063306 -0.004505
-1.062771 -0.002869
-1.064225 -0.009862
-1.084659 0.046166
-1.084317 -0.002233
-1.075340 -0.004170
-1.058425 -0.034022
1.065606 -0.022883
1.082229 0.088716
1.037778 -0.041173
-1.064617 0.019068
1.054222 0.027723
1.039651 0.020284
1.094769 0.028722
1.088973 0.010000
-1.092565 -0.025764
1.085607 -0.001289
-1.038933 0.065583
1.072130 0.009041
1.080747 0.022856
-1.043689 -0.033978
1.083079 0.026974
1.085152 0.074867
-1.060263 -0.059914
1.034785 0.073438
1.025934 0.020925
1.079263 0.021196
1.108244 0.053667
-1.059585 -0.043095
-1.046133 0.023366
-1.091254 0.004491
-1.079449 -0.049894
1.081005 -0.005121
1.044642 0.071010
-1.061543 -0.038024
1.076185 0.045359
1.086602 -0.009171
-1.050964 -0.024512
1.064053 0.022196
1.059048 0.023147
1.061835 0.072546
1.075090 0.103925
1.076351 0.034159
1.071334 0.015592
1.082153 0.003135
-1.082044 0.054662
-1.117085 -0.000489
-1.043667 0.041303
1.086789 -0.071527
-1.082237 0.009632
-1.060237 -0.013406
-1.082342 0.018406
-1.090632 0.040587
1.070032 -0.013966
-1.053914 -0.036495
-1.043500 0.040046
-1.074315 -0.060541
-1.059070 0.060203
1.036632 0.047356
1.043099 -0.023013
1.046945 0.026327
1.101992 0.004484
1.065339 0.008335
1.055937 0.027042
1.073013 0.003003
1.047394 -0.037813
1.057027 -0.024423
-1.089547 0.006886
1.027671 -0.032179
-1.064619 -0.011581
1.075326 0.031229
-1.061266 -0.064500
-1.056925 -0.062057
-1.046607 0.016512
1.060696 0.051706
-1.105214 -0.069577
-1.065675 -0.009901
-1.068405 -0.007544
1.077735 -0.004122
-1.068000 -0.006189
-1.060619 -0.007654
-1.072445 -0.078782
-1.064876 -0.029091
1.069881 0.010566
-1.085039 0.027210
-1.064140 -0.043117
-1.061064 0.004054
1.074695 0.003935
-1.077447 -0.032256
1.089247 0.007486
1.079975 0.001525
1.062013 -0.008157
-1.084252 0.021956
-1.079986 0.032205
1.074200 0.009116
1.035873 -0.038973
-1.088138 0.073749
1.051435 0.007517
-1.072720 0.040385
1.093011 -0.069000
1.090600 -0.002387
1.064426 0.013920
1.055974 0.022996
1.055290 -0.037960
1.087106 0.022061
-1.053844 0.044144
1.080541 0.034853
-1.055636 0.022815
-1.057842 0.001552
1.123449 -0.008018
-1.086170 0.008321
1.062080 -0.008496
1.091969 -0.049209
1.008341 -0.092884
1.059384 -0.011833
1.071843 0.009371
-1.048224 0.010239
1.076012 0.042247
1.074737 0.026602
-1.065119 -0.074733
-1.036847 -0.012614
-1.042793 0.027551
-1.074130 -0.059316
1.097753 0.052246
-1.073244 -0.037918
-1.098835 0.015637
1.069659 0.046433
-1.080938 -0.014117
1.087183 -0.019546
1.072507 0.103132
1.046471 0.043045
1.063256 0.039234
1.082605 -0.021241
1.057934 0.036803
-1.059110 -0.009170
-1.078331 0.014250
1.070193 0.054002
-1.101568 -0.065077
-1.095799 -0.027727
1.058760 0.001840
-1.072854 -0.013191
-1.072322 0.033214
1.058142 0.006045
1.047295 -0.037686
1.086007 -0.053626
-1.063481 -0.000927
-1.078610 0.021605
1.063961 -0.054773
1.115269 -0.042240
1.072418 -0.009300
-1.062064 -0.082420
1.055671 -0.078797
1.076780 0.033096
1.066958 -0.072181
1.084862 0.043667
-1.046488 0.053395
-1.052814 -0.000351
-1.107248 0.067627
-1.096243 0.049254
1.077880 0.017216
-1.096562 0.029013
-1.083661 0.059938
1.073244 -0.030551
-1.102513 -0.016810
-1.041783 0.056785
1.031606 -0.007228
-1.043865 -0.013263
1.059945 0.091233
-1.037326 -0.068871
1.049412 0.001147
-1.072983 -0.069927
-1.099228 -0.057694
1.086362 0.042635
-1.085343 0.011436
1.078867 0.011082
1.075209 -0.025461
-1.088479 -0.001265
1.061786 0.044637
1.044321 0.020837
1.074705 0.043843
1.124509 -0.033437
-1.047265 -0.046315
-1.073927 -0.014974
1.063151 -0.030885
1.098546 0.056055
-1.065890 -0.000849
-1.098921 0.013363
-1.079691 0.048199
-1.068102 0.046330
-1.069923 0.074504
1.069446 -0.047799
1.061871 0.033281
1.102030 -0.023762
1.072940 -0.013966
-1.068569 0.000405
1.089448 -0.112524
1.118951 0.006950
1.078934 0.008601
-1.042924 -0.031307
1.073962 -0.038123
-1.101703 -0.047587
1.032106 -0.066484
-1.057495 0.001182
1.074342 -0.005485
-1.061586 -0.020128
1.090852 -0.030785
1.049798 -0.094159
1.045826 0.011010
1.058331 -0.057616
1.059546 -0.037573
1.089054 -0.070376
-1.097732 -0.018132
-1.038913 -0.008590
1.072437 -0.009335
-1.044283 -0.031495
-1.044786 -0.100402
-1.051083 -0.070448
1.027226 0.007635
1.058350 0.087261
-1.073349 -0.045475
-1.043143 -0.030905
-1.068904 -0.036401
-1.089676 -0.001710
-1.093846 0.012192
1.076928 0.045598
1.080695 0.057703
-1.058589 0.008197
-1.062874 -0.087528
1.062943 -0.069229
-1.079230 -0.006290
1.082123 0.017936
1.058293 0.016267
-1.057455 -0.068610
-1.103989 -0.077377
1.079711 0.023425
1.076310 0.015391
1.094097 -0.011360
-1.086868 0.004645
-1.083903 0.044309
-1.048883 0.045629
-1.063772 0.048763
1.067902 -0.004746
1.066426 -0.053916
-1.091555 0.018987
-1.095781 0.039823
-1.069617 0.009081
1.060908 0.059846
-1.071021 0.064502
1.090022 -0.022252
1.076647 -0.070640
-1.056785 0.003457
-1.061211 0.049694
1.072660 -0.013248
1.108414 -0.074974
1.037827 -0.073303
1.059248 -0.026734
-1.091425 0.026306
-1.034386 0.082389
-1.056304 0.037314
1.113344 0.023212
-1.007059 0.059460
-1.047421 0.037292
-1.062089 -0.085535
1.077535 0.032982
1.058568 0.058428
-1.042760 -0.032476
1.086879 0.014468
-1.114631 -0.030229
-1.062847 0.025171
-1.046851 0.003781
1.078790 0.016325
1.073023 -0.017441
-1.094082 -0.011000
1.079691 0.073790
1.059924 0.013102
-1.055916 -0.071784
-1.088059 0.066492
1.070829 0.086784
-1.082738 0.010125
-1.077408 0.029712
-1.074182 -0.031912
-1.087598 -0.004514
-1.061700 0.019614
1.063181 -0.015625
-1.085312 0.045041
-1.072927 0.073574
1.073497 -0.006593
-1.037533 0.059371
1.075833 -0.050807
1.067523 -0.016857
1.057406 -0.023300
-1.079640 0.069878
-1.105746 0.023902
1.094731 -0.018566
-1.041486 0.015241
-1.057247 0.064178
1.116592 0.008548
1.041827 -0.086819
1.084666 -0.006568
1.047874 -0.033825
1.038245 -0.002657
1.077793 -0.047123
1.103649 -0.065781
1.082275 0.009999
-1.086456 0.043152
1.016759 -0.066417
-1.064017 0.033920
1.109435 -0.000289
-1.029684 0.009930
-1.033059 0.025856
1.049900 0.018982
-1.062409 -0.096570
1.042067 0.039826
-1.055772 0.034581
-1.072103 -0.016938
1.079118 -0.032249
1.086685 0.004076
1.081815 -0.026791
-1.063157 -0.000498
-1.069641 0.044364
-1.073400 0.022642
1.076192 0.054345
1.069414 -0.016592
1.065271 0.042575
1.058843 -0.028540
1.053555 -0.023903
1.069195 0.005166
-1.081147 0.017187
1.054646 0.017454
-1.067816 -0.003003
1.086196 0.024807
-1.052635 0.035513
1.090925 -0.019887
-1.087993 0.046364
-1.087706 -0.028859
1.074136 0.030714
1.083605 0.016300
1.069836 0.021080
1.060674 0.027680
1.071242 -0.019938
-1.100220 -0.006334
-1.075381 -0.061298
-1.050016 -0.074278
1.098215 -0.085392
1.083946 0.043653
-1.044430 0.047224
1.055944 0.042459
1.055016 0.039046
1.026750 0.052590
-1.088500 0.026082
1.089306 0.014362
-1.071291 -0.071407
1.085178 -0.003775
-1.081957 0.007859
-1.062520 -0.011319
-1.108063 -0.046771
1.024619 0.020529
1.059796 0.068927
1.062101 0.013215
-1.058174 -0.071584
-1.048378 -0.045050
0.993411 -0.083398
-1.087484 -0.028028
-1.077542 0.024520
1.081592 -0.011550
1.080065 0.001013
1.062446 0.006150
-1.073154 0.045622
-1.077317 0.013155
-1.060057 -0.073793
-1.073656 -0.029381
-1.064444 -0.035723
1.090008 -0.081694
-1.064033 -0.018199
-1.070498 0.046415
1.083492 0.029296
1.081407 0.047752
1.088349 0.041011
-1.097318 -0.011450
1.074748 -0.027264
-1.077515 -0.034663
-1.081259 -0.018677
-1.092498 -0.038940
-1.055450 -0.035457
-1.089017 -0.022756
-1.109235 -0.022767
1.014658 0.008032
1.061511 -0.009396
-1.072373 0.066797
1.071714 0.030300
1.056659 0.027898
1.094110 -0.034471
-1.088894 -0.074848
1.071499 -0.057332
1.065786 0.033557
-1.058313 0.047724
1.052000 0.008821
-1.057632 -0.012867
-1.102814 -0.000342
-1.069187 -0.050214
-1.126465 -0.035079
-1.063129 0.110600
1.045163 -0.017376
1.080230 0.026484
-1.021152 0.022975
1.085919 0.032238
1.051250 0.077173
1.045977 0.103512
-1.014444 -0.042663
-1.020318 0.001333
-1.079492 -0.092898
-1.112355 -0.052502
1.067801 0.046196
-1.082335 0.009991
1.075521 0.011953
-1.050592 -0.033371
-1.091970 -0.015707
-1.074557 -0.097443
1.052065 0.002153
-1.082074 -0.037846
1.052345 -0.019375
1.069709 0.061281
1.065079 0.039189
1.081290 0.015143
-1.040840 -0.053503
-1.061166 -0.056845
-1.070543 -0.035036
-1.081462 0.028831
1.080778 0.032974
-1.091901 0.056448
-1.089195 0.013897
1.039194 0.029784
-1.092081 0.019795
1.074495 0.000249
1.051413 -0.015135
-1.111785 0.056926
1.081383 -0.022302
1.055380 0.022379
-1.085758 -0.017054
1.081838 -0.024011
1.084044 0.022343
1.035579 -0.060505
-1.066258 0.000075
-1.074962 -0.015080
1.025839 0.009110
1.065493 -0.030201
1.060764 -0.001043
1.052582 0.028848
1.072891 0.013717
1.021085 -0.090707
1.062027 -0.027283
-1.119432 -0.016437
-1.048506 0.019069
1.070785 -0.002466
1.059910 0.047984
1.021637 0.069338
-1.061145 -0.020262
1.032060 -0.013883
-1.080354 -0.017646
1.102259 0.016249
-1.061741 0.008982
-1.052075 0.025198
-1.067616 0.014388
-1.068542 0.022985
-1.087681 -0.011020
1.061719 0.077282
1.067888 0.013145
1.067385 0.038521
1.080799 -0.017099
-1.063874 -0.009996
-1.062942 0.022139
-1.074180 0.008038
-1.075074 -0.036466
1.096963 0.053113
1.083956 0.002709
-1.090135 0.022085
-1.071899 0.039030
1.094893 -0.072964
