-0.928559 0.006943
-0.949837 -0.032678
-0.902873 -0.000196
-0.935958 0.019239
0.922626 -0.018019
0.926510 -0.012987
0.927155 -0.009524
0.925422 -0.003623
-0.935177 -0.040618
0.894514 0.003246
-0.933620 -0.029697
0.902076 -0.045594
0.918797 0.030659
-0.930034 0.005408
-0.950167 -0.012783
-0.889648 -0.002591
0.914074 0.002958
0.923404 0.000886
-0.944739 0.019897
0.922064 -0.001126
-0.919457 -0.036852
-0.912414 -0.002708
0.948189 -0.023777
-0.956325 -0.025032
-0.931286 -0.013685
-0.919609 0.010427
0.981699 0.003688
0.945618 -0.012696
0.908353 0.001166
0.915394 0.017465
-0.950490 -0.027553
-0.895575 0.019402
0.936962 -0.014427
-0.940938 0.015806
-0.902776 0.001353
0.964612 0.032160
0.893896 -0.004171
-0.942080 -0.001664
0.946435 -0.006933
0.932097 -0.015368
-0.945628 0.018123
-0.916610 -0.013666
0.921500 -0.008997
-0.916037 0.002775
0.945023 -0.008506
0.932624 0.004539
-0.931495 -0.003057
-0.894682 0.011730
0.904495 -0.005654
-0.958020 -0.027759
-0.888890 0.002969
0.943043 0.010533
-0.922457 0.021168
-0.952860 -0.010783
0.927511 -0.003277
-0.943634 0.003350
0.956225 0.050634
0.891831 -0.026664
0.936065 0.010473
-0.917580 0.032280
0.937677 0.010319
0.934143 -0.007186
0.939679 -0.002911
0.929224 -0.003437
-0.924625 0.014687
-0.934943 0.001628
-0.922562 0.053916
-0.934069 0.037489
0.900257 0.025903
0.939928 -0.001401
-0.927545 0.027158
-0.925329 0.011158
-0.897799 -0.060365
0.968897 0.014217
0.955727 0.019986
0.951258 0.009139
0.939967 0.010839
-0.929452 -0.061069
0.944061 0.027961
0.936198 0.011137
-0.942750 -0.020820
0.922629 0.016090
0.932944 0.015996
-0.967156 -0.039526
-0.926648 -0.016241
-0.930665 0.005599
0.933096 0.005593
-0.938606 0.019710
0.907764 -0.005240
-0.922339 -0.012134
-0.921646 -0.013618
-0.903272 -0.011759
0.935123 -0.001111
0.938809 -0.004057
0.905046 0.012317
-0.934481 0.013909
0.919233 -0.002640
0.924556 0.009885
-0.897172 0.000877
0.932283 -0.007191
-0.930280 0.013715
-0.930718 0.004042
-0.937885 0.003736
0.924211 0.024684
0.940747 0.036350
-0.902630 0.006810
0.956208 0.038010
-0.918104 0.032040
-0.917808 0.007827
-0.930482 0.010082
-0.935113 -0.002880
-0.922245 0.002273
-0.890008 0.017279
-0.932797 -0.002351
-0.933433 0.028960
0.931167 -0.024652
0.908413 0.012723
0.945832 0.006715
-0.915952 0.016133
0.976993 0.008062
-0.942781 -0.025670
-0.939799 -0.034677
0.950917 0.005689
-0.959907 -0.005873
-0.920735 -0.016780
-0.916999 -0.035077
-0.925984 -0.019545
-0.923905 -0.008335
0.946591 -0.007747
-0.914763 0.001157
-0.926602 -0.007543
0.948901 0.020597
0.931180 -0.016411
-0.925722 0.011634
0.952193 -0.015750
-0.925184 0.033003
0.900063 -0.030426
0.940959 0.029835
-0.951107 0.002291
0.926234 0.002266
-0.925844 0.011014
0.933386 -0.013198
0.931315 0.013117
-0.917915 0.016442
-0.918885 0.006536
-0.959361 -0.015270
-0.911069 -0.002608
-0.936670 -0.008231
-0.901210 0.017796
-0.930339 0.006291
0.939362 -0.008590
0.955599 0.048248
-0.932486 -0.064255
0.897741 0.012497
0.945459 0.039251
-0.917607 0.005696
-0.917584 -0.025983
0.917762 0.008062
-0.940417 -0.030555
0.914847 0.005022
0.910591 -0.004485
0.937541 0.014333
0.946443 -0.017547
0.918727 -0.007510
0.890960 0.035427
-0.952390 -0.008537
-0.952511 -0.007344
0.926234 0.022621
0.956747 0.010088
0.958149 0.008919
0.962187 -0.010492
0.961255 -0.011011
0.916269 0.010942
0.902397 0.002373
0.917251 0.024724
-0.929785 0.002450
-0.944877 0.000876
-0.934161 0.011612
-0.927668 0.009526
-0.966516 -0.039108
0.937523 -0.005112
-0.916583 -0.002350
-0.912778 0.020148
-0.931103 0.024800
0.915305 -0.004597
-0.939123 -0.024109
0.954462 0.001380
-0.917446 -0.011136
-0.923217 0.004446
0.947025 0.020148
-0.924154 -0.020796
0.912824 -0.005149
0.912438 -0.012611
0.953520 -0.012896
0.882661 -0.040230
0.913655 -0.009909
-0.910616 0.015999
-0.952965 0.009628
-0.954118 0.007031
-0.952524 -0.009122
-0.937377 -0.002359
-0.901217 0.004508
-0.953007 -0.032766
-0.911236 0.048721
-0.910888 -0.000363
-0.922049 0.022728
0.967076 -0.009862
-0.915876 -0.011900
0.907582 -0.003213
-0.917657 0.015842
-0.916425 0.049590
-0.902369 0.012616
0.908233 0.000686
0.947659 -0.003901
0.942785 -0.014120
-0.951867 0.023278
-0.962324 -0.023068
0.906146 -0.038628
0.938009 -0.008046
-0.952294 0.030317
-0.926245 -0.000901
-0.919261 -0.027743
0.929861 0.004231
0.942045 -0.010807
-0.930692 0.001850
0.920034 -0.020263
0.922020 -0.031847
0.936983 -0.008383
-0.943083 0.021289
0.923687 -0.020090
-0.937295 -0.006980
0.926368 -0.027862
-0.906698 0.031561
-0.953733 -0.010430
-0.931390 -0.005848
-0.918288 0.011508
0.939161 -0.001701
-0.932720 0.011871
0.912147 -0.009299
0.937866 -0.014829
0.905353 -0.011269
-0.915587 -0.015315
0.893825 0.006690
0.914048 0.007067
0.916977 -0.007510
-0.950999 0.006540
0.931757 0.003534
0.947066 0.033615
-0.964911 -0.047171
-0.910284 -0.013915
-0.956261 -0.028968
0.928236 -0.010342
0.914946 0.019989
-0.926892 0.005751
-0.952203 -0.003927
-0.921102 -0.000160
0.904840 -0.004525
0.934913 0.012715
0.927934 -0.018915
-0.957577 0.005503
-0.915310 -0.025402
-0.953536 0.009235
0.904410 0.005945
0.914865 0.008654
0.946201 0.045121
0.937363 0.023871
-0.963802 -0.020725
-0.938719 -0.013057
-0.907391 -0.013254
-0.922578 -0.008494
-0.934314 -0.016753
-0.922259 -0.010008
-0.931346 0.009301
0.931007 -0.026631
-0.919352 0.031908
0.939342 0.003239
-0.931572 0.025639
0.942643 -0.004268
0.922859 0.003563
-0.932462 0.019104
0.914360 -0.015983
-0.944200 -0.005951
-0.956741 0.008518
0.913055 -0.012697
-0.919891 0.031103
0.930700 -0.009638
-0.933982 0.002598
-0.926688 0.009718
0.897485 -0.019626
0.941316 0.002963
0.898590 0.004672
0.937039 -0.002620
0.902742 -0.011001
-0.926439 -0.008501
0.891731 -0.007217
-0.936390 -0.026257
0.948225 0.061409
-0.924313 -0.007967
0.978509 0.050374
-0.948628 0.005475
-0.927643 0.002132
-0.910151 -0.010631
0.939492 0.004085
-0.920478 -0.000837
-0.890870 0.019745
-0.939378 -0.020185
0.945314 -0.031414
0.926731 -0.002726
-0.908967 -0.025636
0.939007 0.008214
0.916138 -0.000064
0.938547 0.007122
-0.957847 -0.002366
-0.902742 -0.003763
0.972514 0.016696
-0.990510 0.021538
-0.895475 0.001199
-0.961714 -0.018536
-0.904250 -0.004290
-0.942571 0.010611
-0.913555 0.001933
0.910392 0.001450
-0.917004 -0.000480
0.954931 0.026129
-0.962537 0.007600
-0.886940 -0.000975
0.933670 0.003938
-0.955501 0.017902
0.931711 -0.029735
0.912028 0.011483
0.949924 -0.004061
-0.936893 0.007665
-0.911219 0.005140
0.945722 0.004956
-0.934027 -0.004342
-0.906196 0.021333
0.909667 -0.009797
0.933739 0.002604
-0.908837 0.023261
-0.935790 -0.002525
-0.928207 0.029150
0.926216 0.002310
0.918291 -0.023205
0.945150 0.003662
0.924565 0.034161
-0.915365 0.014837
0.957128 0.024279
-0.927628 0.031423
-0.921749 0.010551
0.939225 -0.012914
-0.946824 0.007886
-0.918504 0.013475
0.888901 -0.012827
-0.951651 0.008998
0.931359 -0.052734
-0.939907 0.031244
-0.920886 -0.027475
-0.966200 0.015531
0.893131 -0.011805
0.938523 0.000102
-0.938887 -0.015646
0.941444 0.020211
0.990201 0.002608
-0.938810 0.001692
-0.911857 -0.010739
-0.929285 -0.008706
0.936594 0.023497
0.931204 0.010656
-0.942894 0.002372
-0.913175 0.002836
0.901875 -0.010077
0.958764 0.021007
0.959825 -0.003482
-0.937382 0.005325
-0.939648 0.009345
0.949102 -0.012663
-0.906062 0.036272
-0.933747 -0.018066
0.954716 0.001876
0.915677 -0.002618
-0.922460 0.025810
0.926541 -0.011644
-0.911133 0.009875
-0.926166 0.022987
0.909708 -0.032554
0.928328 0.018879
0.914026 -0.014858
-0.949128 -0.007327
0.907738 -0.042057
0.931345 -0.012262
-0.937681 0.007917
-0.946307 -0.001816
0.962427 0.038978
-0.884572 0.034637
0.953006 0.004331
0.920506 -0.046699
0.933855 -0.014972
0.903130 -0.031803
0.944349 -0.019148
-0.915182 0.020714
0.891372 -0.018590
-0.929402 0.001237
-0.937150 0.053669
-0.950550 0.023036
-0.901755 -0.010746
-0.948142 0.015146
0.928001 -0.015402
-0.966453 0.013884
-0.952085 -0.023492
0.928611 0.019683
-0.936591 0.007269
-0.963224 -0.007484
-0.918407 -0.007621
0.944631 0.030119
-0.938075 -0.044927
-0.904555 0.003483
0.940211 0.010069
0.928141 0.011617
-0.926548 -0.000723
-0.954146 -0.030413
0.940105 -0.000289
0.923000 0.001297
0.925524 -0.025752
-0.972583 0.025114
0.916865 -0.030809
-0.926863 -0.012611
0.938904 -0.014439
-0.932410 0.015308
0.922088 -0.028992
-0.950076 0.025612
0.916786 0.010315
-0.917972 0.019265
-0.909081 0.002372
0.926299 0.039988
0.918384 0.012489
-0.927376 -0.017506
0.929007 0.001133
0.934348 0.006905
0.930816 -0.012502
0.939763 0.020079
0.935868 0.044330
-0.900066 -0.002891
0.951713 0.049435
-0.905047 0.025425
-0.929381 -0.035848
0.914751 0.003882
0.959484 0.007758
-0.915309 0.002774
0.911377 -0.012698
-0.938762 -0.016877
-0.929413 0.028680
-0.925924 0.030687
0.900901 0.014215
-0.937617 -0.004252
0.907848 0.001166
0.962763 0.030468
0.936361 0.013938
-0.943867 -0.026461
-0.960279 -0.037206
-0.955319 -0.000823
-0.915172 -0.036284
0.934305 0.023207
-0.924082 -0.048840
-0.913960 -0.008152
0.934025 0.004946
0.909848 0.009055
0.918260 -0.000316
-0.955558 -0.049707
-0.928525 -0.008794
0.923747 0.017763
-0.902548 -0.004684
-0.930045 -0.002636
-0.913779 0.014270
0.932175 0.018975
0.957075 -0.001043
0.924728 0.011525
-0.922980 -0.013038
-0.950427 -0.007144
0.919131 0.009914
0.920363 0.003094
0.880640 -0.000673
0.913629 0.027468
-0.904220 -0.002578
-0.936261 0.003842
0.922069 0.005069
-0.925767 -0.011819
-0.932612 0.015192
-0.953736 -0.022039
0.965925 0.054951
-0.917552 -0.006532
0.939659 0.038989
-0.923021 0.019117
0.907966 0.024019
-0.928655 -0.001590
-0.967947 -0.016610
0.930758 0.011052
-0.897903 -0.002408
0.948246 0.018586
0.928661 -0.048743
0.902592 -0.011207
-0.933818 -0.020850
-0.962769 0.000702
0.889993 -0.012958
0.930467 -0.012534
0.951831 0.031927
-0.943278 0.012273
-0.957504 0.020860
0.977351 0.004573
-0.896863 -0.000129
0.912154 0.015734
0.910924 0.026761
-0.936032 0.023714
-0.955088 0.017018
-0.909166 0.020563
0.935095 -0.005744
0.972441 0.021080
0.921961 -0.034280
0.904569 -0.002821
0.903121 0.007512
-0.946776 0.043571
-0.938866 0.020420
0.926557 0.014518
-0.940546 0.021477
-0.912383 0.025602
-0.937409 -0.001934
0.949313 -0.005757
0.933074 -0.005279
0.912445 -0.025717
0.932380 -0.010499
-0.941774 -0.028510
0.898821 -0.002258
-0.932130 0.003061
-0.915768 0.002563
-0.937848 -0.010497
0.924096 -0.016646
0.945946 0.017459
-0.957289 -0.065648
0.925185 -0.016118
-0.961201 -0.031350
0.926931 -0.024248
-0.908298 -0.024817
-0.933996 0.001156
0.942820 -0.018250
0.932766 0.002766
0.889876 -0.019091
0.954795 0.004283
-0.943461 0.027137
-0.914079 0.012784
0.917576 0.005938
0.942735 -0.001839
0.969033 -0.011127
-0.919828 -0.010922
-0.947089 -0.032726
-0.954210 -0.016710
-0.951407 -0.019332
-0.964838 0.013434
0.883939 0.019232
-0.955054 -0.048361
0.905659 0.040396
0.924283 -0.004027
-0.964244 -0.007805
0.907759 -0.025204
-0.903379 0.003949
0.938301 0.021164
0.939957 0.012929
-0.937222 -0.013133
0.918292 0.001678
-0.942899 0.020931
0.911058 -0.024760
-0.941391 -0.005738
-0.935463 -0.012126
0.900023 -0.008682
0.911686 0.001598
0.937805 -0.009637
-0.924769 -0.002210
0.926766 -0.019070
0.925423 -0.013353
0.931848 0.025928
-0.913054 -0.022187
0.924352 -0.001042
-0.920066 0.006160
0.946627 0.024690
0.920253 0.014522
-0.957192 -0.037629
0.922461 0.044712
-0.903520 -0.016510
0.954803 0.046368
0.891513 -0.044268
-0.945673 -0.008398
-0.916120 -0.001228
-0.923342 -0.000979
0.923249 -0.004277
0.886695 -0.016334
-0.939884 -0.011031
-0.938656 0.011265
0.942844 -0.011937
0.913002 0.034009
-0.937310 -0.009702
-0.908041 -0.010349
-0.936789 -0.022801
0.960386 0.008137
0.922477 0.018839
-0.959679 -0.002253
0.952315 -0.003610
-0.912799 -0.007083
0.936325 0.006702
0.936661 0.032215
-0.934468 0.010956
0.929473 -0.011461
-0.920026 0.003412
-0.919445 0.006961
0.951064 0.014266
0.940398 0.010330
0.931104 0.012633
0.917110 -0.008265
-0.953892 0.033011
-0.922976 0.022194
0.942342 0.012007
0.936160 -0.000006
0.903662 -0.001807
-0.925476 0.008871
-0.955080 -0.006280
-0.902833 -0.000968
-0.909815 0.016332
-0.903910 0.006104
0.916470 0.012837
-0.915455 -0.017902
0.917561 -0.006234
0.914097 -0.022964
0.931992 -0.021371
0.958187 -0.022834
0.951865 0.008101
-0.933679 -0.059968
-0.891880 -0.010936
0.945571 0.019936
0.897835 -0.030883
0.920227 -0.001972
0.921139 -0.010361
0.957594 -0.014666
0.931821 -0.022272
-0.895288 -0.018772
0.944252 0.001120
0.924361 -0.050043
0.962491 -0.006172
-0.892868 -0.029709
-0.932119 0.000806
-0.925064 -0.004152
-0.928840 0.000223
-0.933720 0.012161
-0.913520 0.019084
0.948409 -0.002368
-0.949691 0.022052
-0.914673 0.022018
0.926053 0.019617
-0.915765 -0.007491
0.906926 -0.038289
0.928751 -0.013204
0.916397 -0.009277
0.937746 -0.001988
-0.947585 -0.022705
-0.936170 0.006779
0.900034 0.005467
0.946685 0.004203
0.958170 -0.020074
-0.905932 0.016447
-0.945319 -0.008616
0.946896 0.001500
0.936207 0.016250
-0.912440 0.005154
-0.954034 0.007773
-0.925702 0.010920
0.922186 -0.005537
-0.906622 0.009450
-0.954049 -0.014134
0.874437 -0.008847
0.940908 -0.005491
-0.905161 0.026341
0.919448 -0.006058
0.918026 -0.030058
-0.944656 -0.016107
-0.968444 -0.062911
-0.892548 -0.001497
-0.946388 -0.023758
-0.940954 0.030011
0.918575 0.000738
0.943996 -0.011595
0.958484 0.002449
0.933462 -0.011896
-0.911516 -0.000156
0.914046 0.004703
0.935386 -0.031965
0.928358 -0.020811
-0.914811 -0.020015
-0.944507 -0.003678
-0.921598 -0.020578
-0.938934 -0.024435
-0.913470 -0.010760
-0.928925 -0.012750
0.959612 -0.022391
-0.922144 -0.003924
-0.930294 -0.000621
0.951352 0.020714
0.941131 0.022317
-0.884818 0.014666
-0.947096 0.003514
0.913139 -0.023828
-0.901114 0.008488
-0.968746 -0.014182
0.931855 -0.014429
0.960944 0.001451
0.957244 0.001131
0.954317 -0.012687
0.921284 -0.012849
0.946657 0.007873
0.953203 -0.007109
-0.904471 0.010146
0.902388 -0.009973
0.937376 0.002106
0.906193 -0.012613
0.918071 -0.011623
