0.880610 -0.021468
-0.865335 -0.016832
0.913516 0.000430
0.872589 -0.013730
0.910561 -0.017089
0.859541 -0.011267
0.865947 -0.043143
-0.945019 -0.030068
-0.902172 -0.007833
-0.865783 0.007184
-0.869872 -0.015891
0.868426 -0.028593
0.905732 -0.005353
0.858416 -0.013322
-0.875075 0.013181
0.901048 -0.025585
0.882930 -0.022466
0.901058 0.000402
0.919870 -0.002098
0.866339 0.012933
-0.897136 -0.013234
0.893927 0.000902
0.908796 0.002874
0.881177 0.013697
-0.896285 -0.007016
-0.864432 -0.022701
0.946137 0.024784
-0.884584 0.002113
-0.902490 -0.005509
-0.928684 -0.009740
-0.908303 -0.003785
-0.912603 0.021538
0.853699 -0.018778
-0.890045 0.014039
-0.881027 -0.010525
0.908065 0.030121
0.888463 -0.034570
0.905867 0.007725
0.898242 0.002765
-0.875348 0.001671
0.913288 -0.011055
-0.872025 0.000193
0.881020 -0.020638
-0.954381 -0.016725
0.879734 -0.012311
-0.868476 0.015943
-0.883012 0.028538
0.860981 -0.030947
-0.883022 -0.002019
-0.887081 -0.005723
-0.899449 -0.000802
-0.856474 -0.000605
-0.895404 0.006408
-0.872046 -0.002261
-0.854929 0.034310
0.908048 0.030859
-0.870067 -0.006416
-0.908298 0.019676
0.887131 0.029793
0.888828 -0.018046
-0.900337 -0.024937
-0.889014 0.023654
0.859786 -0.017975
-0.906362 0.010835
0.891831 -0.023438
-0.885054 -0.013248
0.857046 -0.021319
-0.866288 0.018919
-0.899808 -0.007595
0.900006 0.010224
0.905549 -0.003674
0.906228 0.021662
-0.922941 -0.047127
-0.886955 -0.050957
-0.916197 -0.029204
-0.884706 -0.023565
0.897989 0.015769
0.903217 0.033719
0.911522 0.044950
-0.926932 0.002302
0.843912 -0.003141
0.914793 0.019892
-0.884892 -0.022560
0.878909 0.039093
-0.884567 -0.007798
-0.950738 -0.022856
0.860974 0.005245
-0.871101 -0.022635
-0.920884 0.015354
-0.884752 -0.003894
-0.886238 -0.000429
-0.938433 0.001852
-0.896655 0.008773
-0.856889 0.001492
-0.884105 0.014285
-0.878897 -0.002721
0.870886 -0.010118
-0.876461 -0.023961
0.887058 0.014273
-0.874057 -0.015455
-0.906507 0.011913
0.861492 -0.007147
0.827333 -0.052774
0.905215 0.031879
-0.911494 0.024745
-0.852955 0.041309
0.901494 0.016201
0.865454 -0.058993
-0.913535 0.004089
-0.858783 0.037384
-0.872665 0.006767
0.893778 0.003932
0.872283 -0.017450
-0.904135 -0.013169
0.892468 0.006683
-0.866395 -0.003276
-0.922866 -0.023505
0.872244 0.028948
-0.923844 -0.020656
0.872089 0.022807
0.943495 0.023785
-0.883466 -0.040453
0.936961 0.019720
0.918242 0.010767
-0.900101 -0.024346
-0.901569 -0.011120
-0.891226 -0.025266
0.922623 -0.027142
-0.880099 -0.000249
-0.891167 0.024668
-0.881391 -0.007194
-0.879928 -0.023204
0.891049 -0.019389
-0.904222 -0.009196
-0.883194 0.026790
-0.879716 0.011029
0.905061 -0.020230
0.871074 -0.029789
0.881389 -0.006038
-0.917639 0.005316
0.902287 -0.015236
0.887775 -0.001327
-0.880469 0.033819
-0.886598 0.004251
-0.879138 -0.008966
-0.878864 -0.018017
-0.870642 -0.002475
-0.884873 -0.015736
0.916459 0.009558
0.863112 -0.003738
0.882206 -0.021558
0.917388 0.019791
-0.881628 -0.031870
-0.859114 0.001988
0.889675 0.001822
0.860163 -0.050506
0.943784 0.049112
0.889573 -0.005024
0.892055 -0.011401
0.931990 0.003169
0.885918 -0.010354
0.906660 0.015022
0.910527 -0.015054
0.886000 -0.026769
0.917573 0.019068
0.918031 0.016401
0.920219 0.003744
0.940043 0.037434
-0.945547 -0.035658
-0.914522 -0.062577
0.894211 0.012894
0.891628 0.014709
-0.909382 -0.033680
-0.896946 -0.059724
-0.923016 -0.039119
0.907453 -0.009929
-0.883358 -0.018137
0.874483 -0.011498
-0.862641 -0.021424
-0.900079 -0.020623
0.878503 -0.009657
0.928400 0.007492
-0.874372 -0.001616
-0.880692 -0.022526
0.933718 -0.018652
-0.883615 -0.023936
0.894499 -0.022702
-0.923439 -0.019812
0.883474 0.003877
0.867832 -0.003869
0.898720 -0.009898
-0.846665 0.010656
0.893344 -0.004228
-0.878521 0.018783
0.887963 -0.005339
-0.886517 0.008044
-0.886538 0.014684
0.861334 -0.019229
0.835011 -0.037058
0.919334 0.034724
0.909211 -0.003018
-0.861787 0.030017
0.881007 0.019012
0.857195 -0.028330
0.911811 0.017455
0.882207 -0.007557
-0.873310 0.032168
-0.926926 0.010141
0.881528 -0.035839
-0.885630 0.018217
0.905725 -0.000252
0.885593 -0.011425
-0.914004 -0.002647
0.889748 -0.008572
-0.909163 0.004051
-0.923941 -0.008681
0.938802 0.040185
0.889207 0.059555
0.933303 0.010865
-0.893268 -0.028829
-0.902253 -0.034096
-0.897901 -0.050357
-0.888821 -0.035173
-0.912178 0.008309
0.878837 -0.016864
-0.906807 -0.001664
-0.887325 -0.028916
-0.892562 -0.028346
0.899848 -0.015855
-0.906747 -0.002635
-0.889052 -0.008015
0.879822 -0.013602
-0.908430 0.021651
0.870270 -0.002186
0.897359 -0.010467
-0.921638 0.015911
0.908266 -0.018450
-0.891283 0.011264
-0.885921 0.013279
-0.859187 -0.010418
0.872894 -0.015066
0.833861 0.006636
-0.877956 0.005905
0.902948 -0.002839
0.876258 -0.004802
-0.885343 0.006724
-0.839330 0.038124
0.940247 0.036245
-0.910145 -0.005000
0.877522 -0.018739
-0.890388 -0.005534
0.866193 -0.042971
0.890086 -0.005207
0.873989 -0.014040
-0.883638 0.002891
-0.895672 0.021149
-0.863802 0.031993
0.916712 0.006537
-0.926943 0.025776
0.863475 -0.025548
-0.903082 -0.008775
0.935931 0.003237
0.892272 -0.012257
0.928282 0.012525
-0.952699 -0.044823
0.890372 0.059497
-0.935606 -0.028646
-0.871776 -0.018565
-0.909071 -0.035172
-0.948380 -0.046653
-0.886435 -0.031281
0.911707 -0.000123
0.884079 0.009488
0.892268 0.010075
-0.889365 -0.007993
0.907910 0.031746
0.875036 0.005501
-0.915479 -0.000384
0.892047 0.010744
0.879292 0.013706
-0.939758 0.012309
-0.865902 0.002473
0.887099 0.013188
-0.932640 -0.015295
0.887099 -0.020434
-0.877118 0.006315
0.904244 -0.014089
0.821710 -0.019669
-0.884627 0.010472
-0.878648 0.005415
-0.899063 0.012146
-0.899094 0.023112
-0.913057 0.029928
-0.885362 0.038550
-0.859436 0.033516
0.907067 0.026258
-0.878740 0.014555
-0.869104 0.047694
0.898712 0.011203
0.864577 -0.067273
-0.920587 -0.003060
-0.889626 0.030505
-0.910566 0.032697
-0.926481 0.042702
-0.898031 0.046824
0.858352 -0.015396
0.896579 -0.037642
0.869588 -0.038927
0.903392 -0.004634
0.905777 -0.020411
-0.892166 0.034331
-0.939709 -0.001438
0.944392 0.032457
-0.888914 -0.050228
0.913225 0.031002
0.889677 -0.011152
0.892568 -0.008920
-0.914606 -0.027919
0.899339 0.036991
-0.899673 0.012550
0.864153 -0.006815
0.929513 0.001742
-0.869062 -0.026207
0.901589 0.045532
-0.877440 0.002665
-0.916887 0.001904
-0.900872 0.003447
-0.892596 0.002016
-0.919967 0.047753
-0.889168 0.016373
0.902997 -0.027004
0.935575 0.003531
0.922079 -0.011001
0.910672 -0.008199
-0.865098 0.033982
-0.858510 0.037352
-0.876506 -0.001151
-0.857914 0.016361
-0.875790 0.032218
-0.907326 0.018275
-0.927438 0.006150
0.819193 0.003966
0.845105 -0.050034
-0.901735 -0.009834
0.939773 0.024933
-0.871395 0.021183
-0.898082 -0.005658
0.898391 -0.048629
-0.896409 0.024600
-0.889113 0.028601
0.860852 -0.024333
0.899683 -0.025435
0.899106 -0.040159
-0.890822 -0.000393
-0.922907 0.013806
-0.878108 0.039849
0.900252 -0.010235
0.932970 -0.010686
0.925180 -0.019978
0.921368 -0.022729
0.926011 0.014366
-0.906466 -0.060478
-0.947505 -0.033791
0.860320 0.018484
-0.916466 -0.006646
0.913869 0.025173
-0.887211 -0.011217
0.938586 -0.016396
-0.883953 0.018996
-0.905681 -0.000679
0.882991 0.022541
-0.875408 -0.019089
-0.898611 0.003081
-0.919219 0.003745
0.884718 0.018174
-0.884868 -0.001278
-0.901723 0.021989
0.855203 -0.007457
0.870941 -0.026885
0.957469 -0.001992
0.931642 0.005042
-0.852527 0.007663
-0.908544 0.026566
0.869651 -0.001167
0.888351 -0.000327
-0.894515 0.003788
-0.898213 0.021422
-0.903079 -0.017593
0.897510 0.006819
0.838421 -0.039598
-0.866616 0.044631
-0.940232 -0.029424
0.915247 0.024281
-0.876056 0.016935
-0.870264 0.013891
0.886894 -0.034619
0.932332 -0.015717
0.880411 -0.018746
0.860840 -0.037034
-0.904584 0.042625
0.849445 -0.039360
0.907012 0.008036
-0.932296 0.024804
0.886830 -0.018060
-0.913894 -0.009886
0.896733 0.016075
-0.961262 0.000565
0.884715 0.023979
-0.918631 -0.033143
0.918013 0.074226
-0.919462 -0.027684
0.948454 0.029063
-0.909482 -0.034158
0.928329 0.037166
-0.907361 -0.046836
0.904782 -0.007640
-0.874852 -0.007496
0.919865 0.019265
-0.893270 -0.030349
0.892533 0.028957
-0.902155 0.013100
-0.902542 -0.009527
0.916562 0.019631
-0.901914 -0.012440
0.934217 -0.002195
0.876898 -0.004891
0.889594 0.001795
-0.952646 -0.007779
0.899840 0.010289
0.853445 -0.018951
0.905984 -0.013037
0.855980 -0.016715
0.868294 -0.041236
0.914343 -0.007222
-0.867047 0.016612
-0.863162 0.033269
-0.922804 0.023789
0.839599 -0.032586
-0.866243 0.045209
0.908165 0.009030
-0.906362 0.002231
-0.865157 0.042034
0.837685 -0.002093
-0.858147 0.039473
0.929128 -0.003624
-0.883965 0.022580
0.868483 -0.033265
0.866852 -0.037499
-0.879698 0.046109
-0.896532 0.025230
0.843554 -0.012851
0.864812 -0.033044
0.923135 0.008038
0.892093 0.004384
-0.906198 0.019568
0.915671 0.012726
-0.937861 -0.018741
-0.893627 -0.034969
0.916017 0.013276
-0.891071 -0.005819
0.899059 0.022064
0.925175 0.036051
0.918242 0.032010
0.911417 -0.023332
0.858219 -0.022984
-0.902747 -0.001970
-0.876962 -0.002162
-0.905383 -0.021786
-0.906141 0.016777
0.902033 -0.010964
-0.889633 0.005344
0.884464 0.002256
0.897288 -0.025079
0.875716 -0.001301
0.886034 -0.011993
0.954808 -0.003028
-0.891460 0.014352
-0.860008 0.018257
-0.908278 0.030349
-0.886495 0.011767
-0.862612 0.000426
0.870300 -0.006231
0.881870 -0.000582
-0.900198 -0.018511
0.903512 -0.026623
0.856896 0.001695
0.887133 -0.039385
0.911042 0.021560
-0.912854 -0.007462
-0.878959 -0.003440
0.926102 0.001825
0.873859 -0.038724
0.910201 -0.035636
-0.891120 0.027777
0.861316 -0.029266
-0.866944 0.025605
-0.891443 0.029544
0.899116 -0.010681
0.922317 -0.032126
-0.897369 0.026638
-0.909409 -0.021097
0.918929 -0.001436
0.894547 -0.025623
-0.893500 -0.016649
-0.921171 -0.050376
0.883937 0.051958
-0.919792 -0.048391
0.905195 0.020558
0.906493 0.056545
-0.903147 -0.049136
0.899672 0.039695
-0.891633 0.009773
-0.869756 -0.024887
0.918765 0.028203
0.880561 0.026456
-0.907108 -0.034650
-0.891669 -0.022759
-0.916188 -0.023290
0.903164 0.018652
-0.847995 -0.030147
0.920822 -0.008994
0.877951 0.004576
0.881270 -0.016169
0.929981 0.003143
0.907426 -0.017177
0.854027 -0.004694
0.888089 -0.027138
-0.870011 -0.010762
-0.851254 0.019682
0.856648 -0.000620
-0.875625 -0.008099
-0.880485 0.006921
0.898172 -0.014419
0.889737 0.000473
-0.843095 0.053529
-0.903552 -0.023243
-0.916499 -0.023950
-0.898074 0.024685
0.916327 0.022688
0.909214 -0.019508
-0.920588 0.003008
-0.883586 0.015871
0.869213 -0.008097
-0.892676 0.017874
-0.866049 0.019531
0.905079 -0.002506
-0.899294 0.022550
-0.884727 0.029120
0.901611 0.020959
0.943645 0.026867
0.901510 -0.010397
-0.896319 -0.011590
0.945583 0.002335
0.892752 0.018661
-0.944460 -0.011078
0.884211 -0.008471
0.931848 0.021203
-0.903059 -0.024318
-0.904176 -0.037418
-0.919457 0.012083
0.868360 -0.015329
0.903175 0.011941
0.891647 0.020353
0.908390 0.010100
-0.912304 -0.002838
-0.922386 -0.010271
0.900791 0.009789
0.874046 -0.002522
-0.899084 0.036862
0.884734 -0.030577
0.887415 -0.011559
0.908907 -0.012596
-0.887234 0.007630
-0.876235 0.005208
0.900713 -0.022967
0.874763 -0.000967
-0.891636 0.008596
0.905318 0.024266
-0.866433 0.014684
-0.890610 -0.003932
0.924315 0.014781
-0.859287 0.008548
0.853082 -0.007185
-0.935299 -0.037681
-0.916314 0.012997
-0.870468 0.025082
-0.901146 -0.013353
0.846182 -0.023167
-0.898067 -0.005979
0.881270 -0.024860
0.855660 -0.015933
0.887508 -0.036510
-0.873326 0.055702
-0.916557 -0.008342
-0.929612 0.042355
-0.876515 0.026908
0.898219 0.018667
-0.909440 -0.003674
-0.909337 0.004824
0.913340 0.009847
-0.921344 -0.008010
-0.875208 -0.052890
-0.923943 -0.006859
0.863990 0.022531
-0.904952 -0.029942
0.915808 0.029223
0.892790 0.025144
0.917097 -0.022295
-0.880936 -0.000408
0.887716 0.010412
-0.885206 -0.015765
-0.916655 -0.019077
0.902213 0.013048
-0.913858 -0.016929
0.880188 0.015642
0.900409 -0.001598
-0.900769 -0.002899
0.864567 0.012839
-0.879471 0.024289
0.911979 0.017919
-0.901611 0.017229
-0.847416 0.017450
-0.904321 0.025513
0.874946 0.000445
-0.885371 -0.003168
-0.875972 -0.003937
-0.874863 -0.006353
0.882999 0.003121
-0.916986 -0.001317
0.857571 -0.005740
0.863887 -0.039497
-0.954072 -0.032656
0.909089 0.010044
-0.891999 0.028730
0.882555 0.032142
0.874618 -0.033936
0.939613 -0.007034
-0.897489 0.016089
0.877898 -0.008734
0.907783 -0.016889
0.904443 -0.047566
-0.887381 -0.012274
0.929394 -0.031043
0.920289 -0.019973
0.914986 -0.002011
0.918875 -0.007521
-0.906112 0.002154
0.934100 0.014711
-0.911300 -0.030619
-0.875161 -0.047531
-0.931100 -0.021588
-0.894103 -0.031123
-0.916401 -0.030088
-0.916180 -0.036675
-0.907900 -0.037900
-0.918803 -0.004138
-0.868127 -0.001726
0.886377 0.007215
0.897961 0.033597
-0.906113 -0.032045
-0.903781 0.000798
0.910542 0.004895
0.921770 0.009221
0.895654 0.026008
0.896064 -0.036629
-0.877703 -0.014501
0.903495 0.001306
0.954921 0.002172
0.890028 -0.010969
-0.866462 -0.002167
0.917472 -0.027426
0.870180 -0.005789
-0.902236 0.016165
-0.930326 -0.008110
0.899372 -0.000654
0.874654 -0.013877
0.922268 -0.006915
0.855088 -0.024815
-0.859037 0.034762
-0.926530 -0.020143
-0.929664 -0.004063
-0.859857 0.003947
0.890516 0.022501
0.873516 -0.029161
0.914152 -0.010325
-0.876113 -0.000585
-0.869481 0.007722
0.911434 -0.021921
0.880586 -0.027685
-0.898146 -0.012029
0.878728 -0.000583
0.912382 -0.037651
-0.953204 -0.029155
0.905750 0.039213
-0.916722 -0.009537
0.909104 0.035073
-0.936631 -0.042661
0.911016 0.062339
-0.918720 -0.036990
0.879200 0.031250
-0.893871 -0.032169
0.939278 0.030612
-0.901316 -0.052985
0.896830 -0.020567
-0.878844 -0.007917
-0.878301 -0.000661
-0.873465 -0.017376
0.901854 0.042106
-0.895665 -0.013863
-0.915720 -0.016386
-0.901200 -0.017105
0.891159 0.017177
-0.895130 0.002251
0.896648 0.008711
0.899470 0.000007
-0.944589 -0.016068
-0.911959 0.002182
-0.870288 0.005652
0.893067 -0.028395
0.884831 -0.006934
