-0.880561 0.001994
0.889070 0.003834
0.866917 -0.011585
-0.898152 -0.007681
-0.880762 0.012424
0.873482 -0.014132
0.868202 -0.039955
0.855903 -0.001019
0.844872 -0.010664
0.910487 -0.014566
-0.919715 -0.032802
0.863837 -0.003416
-0.891334 0.000526
0.864030 0.003848
-0.871390 0.016201
-0.893536 0.020188
0.889641 0.003892
-0.883661 0.017581
0.844942 0.007068
-0.849175 0.018223
-0.871858 -0.005905
-0.885528 0.019408
-0.884956 0.012650
0.871832 0.024044
-0.872773 0.040220
0.844082 0.010829
-0.857701 0.019313
-0.862261 -0.001112
-0.869479 -0.010093
-0.842636 -0.001873
-0.886350 0.014309
0.888527 -0.023977
-0.883637 0.030416
0.862862 0.005114
-0.868636 0.026373
-0.909008 0.023707
-0.894196 0.014783
0.857487 0.006370
-0.858955 0.033220
-0.891728 0.036646
0.844263 -0.027017
0.891120 -0.036206
0.876984 -0.006401
-0.837291 0.002039
-0.887363 0.022519
-0.877778 0.023145
0.853926 -0.006300
-0.876766 0.028282
0.857263 -0.005127
0.910570 -0.006254
-0.862592 -0.003649
-0.899844 -0.000927
0.860225 -0.010117
0.900194 0.006584
0.868498 -0.010820
0.860945 0.019469
0.833882 -0.016189
0.877951 -0.017461
0.910728 0.023257
0.882893 0.014563
-0.858538 -0.000945
-0.864961 0.000867
0.878634 -0.015193
-0.866866 0.005627
-0.865492 -0.003453
0.919468 0.001060
-0.881709 -0.013461
-0.839368 -0.003347
0.848185 -0.001071
-0.866907 -0.004671
0.849817 -0.017859
0.907024 0.008848
-0.890831 0.004752
0.852373 -0.002766
-0.872461 -0.009799
-0.860944 -0.031873
-0.854029 -0.030147
-0.868880 -0.026713
-0.870602 0.004432
0.875440 -0.015089
-0.884090 -0.006863
-0.888495 -0.024348
-0.879700 0.023308
-0.896127 0.004605
0.888856 -0.003003
-0.847265 -0.003234
0.887631 -0.022659
-0.860771 0.000512
-0.851600 -0.004397
0.898103 -0.017163
0.892578 0.005459
0.847538 0.016117
-0.879861 0.005338
-0.869915 -0.002112
-0.859880 -0.003264
0.883390 -0.009179
0.875016 -0.022952
-0.903647 0.008997
-0.835574 0.015145
0.881907 -0.019759
-0.875059 0.012963
-0.895628 0.000487
0.859943 -0.020754
-0.873525 -0.017990
0.861059 -0.014062
0.873251 -0.023433
0.910577 0.006167
0.876173 -0.010716
-0.881292 0.001779
-0.848548 0.006742
0.893512 -0.028109
-0.913096 0.013956
-0.862679 -0.002252
0.898177 -0.017280
0.858141 0.004533
0.836917 -0.010681
-0.851934 -0.008044
-0.858959 0.026994
0.852846 -0.022434
-0.923834 -0.004970
0.854168 -0.023862
-0.843434 -0.006517
0.870854 -0.009383
-0.895959 -0.020494
-0.836424 -0.015051
-0.887532 -0.030845
0.871845 -0.013619
0.892952 0.009901
0.889468 -0.001502
-0.865498 0.007095
-0.873370 0.023101
-0.881582 0.008388
0.872195 -0.003428
-0.877175 0.000094
-0.881680 0.010296
0.892308 -0.010827
0.831645 -0.008932
-0.895988 0.011202
0.853577 -0.014590
-0.839419 -0.005434
0.872108 -0.018862
-0.903796 0.016966
0.852105 -0.016771
0.861007 -0.015589
0.871772 -0.007224
-0.901304 0.002597
0.867301 -0.011633
0.911025 -0.011703
0.847172 0.002663
-0.869976 0.017232
0.858581 -0.022242
-0.859452 0.001046
-0.854173 -0.004812
0.896969 -0.020778
-0.927103 0.004260
0.854673 -0.000480
0.886727 0.005311
-0.861345 0.014650
-0.893178 0.024261
-0.870016 0.013722
-0.868497 0.021031
-0.892157 0.021191
0.884029 0.004521
0.836960 0.016969
-0.846902 0.018683
0.883004 -0.016924
-0.864655 0.031844
-0.917052 0.010231
-0.882620 0.024597
-0.841977 -0.006904
0.880313 -0.004595
-0.858857 -0.005304
0.853773 0.030941
-0.876984 -0.026452
0.873308 0.012655
0.888536 -0.003998
0.862689 -0.006724
0.884058 0.013169
-0.884964 0.034322
-0.907031 0.001020
0.891738 0.000123
-0.863238 -0.004573
-0.883263 0.009224
0.888004 -0.020464
-0.845890 0.013095
0.890712 -0.001037
0.880456 0.006562
0.841190 0.017114
-0.870351 0.009113
-0.883777 0.016231
0.849755 -0.016321
-0.890450 0.001012
-0.874660 0.004202
0.903364 -0.010786
-0.864341 0.032395
0.894396 -0.010860
0.863057 -0.008586
0.903618 -0.020529
0.875246 -0.024049
0.859016 0.007044
0.857284 -0.005125
-0.873563 0.035526
-0.902586 -0.003466
0.864730 -0.002366
-0.875590 -0.005985
0.857842 -0.006968
-0.880115 0.025277
-0.878289 0.008186
0.880254 -0.004395
-0.880783 0.010429
-0.877955 -0.016094
-0.811819 0.003750
-0.808704 0.010928
0.877820 -0.003525
0.883836 -0.003380
0.923777 0.018064
0.917548 -0.037480
-0.829848 0.008626
0.878079 -0.030794
0.869697 -0.011071
-0.848266 0.001723
-0.878595 -0.000879
0.878748 -0.007387
0.900485 -0.044009
0.895518 -0.019722
0.885734 -0.020917
-0.889740 0.037678
0.884958 -0.020192
-0.873432 0.009796
-0.867305 0.016663
-0.885288 0.048083
0.880858 -0.047610
0.851052 -0.035491
0.902880 -0.023523
0.901720 -0.015447
0.847171 0.009581
0.881564 -0.017779
-0.876118 0.034988
-0.854589 0.020243
-0.879896 0.028831
-0.865824 0.008598
0.895616 -0.004113
0.864669 -0.005741
0.882678 -0.006909
-0.854270 0.001207
-0.868373 0.022982
0.875500 -0.021126
-0.868043 -0.025237
-0.886552 -0.023459
-0.897458 0.027170
-0.912324 -0.025103
0.891039 -0.007304
-0.852597 -0.011400
0.857156 -0.005333
-0.889546 0.003632
-0.879552 0.020555
0.879737 -0.011341
0.899182 -0.005763
0.879963 0.027041
-0.836992 0.000921
-0.854147 -0.018000
0.877953 -0.013130
-0.856965 -0.000141
-0.892168 -0.005934
-0.869494 0.010461
-0.842222 0.014725
-0.875150 0.009714
0.879575 0.007771
-0.837479 -0.009578
-0.863333 -0.018898
-0.865164 0.006843
-0.890053 0.038590
0.893051 -0.007684
0.878077 0.000084
0.881884 -0.028202
0.893963 -0.005333
-0.878935 0.001733
-0.873909 0.007017
0.870248 -0.020089
-0.878951 0.037759
0.848522 -0.019461
-0.893842 0.006780
-0.891970 -0.004485
-0.839847 -0.007918
-0.883170 -0.003959
0.895332 -0.007622
0.850542 -0.006179
0.886168 -0.009549
0.849991 -0.012099
0.912931 -0.021299
0.851618 -0.013251
-0.880473 -0.014568
0.843106 0.002680
-0.891402 -0.003498
-0.865081 0.007095
-0.851852 -0.018171
0.864465 0.034881
-0.881943 0.007062
0.915827 0.018947
0.869293 0.006700
-0.872302 -0.004941
-0.866043 -0.002215
0.871446 -0.001642
-0.872948 0.006346
-0.858489 -0.004997
0.891654 -0.015257
0.888444 -0.012881
0.832052 -0.017091
0.837805 -0.000034
-0.868929 0.002725
-0.865662 0.008681
-0.882595 -0.009742
-0.879619 0.000478
-0.846739 -0.025071
-0.880648 -0.025283
0.861282 0.008709
0.852434 0.010058
0.872127 0.022393
-0.873862 -0.019363
-0.882664 0.015043
-0.900394 0.000270
-0.886929 -0.010709
-0.888652 0.017431
-0.903640 0.001681
-0.883913 -0.020021
0.861848 0.014749
-0.887824 0.010231
-0.865526 0.003130
0.848882 0.001721
-0.884026 -0.015796
-0.884864 -0.004056
-0.847303 -0.004898
-0.894641 0.008028
-0.883618 0.013067
-0.848303 0.007773
-0.874199 0.007409
-0.864267 0.012661
-0.906321 0.003903
0.854420 -0.031416
-0.896564 -0.002879
0.843321 -0.012655
-0.871008 0.018872
0.849940 -0.015219
-0.855772 -0.005513
0.894876 0.015896
0.887914 -0.022768
-0.895175 -0.003077
-0.843672 0.010858
-0.831764 0.005025
-0.850635 0.010822
-0.891156 0.029670
-0.888902 0.028309
-0.887530 0.020348
-0.903811 0.026086
0.900431 0.013055
0.862406 0.019487
-0.826556 0.010124
0.896342 -0.010324
-0.843621 0.014306
-0.863650 -0.007348
0.881709 -0.018662
0.851572 0.006631
-0.880168 -0.005980
-0.856606 -0.012752
-0.849209 -0.025782
-0.898408 -0.032642
0.864708 -0.010260
0.896754 -0.031004
0.895171 -0.005607
0.877417 -0.015604
0.900282 -0.003394
-0.899011 0.007430
-0.864540 0.012181
-0.859453 0.002424
0.880632 -0.023698
-0.899013 0.017884
0.845950 -0.007406
-0.896589 0.013466
-0.894761 0.015099
-0.835393 0.006408
0.887443 -0.014972
0.878002 -0.006161
-0.854453 0.005577
0.902789 -0.008159
-0.865046 0.019549
-0.916928 0.006179
-0.883601 0.035293
0.869321 -0.002515
0.867920 -0.022727
-0.883281 0.005000
-0.847223 0.025513
-0.857756 -0.005333
-0.888135 0.012683
0.889313 -0.015732
-0.892743 -0.005450
-0.868425 0.003101
0.873887 0.000675
-0.852699 0.016076
-0.902793 0.024318
-0.887577 0.030969
0.872440 0.009020
-0.887263 0.023995
-0.914783 0.006270
0.859438 0.008873
-0.827626 0.012811
-0.882402 0.023327
-0.889622 0.030261
0.878216 0.010355
0.872524 -0.002920
-0.860147 0.009307
0.840658 0.003233
0.874088 0.032515
0.842068 0.018121
-0.862526 -0.017773
0.875448 0.009053
-0.861826 0.021974
-0.893092 0.008807
-0.909587 0.003065
0.866205 -0.017905
0.920185 -0.012150
-0.863304 0.000425
-0.853745 0.015132
-0.872252 0.039536
-0.901629 0.029693
-0.868529 0.020142
0.861984 -0.015063
0.883097 -0.016212
0.831163 0.007580
0.888634 -0.005246
-0.879225 0.022282
0.836215 -0.013649
0.885353 -0.018222
0.870939 -0.012701
-0.907282 -0.003372
0.852249 -0.036462
0.889155 -0.018552
0.852242 -0.021874
0.864276 -0.030001
0.889100 -0.017378
-0.857637 -0.023462
-0.874678 -0.024958
0.896362 -0.016778
0.919499 0.034052
0.875088 0.021399
-0.873340 -0.003306
-0.864574 -0.006706
-0.888126 0.000421
0.888262 -0.001300
0.875420 -0.006572
0.888156 -0.012393
-0.893395 -0.032284
0.846287 0.004633
-0.836249 -0.011451
0.867410 -0.001652
-0.868242 -0.000966
0.885175 0.022097
0.870841 -0.045584
0.828554 -0.017617
-0.885206 0.016766
-0.885582 0.003297
0.847157 0.009309
-0.883181 -0.000589
-0.891783 0.015731
0.895574 -0.041722
-0.879006 0.020060
0.871177 -0.023619
0.887860 -0.027136
-0.898293 0.027618
-0.891216 0.015542
-0.862993 0.019152
-0.883114 0.060792
0.879895 -0.013878
-0.840168 0.020107
-0.891864 0.018094
0.886584 -0.007554
-0.844129 -0.019947
-0.893106 0.003217
0.884285 -0.016207
0.879639 -0.011633
-0.885186 0.017247
0.879482 -0.011141
0.922716 -0.020836
0.882510 -0.017145
-0.872528 -0.004794
0.855017 0.008190
-0.867705 -0.000144
-0.845738 0.017075
-0.865114 -0.019611
0.856911 0.007732
0.906325 -0.037979
-0.879835 -0.002324
-0.863720 -0.002354
-0.852886 -0.002746
-0.856086 0.012790
-0.898234 0.017632
-0.879412 0.023085
-0.880434 0.001892
-0.908089 0.007757
-0.919439 -0.034039
-0.853209 -0.003045
-0.848516 0.009181
-0.890340 0.028745
-0.909479 0.012016
0.871272 0.018643
-0.882404 -0.000106
0.823194 0.027045
0.871306 0.005858
-0.861630 -0.025640
0.839280 0.031077
0.879285 0.030021
0.894290 0.011057
0.913390 0.002724
-0.863897 0.007730
0.881930 0.014865
0.901802 -0.015934
0.930167 0.020438
-0.864744 -0.010623
0.863430 0.014770
0.914716 -0.000150
-0.873104 0.001482
0.861646 -0.007085
0.899924 -0.020135
-0.851941 -0.001872
-0.831025 -0.011145
-0.853725 0.020388
-0.875650 0.017387
-0.858370 0.015212
-0.891441 0.004753
0.870444 -0.009382
-0.900119 0.024597
0.858557 -0.030042
-0.903148 0.018216
0.841190 -0.010395
0.877689 -0.016065
-0.862009 0.038887
0.868261 0.013143
-0.866921 0.002117
0.873322 -0.027199
0.909513 -0.004884
-0.854828 -0.000511
-0.863108 0.014756
-0.870949 -0.000799
0.884122 -0.021628
-0.881124 0.027260
0.852430 0.000983
0.893058 -0.002207
0.862314 0.010183
-0.834079 -0.004794
-0.856595 -0.002967
-0.885119 0.009970
-0.901705 0.000273
0.856081 -0.014967
0.865298 -0.047098
0.836015 -0.009613
-0.877685 0.035461
0.840751 0.011550
0.837230 0.009122
0.866615 0.027166
0.877403 -0.009336
0.880085 -0.020530
0.883744 -0.025290
-0.857015 0.011473
-0.883836 0.027377
-0.918583 0.013001
0.882364 -0.009077
-0.873245 0.009839
0.896034 -0.027724
-0.899614 0.038834
0.861032 -0.014575
-0.892829 0.038426
0.902854 -0.018347
-0.849486 0.013569
0.874675 -0.029336
-0.863732 0.020522
-0.866306 0.024845
0.868782 -0.025440
0.862805 -0.012617
0.927083 -0.019299
0.876898 -0.025291
0.901442 -0.013519
0.846837 -0.018710
0.884581 -0.029601
-0.850406 0.007362
0.845891 0.008026
0.867686 -0.017024
0.890512 -0.043481
0.903077 0.001009
0.886190 -0.005895
0.871587 -0.020960
-0.850846 0.000627
0.886917 -0.009589
-0.872226 0.022325
0.884136 0.007163
-0.886556 0.026109
-0.911647 -0.006010
-0.834262 0.007085
-0.843928 0.011904
0.862921 -0.011503
-0.861931 -0.006969
0.890340 -0.014393
-0.875415 0.013065
-0.850481 -0.011813
0.862689 0.001130
0.867957 0.016528
0.857856 0.020451
-0.868446 -0.052742
0.860615 0.002780
0.877334 -0.014719
0.875549 -0.008904
0.889310 0.007203
-0.869444 0.013825
-0.901118 0.014139
0.871880 -0.002126
0.876160 -0.008873
0.891528 -0.029418
0.887798 -0.024095
0.850468 -0.021697
0.883944 -0.019585
0.898560 0.000764
-0.834506 -0.000349
-0.899173 0.008706
0.861992 -0.008221
0.875983 -0.003989
-0.845510 0.025899
-0.853526 0.012434
-0.925691 0.016797
0.861912 -0.017592
0.906092 -0.008206
-0.847007 0.012434
0.878317 -0.011800
-0.848304 0.031397
-0.858839 -0.016850
-0.866658 0.001943
0.882529 -0.031669
-0.884244 0.003432
0.884745 -0.005956
-0.862973 -0.002502
-0.859292 0.005952
0.894477 -0.002118
0.886113 -0.007131
0.883432 0.000435
-0.896914 0.015599
-0.889886 -0.020189
0.839082 0.017149
0.861567 0.020231
0.880823 0.001071
-0.856525 0.020254
0.903148 0.008433
0.897978 -0.032005
0.860786 -0.008004
0.911493 -0.028321
0.873998 -0.006313
-0.846594 -0.000274
0.886199 0.037462
0.877800 0.001348
0.882617 -0.019105
0.880943 -0.017899
0.889790 0.001400
0.891952 -0.025982
0.909752 -0.002344
-0.861662 0.011498
-0.858986 0.020862
0.888966 -0.024518
-0.874233 0.033150
0.855583 -0.016606
0.889555 -0.012178
0.909064 -0.004676
-0.846328 0.000222
-0.889432 0.014877
0.873411 -0.012504
0.857202 -0.005312
0.902501 -0.006406
0.859489 0.004066
0.914941 0.017396
-0.844673 0.023606
-0.882219 -0.007130
-0.861530 0.009669
-0.882806 0.047093
-0.875056 0.036176
-0.856723 -0.011949
-0.879752 -0.022076
-0.929331 0.021225
0.874130 -0.008927
-0.911212 0.009470
0.857693 -0.005843
0.838134 -0.011314
0.886495 -0.030718
0.866933 -0.032104
0.869498 -0.034608
0.890089 -0.018671
0.880650 0.027815
-0.839555 -0.009169
-0.856783 -0.015947
0.849600 -0.041124
-0.907506 0.021246
0.862581 -0.002042
0.852553 -0.028035
-0.865835 0.038626
-0.907140 0.020658
-0.909084 -0.006676
-0.887286 -0.002472
0.858128 0.034530
0.857905 0.006358
0.880208 -0.024831
0.882190 -0.032472
-0.869070 0.012623
0.866705 -0.066698
-0.892767 0.039945
0.886878 0.000258
0.877194 0.005152
-0.859825 0.042607
-0.896223 0.009134
-0.874337 0.004653
-0.910743 0.020537
0.873851 0.006598
0.843595 0.019895
-0.870691 0.035489
0.870750 -0.041548
-0.863738 0.006088
-0.877999 0.025761
