0.933208 -0.003505
-0.937061 0.051274
0.931039 -0.061023
-0.928829 0.007382
-0.963066 -0.039922
-0.931529 0.068679
0.930653 -0.027882
-0.927611 -0.020402
-0.937232 -0.071967
0.920409 -0.069673
-0.929344 -0.030692
-0.937549 0.079579
0.958608 0.007868
-0.930395 0.041427
-0.944591 -0.019194
-0.921873 -0.027198
-0.941393 0.064070
0.939582 -0.008860
-0.946819 0.096203
-0.939761 0.076109
-0.935566 -0.018185
-0.948137 0.013718
0.948949 -0.035104
-0.947345 0.030864
0.950675 0.026363
-0.939277 -0.090448
0.972488 0.032821
-0.957335 -0.041222
-0.954223 -0.075187
-0.926493 -0.057615
0.943999 0.027647
0.955220 0.058466
0.931202 0.057010
0.962904 0.035977
-0.928441 -0.010821
-0.951241 -0.083061
-0.920616 0.003318
0.950474 0.028483
0.934133 0.003833
0.962768 0.055410
0.947969 0.010053
0.943329 -0.018179
0.942101 0.039390
0.943732 0.065452
0.958239 0.010692
0.924760 -0.041894
-0.942322 0.011900
-0.940592 0.007954
0.960403 -0.018756
-0.956155 -0.018935
0.968966 -0.054676
0.925496 -0.022810
0.958898 -0.052067
0.916028 -0.094179
-0.926034 0.026248
0.925972 0.014376
-0.922342 -0.075847
0.906269 -0.007571
0.949065 0.035246
-0.981013 0.054514
0.978734 0.035901
-0.940042 0.026023
0.951630 -0.011763
-0.935956 -0.020920
0.907566 -0.061116
0.948863 0.032323
0.924185 -0.061794
0.943791 -0.038299
-0.949411 -0.030043
0.951764 0.007109
-0.933482 -0.028494
0.949024 0.004250
0.931449 0.025859
-0.930500 -0.053699
0.946125 0.013155
0.948185 -0.000655
-0.947620 -0.045644
0.940163 0.040086
-0.955853 -0.023966
0.929733 -0.012555
-0.939814 0.019430
-0.969468 0.024751
-0.943224 0.033678
0.916217 0.020545
0.929088 -0.011451
-0.940674 -0.021792
-0.959593 0.055849
-0.957518 0.045246
-0.970758 0.013069
-0.934792 0.038374
0.969979 -0.009005
-0.937392 -0.052560
0.958009 -0.026572
-0.928097 0.019216
0.940905 -0.018406
-0.920606 0.030095
-0.942071 0.022584
-0.952417 -0.004111
-0.956350 0.015865
-0.943101 -0.009231
-0.976294 0.022409
0.923473 -0.060914
0.942675 -0.040130
0.939280 0.040612
-0.931306 -0.058217
0.939500 -0.048016
-0.943320 -0.021289
-0.947086 0.069853
0.953302 -0.020436
-0.933589 0.029809
-0.956441 0.026203
-0.920872 -0.016349
0.928952 -0.068859
-0.950563 -0.023250
0.954737 -0.005230
0.945838 -0.047601
0.947283 -0.025803
0.971727 -0.049589
-0.906558 0.000722
-0.924933 -0.011673
0.955254 0.030001
-0.937880 -0.078897
0.958134 0.077876
0.941422 0.045350
0.947476 0.057462
-0.943607 -0.051713
-0.936800 -0.054230
0.927128 -0.045733
-0.952722 -0.008680
-0.953627 0.006487
0.943024 0.013213
0.940406 0.064299
-0.916858 0.009532
0.943605 0.057614
-0.950862 0.042307
-0.953548 0.007699
0.938725 0.002226
-0.962014 0.008741
-0.941148 -0.001331
-0.928861 -0.022894
-0.956421 0.007793
0.922263 -0.000069
0.937116 -0.031482
0.952267 -0.018138
0.946810 0.000196
0.947240 -0.014772
-0.964816 0.042592
0.930840 -0.026584
-0.947819 0.010580
-0.929420 0.077841
-0.935895 0.056877
-0.937604 -0.004543
0.932081 0.050621
-0.955230 0.020195
-0.943442 -0.022565
-0.957131 0.077411
-0.944681 0.015803
0.918849 -0.045297
0.941944 -0.028764
0.911139 -0.029186
-0.932131 0.086121
-0.944150 0.008454
0.972256 -0.070844
0.944110 -0.055268
0.931187 -0.034590
-0.954955 0.036599
-0.913604 0.021151
-0.926183 0.014589
-0.931109 -0.046122
0.924612 0.096556
-0.952918 -0.040601
-0.960177 -0.083715
-0.950622 -0.046007
-0.953719 -0.069788
0.932337 0.066482
-0.943567 -0.007390
-0.946569 -0.054551
0.946883 0.037601
0.941036 -0.002779
-0.945846 -0.041533
0.922028 0.047563
0.939833 0.039156
0.954669 -0.011856
0.957773 0.040766
-0.941323 -0.011056
0.953512 -0.040971
-0.946377 -0.001723
0.918494 0.037230
-0.963885 0.029770
-0.942259 -0.012941
-0.943340 0.035174
-0.917247 0.028576
0.941495 -0.020256
0.954269 0.015971
0.934154 -0.025485
-0.937823 0.010704
-0.962194 -0.012552
-0.931718 0.049527
0.938762 -0.020267
0.921944 0.024982
-0.945003 -0.050020
-0.939513 0.036216
0.929788 -0.013046
-0.943943 0.103672
0.971496 0.019362
-0.919638 0.074491
0.948288 -0.045609
-0.937781 0.044859
-0.919150 0.081721
0.941731 -0.018461
-0.947735 0.091848
-0.937554 0.109687
0.946756 -0.067261
-0.936971 0.021370
-0.915018 0.040509
-0.914729 0.046951
-0.917544 -0.068414
-0.923441 -0.139731
0.974921 0.102944
0.927762 0.071270
0.942641 0.117816
-0.947846 -0.122228
-0.932631 -0.098329
-0.944553 -0.018659
0.954105 0.036876
0.940926 0.073235
0.941082 0.035859
-0.938918 -0.085628
0.938058 -0.014241
-0.935754 -0.048150
-0.924262 0.022585
0.954433 0.061630
-0.959831 -0.018526
-0.951266 0.010799
-0.938849 -0.015625
0.940393 0.045888
0.954928 0.001210
0.937014 -0.027804
0.936270 -0.021938
-0.935382 -0.001411
-0.941720 0.012206
-0.952839 -0.006318
0.960801 -0.003720
0.936613 -0.023458
-0.975440 0.017999
0.896760 -0.107802
-0.921041 0.079995
0.915482 -0.006586
0.927356 0.087587
0.952816 -0.079438
-0.926942 -0.006728
0.941656 -0.083014
0.966711 0.059635
0.946204 -0.075222
-0.949109 0.029615
0.921942 -0.008670
0.941183 -0.023356
-0.928455 -0.025616
-0.964215 0.021196
0.938165 -0.030110
-0.939279 0.017181
-0.967138 -0.002820
-0.927682 0.016431
-0.932713 -0.014040
0.948544 0.018199
0.927658 0.063819
0.974193 -0.010792
0.956796 -0.028655
0.944548 0.021977
0.946271 0.020188
-0.943585 0.016335
-0.940432 0.023745
-0.928068 0.006034
-0.942526 0.029254
0.932141 -0.021236
0.953341 0.001138
-0.931006 0.014466
0.930290 -0.014028
0.944868 0.008461
0.945387 -0.033024
-0.964012 0.042216
0.953682 -0.049002
0.945266 0.004387
0.921682 0.031271
-0.945493 0.037494
-0.944418 0.034972
0.937485 -0.037031
0.948430 -0.027201
0.941647 -0.039368
-0.944112 0.032625
0.947361 -0.033337
0.947317 -0.024717
-0.954093 0.027727
0.954095 -0.068969
0.957294 -0.058264
-0.921993 -0.021212
0.958217 0.041471
0.958503 -0.034835
0.944366 0.000504
-0.942812 0.057429
-0.951608 -0.022282
-0.926258 0.043120
-0.953260 0.028978
0.929671 -0.052458
-0.922781 0.044411
-0.943066 0.001923
0.943048 -0.048662
-0.932826 0.086126
0.939874 -0.032914
0.968528 -0.009957
0.963864 -0.008380
-0.925190 0.017682
0.934547 0.011852
-0.948561 -0.061525
0.942779 0.051661
0.934957 0.021740
-0.954593 -0.048911
0.947035 0.072962
0.949116 0.053749
-0.938542 0.018098
0.948442 0.004246
0.968284 0.020481
0.971498 0.004540
-0.923798 -0.060702
-0.910005 0.010847
-0.920913 -0.053851
-0.949057 0.019076
-0.970204 -0.007695
-0.960447 -0.015080
-0.980227 -0.021419
-0.956188 0.021867
0.910344 -0.005280
-0.973143 0.027228
0.921379 -0.016499
0.934446 -0.012934
0.924885 -0.033204
0.938103 -0.040759
-0.939425 0.001045
0.949944 -0.024203
0.931150 -0.024701
-0.945772 0.022510
0.919102 -0.087752
-0.926936 0.072224
-0.940712 0.014761
0.952802 0.026418
0.941360 -0.030162
-0.929203 -0.003434
-0.951658 0.068057
-0.973881 0.033322
-0.931307 0.044990
-0.945143 0.023651
-0.925407 0.028466
-0.931225 0.088565
0.951282 0.008799
-0.945025 0.050766
0.948566 -0.043033
0.944167 -0.041436
0.947974 0.006967
0.923672 -0.025818
0.941154 0.019243
-0.944952 -0.053490
0.952047 0.060165
0.997206 0.046049
0.946411 0.034930
0.943510 0.072922
0.949720 0.071465
0.953142 0.055854
0.947024 -0.005870
0.967424 0.008205
0.950947 0.005760
0.946002 -0.016700
-0.951376 -0.054869
-0.937201 0.004718
-0.929288 -0.037263
0.965463 -0.040404
-0.936576 -0.038659
0.959998 -0.005491
0.966444 -0.018399
0.948286 -0.003817
-0.926837 -0.024231
0.951255 0.012315
-0.924691 0.036939
-0.930430 0.032103
0.940889 -0.041546
0.927003 -0.041300
-0.952400 0.002894
-0.941956 0.101549
0.929819 -0.061579
0.945166 -0.058913
-0.930414 0.060084
-0.937395 0.045963
0.941858 -0.035462
0.921089 -0.005737
0.944143 -0.093494
0.918750 -0.036917
-0.961092 0.081905
0.949413 -0.023990
-0.933155 0.087950
-0.941553 0.038823
0.920019 -0.040851
0.938287 -0.069870
-0.945886 0.020518
-0.970761 0.082586
-0.954596 0.074891
-0.942047 0.062285
-0.942400 0.019897
0.951389 -0.048365
0.949357 -0.055026
0.938640 0.001439
-0.949249 -0.033277
0.953492 0.022075
-0.945409 0.031979
-0.926585 -0.034215
0.953140 -0.008276
0.951153 -0.037209
0.909230 -0.065026
0.949966 -0.023092
-0.957881 0.002886
0.934591 -0.030745
-0.958849 -0.037260
0.921250 -0.008923
-0.940135 -0.009957
0.944582 -0.061038
0.948088 -0.031899
0.948895 -0.040136
-0.965893 0.009170
-0.947761 0.009817
-0.936552 0.011621
0.955382 -0.060803
0.938247 -0.062082
-0.932235 0.039815
0.923215 -0.079513
0.932786 -0.048204
-0.950820 0.023898
0.963972 -0.026336
0.940552 -0.017061
0.945464 -0.024817
-0.922397 0.086866
0.934648 -0.031792
0.940304 0.029982
-0.940275 -0.048529
-0.939709 -0.010050
0.917788 0.038470
0.956571 -0.049241
0.943427 -0.005634
-0.938214 0.032805
0.941680 -0.016122
-0.943077 0.046076
0.909968 -0.063641
-0.955898 -0.028919
0.954617 -0.061992
0.926739 -0.008779
-0.943179 -0.011102
-0.944830 -0.000787
-0.949539 -0.003422
-0.974262 0.002465
-0.936160 0.003650
-0.941218 -0.026363
-0.976066 0.008473
-0.957549 -0.009143
-0.936346 -0.018390
-0.947297 0.007974
-0.940962 -0.014896
-0.942499 0.018034
-0.939501 0.022559
0.962223 -0.014970
0.937464 -0.001188
-0.941759 -0.046645
-0.922118 0.018558
0.956263 0.012576
0.939814 -0.063383
-0.935331 0.006950
0.963889 -0.048737
-0.952199 0.038502
0.937812 -0.013141
-0.941903 0.001722
-0.933200 0.019425
0.920924 -0.026612
-0.933436 0.056192
0.941146 -0.039326
-0.941473 0.015443
-0.938594 -0.000267
0.958866 -0.027561
-0.935911 0.036795
-0.971511 -0.013763
-0.911398 0.098800
-0.947399 0.068809
-0.938679 -0.027347
-0.932010 -0.054237
0.935203 -0.021948
0.925648 0.041499
-0.961332 0.077211
-0.945690 0.012789
-0.924965 0.040522
0.944522 -0.025127
-0.938431 0.039838
0.934662 -0.097784
0.957436 0.035569
0.934986 -0.033360
-0.936228 0.030618
-0.934183 0.035924
0.954988 0.004049
-0.947761 0.034288
0.960108 -0.010253
0.952065 0.074809
-0.927026 -0.093919
0.970625 0.055228
-0.943096 -0.062234
-0.954570 -0.073660
-0.948382 -0.081843
0.949042 0.060187
0.948797 0.009447
0.939424 0.013326
-0.935243 -0.018667
-0.932219 -0.040245
0.950269 0.088453
-0.922136 0.010892
0.931904 0.032550
0.959796 -0.032271
-0.952765 -0.012449
0.952482 0.027093
-0.948358 -0.016751
0.958099 0.012697
0.937805 0.039967
0.952980 -0.018786
-0.931653 -0.021459
-0.935908 0.032274
0.955196 -0.031685
0.942992 -0.031393
0.958135 -0.027552
-0.943902 0.087153
-0.937422 0.023585
0.944477 -0.036399
-0.936435 0.041746
-0.926710 0.021459
-0.951514 -0.009255
-0.960757 -0.043884
0.902817 -0.040486
0.903842 0.019368
0.939887 -0.048892
0.967949 0.013643
0.922931 -0.042750
-0.955701 0.032129
0.933001 0.018460
0.930380 -0.071298
0.933784 0.026776
-0.962291 0.032236
0.933618 -0.078374
-0.949783 0.001212
0.948339 -0.006987
-0.952827 0.003069
0.942930 -0.007848
-0.929949 -0.019487
0.951573 0.069677
-0.966084 -0.002570
0.939997 0.042440
0.939180 0.050650
0.958565 0.040894
0.945296 0.021137
0.954555 -0.021995
0.969789 -0.011261
-0.930985 0.002623
-0.937843 0.051648
-0.942721 -0.037956
0.925385 -0.025775
-0.944609 -0.025515
-0.956071 0.065602
-0.977937 -0.019726
0.927610 -0.022726
0.943899 -0.031401
0.960502 0.000286
-0.924972 0.030430
-0.955351 0.047994
0.917882 -0.018754
0.929940 -0.031128
0.941059 -0.026132
-0.950171 0.044871
-0.925583 0.013648
-0.927954 0.042464
0.942603 -0.020919
-0.941204 0.023302
0.941108 -0.078753
0.917991 -0.043816
-0.936594 -0.047050
-0.950834 -0.052863
0.942459 -0.045648
-0.939624 -0.024963
-0.951736 0.077778
-0.942488 -0.033790
0.926496 -0.042526
-0.932171 0.032832
-0.916833 -0.010817
-0.905106 0.036441
0.970734 0.014143
0.985650 -0.042757
0.953927 -0.052092
0.953282 -0.025300
0.958343 -0.016048
0.956125 -0.032180
-0.938952 0.017726
-0.958235 -0.055591
-0.944517 -0.097341
-0.990081 -0.038645
-0.940199 -0.029993
-0.941838 -0.078757
0.940564 0.056113
0.930725 0.026354
-0.954150 -0.028063
-0.952233 -0.013863
0.954430 0.031173
0.932064 0.014137
-0.944744 -0.038375
0.910634 0.002831
0.940160 0.065017
-0.979102 0.036856
0.946406 -0.015029
-0.949942 0.002940
0.923313 -0.007959
-0.962586 -0.022013
-0.937919 -0.028626
-0.969790 0.031149
-0.931587 0.005168
-0.932899 0.007954
0.953881 -0.037476
0.936017 -0.058236
-0.939201 0.026337
0.929660 -0.080659
0.931541 -0.073713
-0.947912 0.064701
0.923856 -0.099867
0.933875 -0.046333
0.957884 -0.013942
-0.936509 -0.045543
-0.936308 0.053715
-0.933583 0.003618
0.948973 -0.095913
0.971596 -0.020041
-0.905172 0.087001
-0.943099 0.033949
-0.942577 0.056451
-0.972172 0.071189
0.935762 0.012377
0.940557 -0.061576
-0.929648 0.075974
-0.939675 0.040430
-0.965494 0.015751
-0.947495 0.032475
-0.956152 0.015934
0.964369 -0.015681
-0.930388 -0.028708
-0.988226 -0.008625
-0.951297 0.036916
0.931313 -0.004769
-0.952715 -0.007519
0.949017 -0.008184
-0.945680 0.035503
0.942549 -0.036129
-0.935964 0.008465
0.935163 -0.034812
-0.947822 -0.010083
0.925355 -0.027839
-0.932360 -0.006726
0.936994 -0.084266
-0.959054 -0.012996
0.931047 -0.037582
0.948644 -0.076322
0.964879 -0.037794
0.970463 -0.015389
-0.941968 0.039376
-0.923795 0.060416
-0.952646 0.047262
0.933163 -0.032780
0.955519 -0.027871
0.976491 -0.034271
-0.952745 0.068972
-0.941165 0.037132
0.933700 -0.033792
0.917634 -0.073507
0.958669 -0.054510
0.943850 0.009877
-0.933408 -0.042308
-0.946399 0.048965
0.932215 0.011613
0.948848 -0.067034
0.994917 0.022523
-0.907466 0.079433
-0.940158 0.048708
-0.949195 0.049676
0.912098 -0.062357
-0.958924 0.000967
0.937349 -0.039938
0.947700 -0.059077
0.945578 -0.032126
0.975821 -0.018049
-0.916151 0.021847
0.971069 0.006803
0.939665 -0.003699
0.945609 0.028098
0.975422 -0.008761
-0.948259 -0.010526
0.954764 0.029182
0.963274 0.033823
-0.929370 0.001188
0.956533 -0.052643
-0.945500 0.011457
0.949203 -0.002088
0.947699 -0.018173
0.963367 0.018477
0.951680 -0.017862
-0.924937 -0.004007
-0.947550 0.041734
-0.973791 0.031382
0.942452 -0.011044
0.960617 -0.033111
-0.925263 0.021313
-0.916411 0.014387
0.956539 -0.033882
-0.942822 0.071899
-0.939845 0.044799
0.932786 -0.046960
