-1.006937 -0.007414
-1.025997 -0.051805
-1.005281 0.027604
-0.996062 -0.009996
1.006373 -0.035901
1.005096 -0.039525
0.990138 -0.004325
-1.015083 0.053346
0.995625 0.010287
1.020607 -0.021923
-0.992643 -0.063251
-1.008824 0.068480
-1.021297 -0.084348
-0.971577 0.031840
-0.987639 -0.014272
0.999155 0.042192
1.004717 -0.030677
1.011202 0.024132
-1.013846 0.031358
-0.987334 0.002259
-0.975117 0.028821
-0.992849 -0.008153
1.016459 -0.034196
-1.006033 -0.008513
0.986340 0.038484
0.981870 0.093409
-1.008464 -0.018289
1.030986 0.018230
0.988516 0.004381
-1.017473 -0.100492
0.983104 0.053003
-1.007800 -0.082305
0.998723 0.005014
-0.971218 -0.047625
0.994091 0.056427
1.006304 0.078158
0.994637 0.055635
1.002460 0.029623
0.989400 0.057296
-1.028548 -0.063109
1.007801 -0.032192
-0.998859 -0.034158
-0.977973 -0.029776
1.004958 0.044675
1.025995 0.027092
1.023002 0.049593
0.998794 -0.003249
0.958983 0.011278
0.977241 -0.012634
-1.011317 -0.054875
-1.003548 0.057724
0.991193 0.009719
-1.023855 0.041328
-0.996087 0.016647
0.988393 0.013913
-0.991533 -0.027172
1.004835 0.038232
0.999188 0.024612
0.976599 0.037288
0.991332 -0.061596
0.998101 0.044588
0.991897 0.026517
-1.001657 -0.015467
0.972786 0.040075
0.976273 -0.000104
0.991866 0.019717
1.027595 -0.012395
1.000005 0.011073
-0.970146 -0.036701
1.029445 0.024863
-0.965817 -0.018086
-1.001911 -0.048438
0.999345 0.008869
0.984865 0.026091
1.034156 0.027405
-1.002067 0.013514
-1.006515 0.005765
-1.032557 -0.014341
0.998993 0.011432
-1.004619 0.019345
0.974845 -0.029451
0.968782 0.012482
0.994471 0.007467
0.984042 0.069862
-0.983265 -0.012760
0.998332 0.046910
1.005111 -0.030995
-1.002754 -0.009009
-1.010663 0.005731
0.979788 0.033845
-0.979700 -0.038257
0.993644 -0.007434
0.985502 0.021665
1.022644 -0.002610
-0.994759 -0.014983
-0.987783 0.013775
-0.974398 -0.020336
-1.002743 -0.057149
1.001878 -0.030628
-0.994938 0.004015
-0.985917 0.033448
1.004304 -0.045872
1.008232 -0.019526
0.995371 0.030077
0.999476 0.026579
-1.023465 -0.014708
0.996277 0.027870
0.985408 -0.071036
1.022504 0.021281
0.979800 0.003292
-0.987980 0.019371
0.996155 0.026546
-0.991861 -0.001694
1.007199 0.015204
-1.015763 0.010662
0.997004 -0.004293
0.984319 -0.019064
1.003550 -0.010556
-0.984523 -0.003898
-0.993801 -0.009106
-0.997548 -0.006023
-0.970542 -0.008031
1.034466 0.015301
1.038711 0.006714
0.985887 0.023281
-1.013960 -0.008669
1.002861 0.028782
1.019969 0.000164
0.989764 -0.005619
0.971860 0.022357
-1.020632 0.045040
-0.999672 -0.043350
-0.996533 0.008174
-1.000318 0.019286
-0.999751 -0.015430
1.024554 -0.006129
1.005839 -0.017190
-1.021143 -0.010243
-0.982553 -0.017269
-1.011942 -0.020002
-0.999173 -0.017626
1.007745 0.000163
-0.984617 -0.000329
-0.975399 0.001818
0.994125 0.025014
0.996024 0.019873
0.995718 -0.065538
-1.004796 0.020424
-0.980432 0.013419
-0.993892 0.041550
0.987589 -0.025381
-0.998493 0.020039
1.013695 -0.005595
1.014857 0.000814
0.987743 0.045530
-0.979509 0.037556
0.992390 0.060111
0.992889 -0.028275
-0.997842 -0.026938
-1.003944 0.000652
-0.984680 -0.025213
1.017244 0.016580
1.019827 -0.024638
0.981562 0.028841
-1.008789 -0.004683
0.989468 0.035110
-1.001802 -0.019770
1.009219 0.009820
1.004180 0.030972
-1.000285 -0.056780
0.979708 0.005439
1.010417 -0.004731
-1.027100 0.004565
-1.013853 -0.053966
-1.016822 -0.030454
-0.994743 -0.026389
-1.002344 -0.010985
-0.971464 0.000902
-0.992165 0.009483
0.983834 0.085694
1.004015 0.000756
-1.014390 -0.036965
1.003290 0.005153
-1.010075 -0.031393
1.021536 -0.033792
1.015168 -0.001767
0.984146 0.040282
-1.033882 -0.039797
-0.998484 -0.031489
-0.999557 -0.039667
-0.991116 0.023230
0.993748 0.012846
-0.986455 -0.001630
-1.002674 -0.015558
1.025155 -0.059721
-0.987398 -0.016203
-1.008853 0.032894
0.993165 -0.016702
0.988605 -0.030147
0.997028 0.016864
1.015874 0.063545
1.011599 -0.011605
-0.984888 -0.050538
0.977481 -0.078237
1.003973 0.037022
-0.992247 -0.000941
-0.994235 -0.052377
0.996800 0.006596
1.013518 -0.007479
1.008033 -0.008423
1.023944 -0.056805
-0.999485 0.034067
0.996542 -0.008787
-1.011444 0.014854
0.986628 0.013486
1.023463 0.046332
1.024532 -0.018014
0.977488 0.050886
0.996769 -0.010966
1.013732 -0.028398
0.997933 0.010073
-1.025866 -0.042646
-1.008770 -0.016234
-1.036013 0.025649
-0.990728 0.035369
-1.003943 -0.007612
0.985305 -0.042098
0.979097 0.055537
-0.985020 0.016247
-0.992821 -0.026712
-0.989975 0.046984
1.007024 -0.009526
1.001355 -0.025980
0.997216 0.024251
0.983413 0.037953
1.014507 -0.004250
-0.987070 -0.021171
-1.020404 -0.011043
-1.004028 0.012489
0.977109 -0.034565
0.986037 0.019351
-0.991192 -0.018931
-1.020759 0.039404
-1.008744 0.007550
-1.005527 0.022855
0.985044 -0.043646
-0.977619 -0.005139
-1.013540 -0.013027
1.006103 0.045967
1.008878 -0.025850
0.981283 0.042046
0.985475 -0.033346
1.009662 0.057720
-1.002611 0.001418
0.997108 0.043137
0.997142 0.014718
0.998686 0.022672
1.013545 0.052851
1.014369 -0.002174
1.001706 0.019000
-0.981648 -0.077008
1.004128 0.026439
-0.999177 -0.040301
-1.012714 -0.084618
-1.006245 -0.017415
-0.977479 -0.053170
1.008611 0.017759
1.038914 -0.016382
-1.000397 -0.008731
0.998079 0.057644
-0.997763 -0.024799
1.024126 0.019240
-0.974905 0.030735
0.982869 0.001330
0.998070 -0.003934
-0.979228 -0.069210
-0.993150 -0.000267
1.002104 0.032940
-1.003984 0.002232
-1.017453 0.006534
1.026518 -0.053424
-0.999145 -0.010481
-1.003659 -0.011008
-1.026628 -0.024240
0.999462 0.006684
1.020184 -0.022294
1.007022 -0.012205
0.986065 0.016634
-0.979456 -0.014029
-1.007709 -0.015862
1.025602 -0.036489
-1.004976 0.019544
0.987390 -0.025982
-0.984060 0.030988
1.005033 -0.063998
0.987196 -0.023622
-1.007155 -0.029928
-1.007399 0.002244
-0.968636 -0.048037
-1.003039 -0.000671
-0.992367 -0.051741
-0.994018 -0.026582
0.998726 -0.027615
-1.000163 -0.047634
-1.021933 -0.002156
-0.982343 0.020945
-0.980752 -0.022379
-0.996607 0.014570
-0.992338 -0.041217
1.021074 0.011038
-0.995617 -0.021735
1.027268 0.032212
1.008826 0.027805
-0.994680 0.002368
1.005568 0.021527
-1.006126 0.062314
0.983113 -0.016255
0.986797 0.011695
0.994911 0.021771
1.018014 0.013310
0.988432 -0.005083
0.982885 0.033882
1.004593 -0.008305
0.987572 0.060271
0.993289 -0.035019
0.995443 -0.007306
-0.991250 0.099067
-1.007118 0.059057
1.027593 -0.027798
0.982590 0.014599
0.998290 0.013167
1.029555 0.071240
1.012150 0.010700
1.017201 0.015815
0.998161 -0.028878
-0.964647 0.032935
-1.002216 -0.010375
-1.025389 -0.037333
-1.019235 0.051871
0.982556 0.000663
0.990741 -0.014318
0.987129 0.014196
1.022074 -0.008536
-0.984975 -0.015362
-1.010253 -0.072137
-1.036127 -0.047869
0.967289 0.014680
-0.996248 0.026097
0.978710 0.027715
-1.018774 -0.005507
0.986249 0.039799
0.990863 0.014199
1.013172 -0.021394
-1.014145 0.009458
-1.002459 0.021091
-1.015353 0.013399
-0.972435 -0.036723
0.986510 -0.017358
-1.015741 -0.013548
1.012973 0.016396
-1.003925 -0.032658
0.998822 0.008000
1.001155 0.009217
1.029460 -0.014700
0.999147 -0.009495
1.028250 0.047290
1.024504 0.003116
-1.008718 -0.022113
-0.983293 0.010289
0.978033 0.021544
1.002069 -0.033648
0.989770 0.046350
-0.970401 -0.041017
-0.994297 -0.026965
0.978633 -0.040730
-1.013484 0.010777
1.003143 -0.021095
0.987043 0.016423
0.988273 0.050795
-0.998179 0.001257
1.034162 0.017426
-0.992371 -0.008808
-0.983447 0.012167
-0.977257 -0.018071
-0.999160 -0.012685
1.004828 0.046195
-1.010690 0.029616
-1.017026 -0.035213
0.971825 -0.010801
0.963833 -0.009068
0.999685 -0.017674
1.027071 0.038091
-0.975099 -0.068235
-0.975305 -0.005118
-0.956702 -0.014819
-0.964721 0.016076
-0.990016 -0.078926
-0.991482 0.012069
-1.011708 -0.021152
-1.003227 -0.063064
1.001265 0.009973
-1.026103 -0.003934
-1.010965 -0.000530
1.018585 -0.000742
-0.968718 -0.030082
1.026588 0.019705
1.030322 -0.013284
-1.000797 -0.027551
1.044908 0.023902
-0.988979 -0.034832
-0.996612 -0.014588
1.021610 -0.001521
-1.004928 -0.009186
-0.992028 0.038936
0.991175 0.019615
-1.018682 -0.013347
1.010704 -0.003647
-0.965241 -0.014993
-0.991460 0.000512
-0.990624 -0.066808
1.005690 0.002969
-0.990464 -0.063832
-0.965214 0.017564
-1.016870 0.028087
-1.033001 0.011362
-1.032660 0.005916
0.989455 0.044258
-1.017952 -0.017218
1.025933 0.051960
-1.015252 -0.030633
-0.988961 0.002949
0.971402 -0.016401
0.996451 0.035100
-0.996046 0.018686
1.012907 -0.008712
1.006141 -0.009137
1.008279 -0.022744
-0.985715 0.035620
-0.957450 0.004075
-1.016506 -0.007973
1.020515 0.063570
-0.990634 -0.015559
0.978796 0.046224
-0.977256 0.015936
-0.990950 -0.077679
-0.991576 0.000032
-1.014135 -0.019211
0.987109 -0.026048
-1.006474 0.026825
0.999823 0.027849
-1.012397 0.062160
-0.992367 0.047843
0.991438 0.024778
-1.001786 0.016366
-1.002009 -0.008045
-1.038443 -0.012499
-0.993855 -0.075728
-0.999343 -0.071678
1.006637 0.024597
1.017464 0.032519
0.987967 0.051770
1.021645 0.075930
0.985998 0.077139
1.046033 0.011741
-0.984397 0.008809
-0.986190 -0.046095
0.997453 -0.035526
-0.962098 -0.096044
-1.004205 -0.028523
1.001566 0.021928
-0.993078 -0.022093
1.008485 0.031510
-0.987120 0.001727
-1.010455 -0.019825
-0.994973 -0.074462
-1.021061 -0.017836
-1.017738 -0.026946
0.989640 0.009449
1.001724 -0.009844
0.987255 0.056237
0.996687 0.000313
-1.008621 -0.038581
-0.999806 -0.010967
1.013731 0.031347
1.008930 -0.016402
-0.999942 0.022842
-1.000959 0.010588
-1.000659 -0.011703
1.017018 0.052623
1.008580 0.031173
-0.981808 -0.031227
-0.971835 0.025826
-1.002876 -0.081427
0.981882 0.007262
-0.999917 0.001470
0.985245 0.000326
1.005791 -0.009270
1.019246 -0.010422
-0.986613 -0.012641
1.003794 -0.015483
1.003219 0.000786
1.022058 0.031468
1.024934 0.002697
1.070096 0.029174
1.016308 0.008156
-1.005950 -0.028640
1.014780 -0.032302
-1.020950 0.041125
1.006411 -0.001580
-1.001125 -0.039363
-1.003394 -0.005507
-1.029649 0.012739
-1.003559 0.043290
0.987606 0.013153
0.987644 -0.035956
-0.989751 -0.095816
1.012052 -0.028813
1.030760 0.026648
1.006975 -0.033546
-1.020680 0.030267
-1.003364 0.010467
-1.005630 -0.008187
0.996828 0.034548
-1.024219 0.021343
-1.004078 -0.027659
-1.004691 -0.025257
0.992273 -0.015734
0.974194 0.041189
-1.001936 -0.002344
0.989706 0.013511
1.007351 -0.045385
0.998283 -0.038885
0.999729 -0.026404
0.989217 -0.028005
1.002557 0.025347
0.995570 0.008810
-1.017271 -0.034552
-1.006935 0.036993
0.979202 0.013922
-0.979364 0.025666
1.003834 0.012801
0.989829 -0.002241
-1.005790 0.008456
-1.000247 -0.001353
0.994158 -0.005167
-1.002548 0.002562
0.996651 -0.051478
0.998043 -0.094134
-1.000609 -0.011645
0.988916 -0.010078
-1.015136 0.013231
-1.036859 -0.042256
-1.011410 -0.045382
0.979563 0.028930
1.024203 0.077065
1.030868 -0.018033
-1.002366 0.006107
0.995955 0.077449
1.004502 0.020106
-1.012669 -0.035927
1.004798 -0.009054
0.989355 0.026397
-0.984054 -0.039254
-0.966058 -0.076351
-0.987701 0.024285
-1.012373 -0.047819
-0.984950 0.015678
1.037643 0.055204
-1.008079 0.008220
-0.996396 0.003781
-0.986819 -0.024387
-1.029858 -0.026323
0.980713 0.049706
-1.022471 0.019833
-1.010528 -0.014510
-0.966352 0.051300
1.001974 0.022676
0.976356 -0.005032
-1.024497 0.022858
0.986935 0.042992
-0.996041 -0.012073
0.998788 -0.001705
-1.012360 -0.010673
-1.010756 -0.025221
-1.009672 -0.049291
-1.005817 -0.048245
-0.994919 -0.049772
-0.967059 0.004216
1.011047 0.078665
-0.987508 0.002232
1.014440 0.021897
0.988622 0.052616
-1.006051 -0.058629
-0.975149 -0.067608
-0.969518 -0.009134
1.007370 0.026390
0.991051 0.068003
1.016662 0.056524
1.019020 0.053174
1.040404 0.045255
-0.972981 0.007168
1.024666 0.064930
1.022547 -0.010582
1.024639 -0.008837
-0.973614 0.000172
1.014137 0.056820
-1.017700 -0.003270
-0.998826 -0.026831
0.995817 -0.003151
-0.998613 -0.040939
0.991618 -0.021170
-0.982508 -0.055845
-0.977190 -0.000120
1.029924 0.024382
1.005798 -0.042201
1.007068 0.005027
1.010514 -0.041822
-0.995803 -0.023300
-1.010123 -0.028043
-1.016992 -0.038517
1.009948 0.042928
1.002731 -0.021377
0.972350 0.013491
-0.994011 0.040456
0.987272 0.029726
1.000414 0.054327
-1.015689 0.054818
-1.011920 -0.018551
-1.011972 0.003391
-1.003520 -0.017047
-0.994698 0.014088
-0.976077 -0.025828
-0.993285 -0.074833
1.025567 0.026427
-0.990135 -0.028872
-0.976816 0.051929
-0.999276 -0.046432
0.988240 0.046874
0.991115 0.039404
-0.987468 -0.057787
-0.999903 -0.013726
-0.992930 -0.033273
-1.009407 -0.010158
-0.998096 -0.036342
0.982743 0.013183
-1.011626 0.013984
0.996322 0.024654
-1.038128 -0.031952
-1.000166 -0.037435
-0.977944 -0.044651
1.012889 -0.016960
-1.030456 -0.005937
-0.977940 -0.035237
1.025139 0.005743
-1.008306 -0.030142
-1.010913 -0.026758
1.002216 -0.014743
0.984514 0.040660
0.987440 0.009735
0.991849 0.047498
0.986010 0.001011
1.014365 0.028751
0.991112 -0.012622
-1.010732 -0.048488
1.032313 -0.056107
-1.013553 -0.008301
-0.981920 -0.033635
-1.007503 -0.029118
1.007933 0.008795
-1.000750 -0.008459
0.985236 0.002656
0.988242 0.028022
0.982643 0.010074
-1.026948 -0.052022
1.035108 -0.060047
0.994719 -0.025824
1.000585 -0.018874
-0.986066 -0.042974
-0.998513 0.012539
-1.003060 -0.011020
0.999881 0.088549
-1.023962 -0.016707
0.986020 0.024461
0.986154 -0.019079
-1.022087 -0.041991
-0.992231 0.022823
-0.992266 -0.010881
0.997476 0.039768
-0.981269 -0.055435
1.008993 0.026366
1.001473 -0.016857
-0.980981 -0.046749
1.015628 -0.000472
1.022965 0.020221
0.995020 -0.007510
-1.023080 -0.048436
-0.984748 -0.059497
1.000561 0.070111
1.022244 0.046360
-1.013351 -0.019640
-0.965463 -0.033059
-1.010969 -0.084995
1.005158 0.055371
1.013488 0.043707
-1.000312 0.006697
-0.968669 -0.023711
1.002255 0.026440
0.971057 0.080841
-0.993402 -0.013869
-1.001041 0.013392
-0.975630 0.026541
1.027697 0.013218
1.006800 0.004789
-1.002937 -0.053299
0.999056 0.023661
1.005546 0.060942
-1.021660 -0.060974
-0.992316 0.007143
1.008532 0.021975
-0.999253 -0.004320
