-1.035869 -0.003188
-1.014987 -0.048958
1.059447 -0.030676
1.069245 0.000068
1.033190 -0.002986
1.046855 -0.029478
1.034549 -0.020913
1.067987 -0.012375
1.067552 0.011050
-1.042513 0.040450
-1.052892 -0.025568
-1.039725 0.015415
1.061679 0.013845
1.083240 -0.005298
1.033627 -0.000250
1.075183 0.000012
1.023737 -0.037913
-1.043220 -0.008301
1.059361 -0.017727
1.001974 -0.057104
-1.076872 0.017307
1.071430 -0.002426
1.073875 -0.014533
1.038627 -0.006268
1.071100 -0.003801
-1.074613 -0.052325
-1.054221 -0.026592
1.016303 0.009505
-1.050288 -0.030924
1.045183 0.021155
-1.062032 -0.045013
-1.036934 -0.027683
1.026145 0.012016
1.031061 -0.002012
-1.062564 -0.006858
1.041037 0.009103
1.053916 0.008262
1.064026 0.013825
1.013167 -0.022847
-1.044059 0.002245
-1.063718 0.001127
-1.029376 -0.008638
1.046331 0.002304
-1.070049 0.002612
-1.034659 0.010640
1.046744 0.003865
1.068713 -0.000461
-1.023408 0.012028
-1.039770 -0.006241
1.046601 0.037309
-1.072443 -0.024615
1.039002 0.004147
-1.055181 -0.004762
-1.012048 0.022947
1.020165 -0.006904
-1.068985 -0.019870
1.092924 0.018649
1.035445 -0.031661
-1.074946 -0.031878
-1.035290 0.020194
-1.034547 -0.023569
-1.049570 0.014725
1.051522 -0.011904
1.082811 -0.019142
1.007062 -0.027236
1.053110 0.021159
-1.063953 -0.002682
-1.005510 0.015812
1.109286 -0.008383
1.067428 0.004562
1.055902 -0.015330
-1.048712 0.007475
1.047157 0.010168
-1.082349 -0.032947
1.007843 0.011459
-1.039642 -0.013558
-1.058272 -0.037621
-1.068274 -0.015501
1.066962 0.011952
1.024315 -0.020096
-1.030142 -0.001647
-1.045881 -0.006470
1.079911 0.004130
-1.064673 -0.023048
-1.058947 0.001075
-1.051945 -0.011867
-1.021849 0.015066
-1.025616 -0.018328
1.056579 -0.000358
1.012022 -0.015155
-1.048801 -0.004589
1.076282 -0.009657
1.039384 -0.016181
-1.021374 0.014200
1.048518 -0.005329
-1.036951 0.012194
1.064545 0.015926
-1.026876 -0.027455
-1.074218 -0.017153
1.032429 0.011791
1.047087 -0.007991
-1.035501 -0.005265
1.045928 0.014255
-1.055668 -0.020881
-1.079960 -0.039336
1.053493 -0.003131
-1.054106 -0.051220
-1.049342 -0.004191
-1.043956 -0.016888
-1.065295 -0.018442
-1.052162 -0.030271
1.082560 -0.000847
-1.020343 0.007533
-1.070965 -0.055552
-1.068239 -0.010713
-1.009152 -0.011513
-1.073026 -0.030906
-1.057421 -0.024502
1.073913 -0.006295
-1.019479 -0.013491
1.039922 -0.007093
1.037828 0.009030
1.050249 0.015544
1.023187 -0.029513
-1.059623 -0.019467
1.096237 0.010224
-1.058587 0.006601
-1.032614 0.044417
-1.013630 0.022822
-1.045221 0.029294
1.041484 -0.009264
1.064944 0.007155
-1.049159 0.003462
1.033895 -0.015349
1.045578 -0.003215
1.041584 -0.025981
-1.054049 0.004822
1.019419 0.006406
-1.046233 0.015007
1.047763 -0.002957
1.039724 -0.017193
1.028344 -0.025341
1.061685 -0.012060
-1.034840 0.013527
-1.022735 0.018482
1.010031 0.016283
-1.035079 0.011491
1.052616 -0.007293
1.016621 -0.008421
-1.029547 0.030103
-1.051531 0.017754
-1.065610 -0.001457
1.056948 0.012637
-1.078725 0.034614
-1.023722 -0.003769
-1.046787 0.015304
-1.071426 0.006484
1.074334 -0.020659
1.018536 -0.001473
-1.069885 0.006296
1.018986 -0.047502
1.064812 0.009085
1.023984 -0.024525
-1.026738 0.015718
-1.070619 0.015928
-1.054201 0.006704
-1.057443 0.029774
-1.029777 -0.002340
-1.085559 0.006640
1.081864 0.029273
1.037395 0.002701
-1.023343 0.021243
-1.053594 -0.014914
-1.066210 0.004991
-1.062687 0.018820
-1.038913 0.026361
1.020204 -0.005524
1.053214 -0.011698
-1.060747 0.024059
1.066944 0.007640
-1.051974 0.019400
-1.058863 0.021929
1.033764 -0.028268
1.044483 0.000149
-1.053707 0.023284
-1.021707 0.023380
-1.051245 0.023592
-1.055370 0.005895
1.040161 -0.022651
-1.027796 0.027914
1.067165 -0.000221
-1.044442 0.007777
-1.050316 0.015091
-1.034880 -0.022402
1.037882 -0.028120
-1.022249 0.018465
-1.035516 0.034580
1.071115 0.005667
1.017197 0.012315
-1.080850 -0.006741
-1.063997 -0.035135
-1.034671 -0.007671
-1.040435 -0.025960
-1.039958 -0.027099
1.031542 0.013099
-1.056298 -0.012747
-1.029087 -0.004379
1.077948 -0.001870
1.018879 0.012760
-1.062762 -0.024252
1.045355 0.061986
1.023426 0.009811
-1.091344 -0.027537
-1.076042 -0.038947
-1.073410 -0.049223
1.038597 0.022090
-1.070168 0.028473
1.075344 -0.023707
-1.038132 -0.001954
1.039997 -0.016570
-1.048271 0.014075
-1.068498 0.042080
1.061189 -0.023750
1.051978 -0.033978
-1.017818 0.041235
1.043270 -0.042733
-1.069576 0.033176
-1.038568 0.028223
-1.038235 0.030177
-1.047964 0.019279
-1.012142 0.057841
-1.036059 0.028003
1.058289 -0.029697
1.027515 -0.044172
-1.056361 0.034649
1.070092 0.019343
-1.044015 0.013143
1.018359 -0.003984
-1.047786 0.005176
-1.044745 0.026579
1.033253 -0.022112
1.020198 0.049522
1.028303 -0.021052
1.050798 0.008587
-1.032208 -0.005596
-1.048255 0.015308
1.032011 -0.009625
1.058816 0.025439
-1.061054 -0.043048
1.056045 -0.003411
-1.052669 -0.049402
1.020013 -0.003831
-1.050903 -0.049391
1.075423 0.007795
-1.038212 -0.016747
1.061474 -0.006824
1.049680 -0.006756
-1.056371 -0.040748
-1.048114 -0.012049
1.064538 -0.001680
-1.061675 -0.032523
1.097443 0.016526
-1.019038 -0.016516
-1.001991 -0.025542
-1.093744 0.026600
1.056605 0.025568
-1.046604 0.012581
-1.036244 0.018281
1.050944 0.039857
1.069680 0.022023
1.047163 0.004137
1.063032 -0.007552
-1.026622 0.003052
1.051716 -0.020234
-1.050032 0.015801
-1.057344 -0.027182
1.066309 -0.010037
-1.049030 -0.000841
1.018262 -0.018452
-1.058955 -0.001868
1.053532 -0.015272
-1.035885 0.000385
1.052179 -0.011605
-1.053828 0.018321
1.033105 -0.013340
1.008931 -0.017209
1.068240 -0.000409
-1.044579 0.009883
-1.058700 0.009457
-1.045307 -0.020191
-0.994796 0.020874
1.046205 -0.016109
-1.030380 0.011640
1.068694 -0.001754
0.982059 0.007429
-1.086926 -0.002431
1.033046 0.017370
-1.080056 -0.003279
1.048431 0.006609
-1.057641 0.012835
-1.014175 -0.000184
1.067553 -0.024952
1.021293 0.014268
-1.068503 0.007605
1.031388 -0.027125
1.068224 0.002834
1.041420 -0.006908
1.011937 -0.025527
1.041964 0.006317
-1.088255 -0.024766
-1.057410 0.001314
-1.041248 -0.016303
1.136085 -0.020479
1.076601 0.011274
-1.015184 0.001791
1.033939 -0.000060
1.061075 0.018541
-1.099766 0.014665
-1.042324 -0.009285
1.040494 -0.023530
-1.037187 0.002036
1.042823 -0.020767
-1.083055 0.026310
-1.021116 -0.002682
1.055914 -0.024726
-1.053967 0.006465
-0.990134 0.027172
1.063761 -0.005923
1.058141 -0.008135
1.029634 -0.004032
1.040785 -0.019502
-1.090354 0.015620
-1.034794 0.012748
1.016265 -0.021496
-1.083374 0.010486
1.053911 -0.018879
-1.039216 0.003367
1.052322 0.025682
0.996437 -0.003630
-1.046239 -0.007118
-1.034706 -0.009224
-1.052544 0.021288
1.000392 -0.029330
-1.050399 -0.001228
1.075525 0.000174
-1.105521 0.005894
-1.038565 -0.023209
1.038466 -0.016253
-1.070540 -0.018711
-1.040390 0.013593
1.042289 -0.002757
1.071570 -0.017101
1.018108 -0.035030
-1.072543 -0.023960
-1.023950 -0.007533
-1.014911 0.017025
1.118511 -0.012551
1.092950 0.005936
-1.028332 0.021041
-0.953827 -0.000489
-1.093987 -0.002839
-1.085071 -0.039532
-1.052581 0.006190
0.994148 0.021402
-1.061931 -0.019695
-1.107765 -0.000910
-1.075670 -0.027811
-1.041776 0.013293
-1.049408 -0.011791
-1.039091 -0.001056
1.067240 -0.008539
1.025149 0.022696
1.063475 0.002495
1.042632 -0.005257
-1.054330 0.004898
-1.012521 -0.000496
1.027713 -0.017774
-1.036002 0.015460
1.048420 -0.002365
1.052719 -0.008928
1.064067 -0.030548
1.009414 -0.023445
1.047408 -0.012859
1.037589 -0.009752
-1.067825 0.006528
-1.018392 -0.004212
-1.052144 0.060867
-1.035284 0.028633
1.034687 -0.024272
1.029936 -0.079287
-1.021524 0.026856
1.067603 -0.003345
-1.106945 -0.019120
-1.029240 0.055793
1.040234 0.032252
-1.036313 -0.002147
1.047778 0.041115
-1.090991 0.036959
-1.012453 0.020877
1.090830 -0.033436
0.996620 -0.034526
-1.077335 0.014555
-1.023253 0.010103
-1.055041 0.007612
-1.067288 0.042626
-1.062338 0.024779
-1.063512 0.048276
-1.007741 0.020505
-1.027555 0.009992
1.107098 0.013310
1.056291 -0.036743
1.010869 -0.013351
-1.060513 -0.020888
-1.089527 0.012626
-1.021341 0.009306
1.042110 -0.007548
-1.016025 0.012398
1.044667 -0.007491
-1.062916 0.014818
1.063172 0.022773
-1.074015 0.013832
-1.023829 0.032916
1.024900 -0.019498
-1.044169 0.006287
1.072396 -0.021522
1.024990 -0.055225
-1.036036 0.025352
1.050233 -0.021487
1.047619 -0.056129
1.010142 -0.044481
-1.058359 0.061344
-1.024722 0.031713
-1.036373 0.013792
1.038415 0.002226
1.039493 -0.030298
-1.043192 0.015975
1.057370 -0.021899
1.068656 -0.015148
1.015604 -0.022359
1.052148 -0.001870
-1.062267 -0.021903
-1.063954 0.013632
1.068946 -0.009152
1.034575 -0.009729
1.048105 0.001518
1.052310 -0.026774
-1.028373 0.002177
1.086074 -0.033380
-1.016627 0.035715
1.061908 0.015478
1.065391 0.010410
-1.046639 0.013941
-1.067319 0.008088
1.072958 -0.006327
-1.048010 0.014396
-0.994575 -0.007576
-1.049359 0.010117
1.086523 0.002698
1.051014 -0.002804
1.044000 -0.014816
1.065793 0.010293
1.087877 0.008842
1.032530 -0.000573
1.028341 -0.029924
-1.034321 0.010231
1.028140 -0.036991
-1.076116 0.024759
-1.049418 -0.015000
1.055432 -0.036570
-1.046527 0.010729
-1.022734 0.018311
-1.007498 -0.000549
1.088024 -0.017254
1.047559 -0.013416
1.062074 -0.008082
1.046993 -0.006555
1.043362 -0.033307
-1.029181 0.032127
1.056251 -0.023792
1.040857 -0.031977
1.057432 -0.030345
1.015657 -0.000653
-1.050440 0.011694
1.035980 -0.030853
1.036650 -0.038891
1.047649 -0.043956
-1.041510 -0.002766
1.068851 -0.004405
-1.097474 -0.014625
-1.046592 0.026116
1.052647 0.027148
-1.032666 0.033255
1.047537 0.010591
-1.068034 0.023198
-1.033794 0.004049
-1.063675 0.011316
1.025866 -0.038019
1.043079 0.010858
1.027064 -0.029834
-1.034631 0.017021
-1.076840 0.028228
-1.055492 -0.014889
1.053369 0.000312
-1.048100 -0.007877
-1.049077 -0.000233
1.078112 -0.017060
-1.036557 -0.010484
1.044135 -0.022426
-1.049512 -0.010083
-1.087071 0.006109
1.060830 -0.011340
-1.057914 0.044414
-1.005231 0.028022
1.068014 -0.040205
1.057384 -0.034277
-1.043452 0.003624
1.068415 -0.034740
-1.065799 0.025372
-1.009295 0.046609
1.036091 -0.019033
-1.050954 0.041155
-1.002720 0.040400
-1.073439 0.024327
-1.050759 0.038832
-1.024086 0.033989
1.031493 -0.028416
1.054062 -0.034238
1.049791 -0.034533
1.049217 -0.032310
1.040154 -0.001303
1.036115 -0.055916
1.045666 -0.001892
1.016814 -0.035172
-1.062823 0.012457
-1.034006 0.018247
-1.053719 -0.017405
1.081802 0.051753
-1.048261 0.022621
-1.031554 -0.019631
1.037046 -0.019398
-1.049565 -0.015905
1.075179 -0.039860
-1.031131 0.016403
1.070860 -0.059431
-1.013739 0.050325
1.060772 0.000899
-1.056623 -0.030741
1.013511 -0.026056
-1.058112 -0.023544
1.097823 -0.001165
1.081607 -0.013394
-1.003648 -0.014435
1.038910 -0.009408
-1.107169 -0.008455
-1.063913 0.031282
-1.033908 0.045040
-1.064441 -0.003763
1.057307 -0.049613
1.060479 -0.026156
1.038468 -0.007530
-1.050970 0.001255
-1.042896 0.010530
1.044215 0.004911
-1.062042 -0.009929
-1.031949 0.015381
1.061303 -0.014687
1.009891 -0.068875
1.031620 -0.019948
-1.058580 0.027380
-1.028174 0.011718
1.017541 -0.056808
-1.073688 -0.020764
1.043003 -0.019541
-1.054602 0.044118
-1.058922 0.019692
-1.034364 0.050290
-1.046236 0.018847
1.018630 -0.015839
-1.027039 0.016065
1.058054 -0.007827
1.027500 -0.005226
-1.043399 0.007237
1.043360 0.009078
1.067850 0.018722
-1.067788 -0.016159
1.048691 -0.029823
-1.043489 -0.025421
1.055243 0.006719
1.035509 0.013753
-1.085521 0.004978
-1.033185 -0.014129
1.083211 -0.001776
1.037577 0.002042
1.053064 0.015850
-1.051018 0.000197
1.007728 -0.008439
1.050154 0.011081
-1.095641 -0.015909
-1.082035 -0.006950
-1.032968 0.000407
1.077932 -0.016373
-1.076911 -0.025334
-1.042304 -0.015710
-1.013601 0.005776
-1.051509 -0.011243
1.082045 0.006249
-1.041194 0.005388
1.072916 -0.028566
1.028170 0.002996
1.056515 -0.017694
1.057671 -0.019094
1.023550 0.002804
-1.073531 -0.006063
-1.034430 -0.003518
1.044651 -0.029071
1.058357 -0.001952
1.046495 -0.015640
1.028006 -0.023394
1.060804 -0.010920
1.040736 0.007655
-1.054755 0.020537
-1.032602 -0.001346
-1.032301 0.016160
1.058123 -0.009793
1.035590 -0.005758
1.058176 0.031209
-1.013496 0.003324
-1.040974 -0.000192
-1.065192 -0.009885
1.001648 -0.025984
1.032386 -0.035061
1.092733 -0.000763
-1.050544 -0.045966
-1.078199 0.007159
1.021642 0.018418
1.025070 -0.021677
1.080649 0.022550
-1.035287 0.001534
-1.034253 -0.019045
-1.063966 -0.005211
-1.044088 0.011954
1.067432 0.025129
1.075469 -0.009484
1.048073 -0.055188
-1.077786 -0.030627
1.036913 -0.003001
1.056825 -0.030899
1.066566 -0.012615
-1.075066 0.008167
-1.091343 -0.022301
1.049910 0.021335
-1.003533 0.003978
-1.067919 -0.012027
-1.063260 0.001379
1.067169 0.012755
-1.020630 -0.005397
-1.029260 -0.016892
1.048273 -0.018686
1.083856 -0.013314
1.076666 0.007804
-1.045746 -0.013051
1.036061 -0.010201
1.040871 -0.029959
1.022331 -0.005968
1.071254 -0.022860
-1.028893 0.013622
1.068527 -0.008201
-1.057331 -0.017883
1.041757 -0.026747
1.035244 -0.031515
1.038357 -0.022195
1.041042 -0.022947
-1.054509 -0.004708
-1.046362 -0.020272
1.041290 0.008321
-1.060902 -0.010708
1.043164 0.009105
-1.041013 0.026838
1.049143 0.008065
-1.088739 0.003267
1.074812 0.033675
-1.050867 0.032151
1.032970 -0.003533
1.030801 0.004207
1.043101 -0.006151
-1.085388 0.018759
1.034870 0.013782
-1.073495 0.001772
1.003470 -0.020527
1.063356 0.027190
-1.061794 -0.003993
1.012250 -0.038137
1.079816 -0.004526
1.055514 0.003446
-1.045799 0.015609
-1.024382 0.016043
1.070665 -0.002359
1.069821 0.012791
-1.048149 0.013125
1.032941 0.000912
-1.045838 -0.011425
1.071357 -0.000173
1.073689 0.015198
-1.022136 0.025389
-1.030078 -0.000122
1.053505 -0.001336
-1.062970 0.005306
-1.052111 -0.014938
-1.063176 0.016136
-1.065430 0.003490
-1.033648 0.025434
1.031500 0.010835
1.042002 -0.026246
1.035242 -0.009391
1.063620 -0.005444
1.093261 -0.005152
-1.035777 0.009124
1.037517 -0.002337
-1.043349 0.016742
-1.044258 -0.002047
