1.009082 -0.038567
1.018995 -0.003311
-0.938466 0.053505
-1.028953 0.006462
-0.972627 -0.008497
-1.002504 0.045972
-0.977006 0.085937
-0.951532 -0.054653
-0.986080 -0.047281
-0.979796 0.047554
0.986255 0.059848
0.965097 -0.018562
-0.967791 -0.019520
-0.975510 0.050067
0.971144 -0.038150
0.960974 -0.011877
1.001041 0.001808
-0.989957 0.007658
-0.982735 0.019196
0.978535 -0.005516
-0.957477 0.011925
-0.979900 0.016486
-0.973589 -0.000820
-1.014838 0.016625
-0.956086 -0.019557
0.935585 0.004048
0.930785 0.035291
0.998662 -0.036707
0.950718 0.033776
-0.942131 -0.045421
-0.987520 0.010819
0.974989 -0.066398
-0.981905 -0.008496
-0.950256 0.040420
-1.028901 -0.000203
-0.946496 -0.075647
-0.986074 0.015065
-0.973770 0.026387
1.014496 -0.037029
1.003611 -0.025189
-0.991975 -0.004358
-1.017525 0.022988
-1.013429 0.017006
-0.922310 -0.027275
-0.966487 0.021480
-1.005567 0.034763
0.952259 -0.008123
1.017511 -0.071533
0.974617 -0.038980
1.020229 0.003242
0.965273 -0.052437
-1.012900 0.001334
0.965237 -0.003690
-1.011758 0.010308
-0.989550 0.067427
-0.950206 -0.043951
0.965716 0.029813
0.973402 -0.065039
-0.991399 -0.003046
-0.975466 0.067450
0.971207 -0.037216
0.987051 -0.066054
0.989457 -0.062017
0.971552 -0.035942
-0.981641 0.029368
-1.003652 0.027380
0.996082 -0.058346
-0.977116 0.016154
0.971510 -0.008585
0.991019 -0.012907
-0.942517 0.024118
1.035364 0.007969
0.959487 0.087366
0.942352 0.052082
0.952767 0.051304
1.017551 0.028882
0.964458 0.081352
-0.929382 -0.075267
0.949641 0.056719
-0.958824 -0.002836
1.022784 0.021789
0.969362 0.002868
-0.988219 -0.046572
1.005743 0.033593
-0.998579 0.018896
-0.959235 0.016131
-1.027868 -0.002043
-1.011513 -0.025748
0.977776 -0.009051
-1.032551 0.006645
-0.974046 -0.012656
0.945079 0.027413
-0.993940 0.014195
0.991212 -0.016583
-0.961988 0.022383
-0.997023 0.019800
-0.996018 0.013630
-0.965176 -0.083274
0.954646 -0.002869
1.026929 0.033168
1.005227 -0.047371
-1.020479 0.085657
-0.996211 0.060112
0.974942 0.059220
-0.963633 -0.062970
-0.933314 -0.009782
0.976842 0.101655
0.948946 -0.000376
0.983783 -0.014300
-0.972820 0.044048
-1.001183 0.014981
0.945523 -0.009402
-0.983821 0.014163
-0.997104 -0.020468
0.973961 0.004761
0.979070 -0.028422
0.947475 0.027345
-0.988941 -0.021441
-0.991731 -0.011556
0.997869 0.047503
-0.951769 -0.073388
-0.965037 -0.050050
0.918535 0.071607
-1.020072 -0.022984
0.962530 0.026089
-0.921890 -0.105088
-0.990113 -0.016564
0.931276 -0.005592
1.020309 -0.026568
0.942960 -0.003594
0.987478 0.053403
-0.978762 -0.066645
-0.954027 -0.022812
-0.939526 -0.042065
0.993384 -0.021536
1.001615 0.009654
-0.996214 -0.010772
1.018391 0.012730
-0.965377 -0.061046
0.960908 0.035631
1.006355 -0.026039
-0.970813 -0.033342
0.952700 0.021778
1.016319 -0.035141
-0.968404 -0.002869
-1.000556 -0.064778
-0.933301 -0.007754
-1.022794 0.004673
0.950624 0.047262
0.978757 -0.034352
-0.992340 0.076959
-0.963652 -0.035032
0.986967 0.043264
0.989366 -0.005815
0.981885 0.051014
-0.969946 0.030054
-0.981978 0.038083
-0.974784 0.051931
-0.997477 0.039483
0.959011 -0.007349
-0.990238 0.027152
0.990564 0.016022
0.964499 -0.008536
-1.017628 0.055795
-0.963331 -0.007495
-1.003745 0.001321
-1.005565 -0.006714
0.988600 0.003574
0.967954 0.035039
-0.902130 -0.066411
-0.966187 -0.065142
-1.036581 -0.044377
0.954585 0.034806
-0.933717 -0.099331
0.986837 0.015798
-0.946751 -0.006331
0.990423 0.062382
0.934431 0.006358
0.997575 0.043907
-0.983488 -0.056844
-0.966231 -0.040501
0.980735 -0.019595
-0.967898 -0.032831
0.988283 0.009418
1.007257 -0.057776
-1.022209 -0.015255
1.000897 0.009416
0.958340 0.033107
0.979019 0.005015
1.017318 0.005520
-0.956364 0.011108
1.040244 -0.062358
0.987442 0.012092
0.971865 0.068429
0.970906 0.020925
1.049108 0.009947
0.973353 0.020646
1.032087 -0.025781
-0.976312 0.101123
0.969079 0.072513
-0.954187 -0.015704
-0.985553 0.091360
-1.006986 -0.013050
0.957489 -0.045630
-0.971311 0.038902
0.984592 -0.033992
0.986947 -0.037250
-0.975535 0.068669
-1.002550 0.040391
0.992686 0.025654
-0.977763 0.054698
0.991687 -0.049338
0.950468 0.021150
-0.993143 0.034858
0.966518 -0.006253
1.014828 0.008291
-0.984110 -0.060922
-0.926372 -0.045076
-0.974833 -0.041554
1.026513 0.007332
-0.941101 -0.065264
0.907838 0.092813
-0.972973 -0.015182
0.942489 0.039687
-1.032777 -0.019567
0.936188 0.026490
-1.018654 -0.029135
0.940203 0.120188
0.969609 0.003973
0.953031 0.048546
0.990188 0.039774
1.016793 0.043895
1.006976 -0.001947
0.995500 0.051171
0.975129 0.066916
0.963648 0.044753
0.961521 0.040013
-1.040842 0.029461
0.946141 0.019949
1.017917 -0.022195
0.997283 0.021608
-0.994471 -0.044817
0.960270 0.017419
-1.005454 -0.015800
-0.971801 0.000369
-1.042372 0.093157
-0.978776 0.054470
0.965331 0.055434
-0.969009 -0.050893
0.943388 0.010285
-0.971826 -0.038019
-0.999202 0.030551
0.949700 -0.008407
-0.984827 0.028033
0.971106 -0.017272
0.968345 -0.020222
-1.003647 -0.014543
0.992739 0.018314
0.976874 -0.050103
0.994811 -0.027451
-0.970901 -0.038375
0.975296 0.004242
-0.977921 -0.022753
1.004561 0.002846
0.992292 0.041393
0.937300 0.055901
0.976700 0.034118
1.013659 0.031218
0.980392 0.056013
-0.939827 -0.104559
-0.967875 -0.041886
0.944755 0.004804
1.047115 0.032832
-0.961205 -0.014887
-1.012245 -0.039862
0.980571 0.053758
1.005876 0.007162
-0.987120 0.021574
1.038043 -0.046319
-1.019292 -0.022736
-1.006046 0.007192
1.045555 0.008031
-0.960248 -0.025395
-0.915293 -0.085593
0.960260 0.040931
-0.988636 -0.009639
0.953071 -0.003895
-0.982217 0.019884
0.986967 0.019639
1.019818 0.041406
-0.963322 0.055261
-1.012226 -0.058650
0.988412 -0.036850
-1.023101 0.047607
-0.984918 0.114049
-0.974008 -0.018473
-0.990117 -0.024388
1.003561 -0.089593
-0.970388 -0.053236
-0.958552 0.084889
0.977224 -0.039939
0.993513 -0.038438
1.020839 -0.035892
-0.963401 0.049543
-0.988760 0.016957
0.988044 -0.041861
-0.985321 0.063351
0.995420 -0.018554
0.964422 -0.001368
-0.983534 0.031917
-0.979484 0.041795
-1.009955 0.031222
0.907465 0.098114
0.879952 0.095011
0.913676 0.098481
-1.006760 -0.066100
-0.983708 -0.119046
0.935738 0.128147
0.974469 0.062793
-0.976506 0.003788
1.005014 0.049097
-0.981025 -0.049586
1.009905 0.045894
0.985849 0.060813
0.955018 0.050142
0.946618 0.035300
1.010192 -0.013350
1.002300 -0.010372
0.973528 -0.015897
1.015447 -0.008603
0.950686 0.047084
0.920863 0.078230
0.972739 0.018049
-1.021308 -0.018242
-0.972157 -0.033536
0.995990 -0.051054
0.990065 -0.027030
1.032912 0.025165
-0.962970 0.035489
1.014756 -0.006909
-0.958586 0.019651
-1.026767 0.081786
-0.977995 0.061951
-0.985046 -0.029201
0.994991 0.025843
-0.927309 0.019685
-1.006992 -0.002691
0.975365 -0.067532
0.952864 -0.028409
0.983634 -0.063084
-0.991271 0.026109
0.936312 -0.067728
1.004539 -0.020121
-0.994725 0.016866
0.961325 -0.068684
-0.996486 0.070623
-0.956954 0.024422
-0.993267 0.051977
0.950976 -0.041116
1.021445 -0.033841
0.949608 0.046127
-0.943554 -0.083301
0.908924 0.112716
-1.037582 -0.022315
0.955267 0.078038
-0.934172 -0.126451
0.980631 0.029827
0.953021 0.043126
1.013084 0.041062
-0.986284 -0.039244
-0.974792 -0.120144
-1.014330 -0.066691
0.960998 0.017081
-0.996188 -0.027191
-1.040413 -0.000442
-1.059626 0.023753
0.995358 0.009644
-1.007499 -0.052052
0.956321 0.085302
0.945623 0.052839
-0.972635 -0.000445
-0.999935 -0.024419
-0.965922 0.025427
1.010780 -0.064728
1.000001 0.025964
-1.013612 -0.026385
0.956603 -0.001009
1.032536 -0.031731
0.974229 0.008338
1.018942 -0.130589
0.989625 -0.086489
0.968499 0.041377
0.976862 0.060924
-0.981988 0.036401
-1.004020 -0.022448
-0.964975 0.009924
0.989499 -0.014413
-0.961194 -0.007733
1.005940 -0.009290
-0.972265 -0.011624
0.985113 0.008846
-1.001025 -0.039856
-0.977592 0.025385
0.993461 -0.019687
-0.953074 -0.005168
0.996528 -0.012819
0.992872 0.009597
-1.014335 -0.029657
0.970276 0.083490
-0.898768 -0.096008
0.962490 0.074504
-1.026327 -0.011509
-0.938886 -0.078998
-0.940807 -0.066880
0.961532 0.059049
-0.972316 -0.046368
0.999090 0.068999
-0.944171 -0.041280
0.986106 0.078887
-0.970648 -0.110196
0.956039 0.046256
0.947876 -0.005436
-1.059109 0.050629
-1.029975 0.030546
-1.009063 -0.003345
-1.011759 0.006505
0.984606 0.023260
-0.924119 -0.106400
0.969076 0.014385
-1.012893 -0.017401
-0.942016 0.018483
-1.043921 0.040197
-0.987549 -0.041135
0.977831 0.096161
-0.959339 0.027468
-1.033761 0.006277
-0.976211 0.005678
0.978253 -0.017250
0.998776 -0.065141
-0.955156 -0.079061
0.974347 0.073271
-0.972979 0.013158
1.014297 0.046430
-0.971559 0.045076
-0.972908 0.013746
0.962290 -0.020879
-1.006203 0.066877
-0.953634 0.019391
-0.993242 0.032513
0.983259 0.005177
0.980594 -0.070246
-0.981409 -0.012058
-0.956511 -0.037994
0.988197 0.013367
0.996078 0.017372
-1.000792 -0.041141
0.935755 0.074885
-0.902336 -0.090293
-0.973358 -0.080416
1.002346 0.095297
-0.961012 -0.061155
-0.953655 -0.115139
0.961112 0.029134
-0.987895 0.044344
-1.015070 -0.007298
-0.966890 -0.000005
1.005142 0.030705
-0.998455 -0.080417
0.971864 0.045888
1.000240 -0.026240
-0.997449 -0.008646
1.046443 0.026332
0.972838 0.015434
-1.002781 -0.045590
-0.996590 -0.030555
0.936146 0.029302
0.965989 0.026809
-1.005254 -0.004408
-0.949698 -0.006065
1.019735 -0.015701
0.982473 -0.017073
-1.027075 0.009066
0.961019 0.013533
1.011128 0.018728
0.963289 0.026171
1.027600 -0.045065
-0.995193 0.074771
0.977759 0.022874
-0.993757 -0.061571
-0.970162 0.017994
0.979705 0.017807
-0.953902 0.006018
0.983521 -0.036241
-0.991461 0.033937
-0.983192 0.036992
0.947578 -0.023403
-0.982706 0.001451
0.993843 0.030313
0.976224 -0.047444
-1.009312 0.059956
-0.937755 -0.014898
1.006022 -0.016001
-0.961818 -0.012801
-0.995349 0.014958
-0.989450 -0.026057
0.902177 0.075734
-0.963547 -0.060401
-1.040553 0.044758
-0.946029 -0.060503
-0.931784 -0.058380
-0.957629 -0.031398
-0.970620 -0.030527
-0.991945 -0.071276
-0.946502 -0.007769
-1.017490 -0.035574
-1.009536 -0.056726
0.987811 0.006154
0.975930 -0.007688
1.002843 0.040287
-1.002037 0.012946
0.968026 0.032101
-1.001215 0.035642
0.969356 -0.006960
0.966064 -0.003895
-0.970987 0.000819
-0.999355 -0.017515
-0.972359 0.015516
-1.018887 0.031939
1.009412 0.010687
-0.967583 -0.094721
0.927995 0.018666
1.000547 0.064337
0.976989 0.031995
-0.990069 -0.013936
-0.986090 0.042360
0.968479 0.096281
1.017868 0.088476
-0.968224 -0.000668
-0.996053 -0.084356
0.947875 -0.013520
0.987235 0.003598
-0.967458 0.022650
-0.979855 -0.027714
-0.952083 -0.031561
-0.998126 -0.028843
0.975314 0.070090
0.981208 0.019690
-0.985581 -0.044133
-0.970518 -0.043583
-0.999938 -0.026481
-0.982956 -0.023125
-1.019145 -0.090730
0.967252 0.062188
-0.956851 -0.003231
-0.959132 -0.055639
1.033751 0.003223
-0.966804 -0.065521
0.922889 0.091851
1.007501 0.013733
-0.939986 -0.035965
0.964964 0.030169
0.943313 0.036563
0.967992 0.091647
1.025364 0.053104
-0.999313 -0.007601
-0.989993 -0.017253
0.999756 0.018189
1.023597 0.002563
-0.988488 0.020329
-1.024528 -0.020002
0.952099 0.083202
0.905200 0.096845
1.014182 -0.019785
-1.003597 -0.030238
-0.984051 -0.014881
1.028721 -0.021009
0.982571 0.008285
1.001982 0.023471
0.942235 -0.011028
-1.031383 0.002528
0.976558 -0.026575
0.981100 -0.010419
0.982793 -0.062675
-0.952090 -0.011967
-0.999931 0.028642
0.967378 0.001087
0.967164 0.077839
-0.956570 0.063319
0.976290 -0.055895
0.984462 -0.043234
0.998510 0.005373
0.956459 -0.024196
-1.003057 0.052342
0.998523 -0.015889
0.978249 -0.008905
-0.983664 0.048721
0.973268 0.003825
-0.978598 0.035974
0.979658 0.012932
1.022228 0.005950
-0.960918 -0.042012
0.903644 0.072518
-0.947022 -0.017103
-1.027965 0.019224
0.948126 0.039320
0.951180 0.052122
0.956444 0.006501
-0.938369 0.050304
-1.035612 0.016518
-1.006245 0.039878
1.025177 0.000836
0.972779 0.030148
-0.968780 -0.001487
0.955060 0.016046
-1.012775 0.034510
0.999365 0.018705
-1.005239 0.032410
1.037461 -0.006851
-0.979271 0.002023
0.932961 0.027497
-0.979937 0.019164
1.007957 -0.008517
0.969359 -0.008583
-1.026827 0.077801
0.979391 0.023228
-0.994501 -0.019324
0.998251 0.003628
1.011057 0.052265
-0.985094 -0.015603
-1.000663 0.002892
0.996123 -0.037676
0.941810 0.078615
0.997042 0.082503
0.976903 0.002479
-1.010223 -0.095139
-0.968304 -0.008386
-0.983317 -0.001734
0.983220 0.036985
0.985859 0.000711
-0.959980 0.048427
0.989589 -0.010074
-0.990184 -0.072341
-0.959980 -0.021137
-1.004593 0.038305
0.945524 0.032267
-0.985365 -0.007461
0.973915 0.000874
-1.034021 -0.031360
0.966106 0.045795
-0.910063 -0.064203
0.907352 0.023093
-0.976647 -0.028289
0.976783 0.043124
0.953751 0.078677
0.992871 0.027035
0.986079 -0.074116
-1.006850 -0.011295
0.933997 -0.023057
-0.996063 -0.044646
0.956612 0.104164
0.979634 0.029104
-0.976821 -0.009073
-0.987622 -0.036711
1.074470 -0.024437
1.014591 -0.014666
1.056082 -0.006763
-0.984686 -0.017890
-0.912321 -0.059253
-0.988685 -0.001713
-1.030863 -0.029100
-0.993223 0.020254
-1.017722 0.014894
-0.997317 -0.005334
-1.022062 -0.038845
-0.943098 -0.018446
-1.024824 0.001169
-0.985469 -0.006896
0.995530 0.004357
0.971519 -0.012897
-0.981900 -0.009787
0.986501 0.065201
0.993668 -0.046262
-0.966414 -0.076721
0.968705 -0.018768
-0.970755 -0.052103
0.974876 -0.000979
-0.997151 -0.015341
0.956383 0.001737
0.999423 -0.016617
0.997488 0.049797
0.962126 -0.023697
-1.019419 0.047017
-0.947217 -0.060259
0.982979 0.015172
-0.982216 -0.040021
1.011532 0.029319
0.982943 0.016241
-0.945214 -0.009624
-0.953033 -0.079179
1.012456 0.022712
-0.908655 -0.071969
-0.935247 -0.089806
0.983004 -0.017605
0.977175 -0.028568
1.039307 0.000559
0.966736 -0.003210
-1.027222 -0.004115
-1.002647 -0.008304
0.995918 -0.031874
0.956892 0.018757
-1.011729 -0.017681
-1.045710 0.005669
-0.994590 -0.000435
-1.027203 -0.017286
-1.000783 -0.035351
0.912393 0.059393
0.970591 -0.005111
-1.025238 0.042492
0.981133 -0.000411
1.027735 -0.055481
