-1.030690 0.016250
1.070218 -0.037182
1.047370 -0.090563
-1.014679 0.023039
-0.998738 0.074336
-0.995657 0.084088
-1.047365 0.061022
-0.994024 -0.009785
1.028767 0.052998
0.991182 -0.062664
-1.029337 -0.009778
1.053549 -0.039733
-1.023228 0.033321
1.019373 -0.050437
-1.047820 0.016776
-0.995239 0.036452
1.062403 -0.049560
-1.049465 0.006957
-1.027005 -0.001217
-1.000016 0.082720
1.014385 -0.043934
1.015122 -0.017044
1.045001 -0.070554
1.000965 -0.012688
1.034031 -0.020302
1.017301 -0.005819
1.012891 -0.058432
1.016187 -0.065896
1.019827 -0.043274
-1.003085 -0.021289
-0.993938 -0.015710
1.053185 -0.002191
1.019071 -0.032493
-1.017025 -0.003399
1.047950 -0.054466
-1.016191 -0.013030
1.020220 -0.022557
-1.008753 0.029879
-0.996114 0.046099
1.024433 -0.031357
0.990802 -0.054114
-1.058044 0.023264
1.021641 0.000890
-1.004426 0.000130
1.022616 -0.059162
1.047862 -0.058563
-1.035197 0.037535
-1.030493 0.099718
-1.032112 0.011085
1.072394 0.040234
-1.040040 -0.004328
1.020701 0.042741
-1.007380 -0.006986
1.029408 -0.015453
1.031113 -0.018238
1.012985 0.034889
-1.007669 -0.072724
1.029573 -0.011177
-1.059239 -0.041450
-1.035983 0.052481
-0.996805 -0.027136
0.999583 -0.003770
-1.025691 -0.022798
1.063717 0.010325
1.015548 -0.069975
-1.017826 -0.017592
1.038374 0.005805
-1.010642 -0.000040
1.008850 -0.006847
1.004992 0.000105
0.999954 -0.036261
1.012200 0.024051
0.988627 0.031634
-1.016212 -0.026531
0.999370 0.026804
-1.022806 0.013673
0.968659 0.044006
0.993071 0.065610
0.966843 0.010289
-1.009528 0.006206
1.034038 0.011762
0.991045 -0.002209
-1.032457 0.043346
1.013418 0.037064
0.993377 0.041804
-1.003712 -0.055200
1.025076 -0.014752
-1.026725 -0.021516
0.994644 0.016392
-1.032165 0.020733
-1.038739 -0.029197
0.985273 0.020112
1.035031 -0.011187
1.041798 -0.005465
1.014667 0.015276
-1.040261 0.012621
-1.029018 -0.008937
-1.058568 -0.024761
-1.045344 -0.003676
-1.009402 -0.029783
-0.993497 -0.005387
1.061937 -0.048978
1.046916 0.019149
1.006864 0.055994
0.988263 0.053491
-1.000627 0.033077
-1.040319 -0.052750
-1.034552 0.009141
-0.992752 -0.026530
1.044563 -0.053491
-1.028891 0.006102
1.059492 -0.011074
1.049502 -0.052926
1.027328 0.017809
1.046623 0.020488
1.003997 -0.043530
1.014025 -0.019844
0.994293 -0.006853
1.000320 -0.048846
-1.014170 0.001089
0.997505 0.037036
-1.027345 -0.040839
-0.999592 0.003271
1.006633 -0.033818
1.007287 0.011737
0.980706 0.030153
-1.009553 -0.005258
-1.005535 0.006324
1.037067 0.019993
1.008664 0.013199
1.031696 0.007946
0.979900 0.073688
0.992784 0.010340
-1.023128 -0.036459
1.009651 -0.076356
-1.015413 -0.016196
1.004239 -0.040773
-1.044503 0.022840
1.044523 0.008623
-1.013000 0.035966
1.034411 -0.010182
1.014927 -0.014687
0.976099 -0.009634
-1.044039 0.008802
-1.006508 0.042536
-1.065478 -0.050138
1.056536 0.018725
1.028487 0.016402
0.999012 -0.010458
-1.049704 -0.018092
-1.017202 -0.012427
-1.018609 -0.057586
-0.983009 -0.105443
1.011008 -0.021207
1.041338 0.102427
1.023433 -0.001306
1.021676 0.040040
-1.024017 0.003972
1.053668 0.060033
-1.011402 -0.046496
1.031427 -0.048297
-1.012540 -0.060744
1.037816 0.046252
-1.013681 0.016286
1.020115 0.014928
1.006343 0.024224
1.022985 0.048242
0.990000 0.024096
-0.997617 -0.034233
1.032465 0.029450
-0.998006 -0.007325
1.018946 -0.030968
-1.003938 -0.019001
1.020550 0.029909
-1.020749 -0.006693
1.023973 -0.013056
1.002540 -0.017238
1.010280 0.024878
-1.048486 -0.014641
-1.003758 -0.050199
-1.006232 -0.040167
0.998876 0.041229
-1.037706 0.012583
0.996004 -0.002459
-0.993689 0.043976
1.018927 0.007855
-1.060623 -0.017145
-0.982643 0.005207
-1.035585 0.017248
-1.028638 -0.000750
-1.027156 -0.011778
1.040323 -0.039064
1.027390 -0.050227
-1.068209 0.029141
1.038240 -0.041964
1.013859 -0.001847
1.010736 -0.031933
-1.027529 0.076498
1.049338 -0.039433
1.005003 0.094360
1.014505 0.048387
1.018802 0.011864
-1.052310 -0.027667
1.022173 -0.044109
-1.046088 -0.020414
1.014473 -0.061621
-1.041330 -0.001046
-1.025526 0.034345
1.015136 -0.052144
1.041110 0.043947
1.009940 0.107890
0.996835 -0.002013
-1.018967 0.012778
0.978502 0.007467
-1.063733 0.023683
0.980152 -0.013213
1.041461 -0.041795
-1.005034 0.019178
-0.986335 0.043033
0.973443 -0.030922
1.008618 -0.025842
-0.989293 0.036762
0.991073 0.000004
-1.024874 0.045936
1.017406 -0.007945
-1.034977 0.013347
-1.030927 0.049318
-1.022875 -0.075637
-0.998924 0.019741
-1.004658 0.027606
1.049008 -0.049040
1.044931 -0.003986
1.009633 -0.032599
1.042741 -0.021938
1.014437 0.022889
-0.978153 0.021093
-1.031223 0.039766
-1.045294 0.006164
1.017853 -0.041701
1.036220 -0.060199
1.002986 -0.036671
-1.062454 -0.003921
1.045896 -0.062234
-1.028175 -0.030716
0.988640 -0.014377
1.009558 -0.086143
1.036845 -0.036963
1.023186 0.041079
0.981991 0.076929
1.023249 -0.045007
1.039708 -0.001354
-1.006452 0.039194
-1.016814 0.018469
-1.011735 0.043344
-1.043333 0.016078
-1.050266 0.075534
1.017011 -0.138635
1.012532 0.008342
-1.033832 0.047318
-1.011158 0.091434
1.003320 -0.036785
0.991095 -0.033157
0.994496 -0.044183
1.006527 -0.040343
-0.964095 -0.051625
-0.985856 -0.028591
-0.993797 -0.027285
0.994397 0.040369
0.994681 0.035521
-0.991614 -0.061685
-0.980796 -0.020527
-1.030369 -0.031698
-1.012260 -0.037091
-1.012570 -0.025410
-1.028137 0.000218
-1.024985 -0.083994
1.013901 0.004747
-1.000518 -0.023104
1.027211 -0.009320
-1.009269 -0.000662
0.992718 0.029478
-1.065182 0.036839
-1.037038 0.008044
-0.994638 0.010030
1.029190 -0.034985
-1.010354 0.000328
-1.016537 0.022269
-1.039434 0.025173
-1.000046 0.003789
1.064822 -0.012406
1.010219 -0.048305
-1.044167 -0.043122
-0.975609 0.018146
1.072248 -0.038021
-1.049235 -0.019470
-1.005974 -0.031119
1.007979 0.048946
0.989717 -0.021460
-1.035924 -0.045204
1.069593 -0.011817
1.007262 0.049889
-1.021638 0.020267
-1.034407 -0.028736
1.034787 -0.022838
-1.015892 0.082904
1.036727 -0.007909
-1.036976 -0.020022
-0.978797 0.041416
1.004149 -0.011102
1.005176 0.029749
1.025049 0.031713
0.996177 0.051056
-0.985283 0.007167
1.022977 -0.009142
-1.005550 0.006209
-0.964173 -0.006655
1.004110 -0.010460
0.965587 0.034626
0.992840 -0.035942
1.016114 0.007439
1.036724 -0.013255
1.019843 -0.038552
1.024259 -0.034350
1.021934 0.073945
1.000135 -0.001038
-1.032512 -0.011740
-1.036526 0.012410
-1.007934 -0.000036
-0.995124 0.030422
1.041737 -0.040219
1.032691 0.007154
0.957992 0.001266
-1.054332 0.043430
-1.033815 -0.009339
-0.995281 0.018149
1.022785 -0.004333
-1.027972 0.037171
-1.131174 -0.025777
1.034949 -0.011485
-1.055374 -0.007591
0.977683 -0.042559
1.016541 -0.074612
1.056506 -0.039838
-0.996207 -0.032297
1.021652 0.057720
-1.001380 0.015255
-1.030963 -0.013083
-1.053190 0.013714
-1.037711 0.001590
-1.001140 0.072913
-1.060704 -0.016872
1.018707 0.020358
-1.035118 0.066423
-1.023975 0.006295
-1.068719 -0.033594
-1.003030 -0.011841
-1.020993 -0.005753
0.991682 0.002923
-1.001545 -0.028225
-1.021626 -0.013345
-0.996284 0.018835
1.009337 0.034713
-0.985190 0.005568
1.004458 -0.021637
-1.011522 0.022693
-1.016118 -0.032800
0.974804 -0.010736
1.034990 -0.016231
-1.032366 0.017620
0.995033 -0.013763
1.028720 -0.048152
-1.019792 -0.006908
-1.028088 0.016254
0.988361 0.017649
-1.041102 0.043977
0.991425 -0.055444
1.003515 -0.039387
-1.048343 0.026040
-1.032435 -0.006142
0.997435 0.024574
-1.033721 0.004017
1.034612 -0.009152
-1.010177 0.021265
-1.050722 0.070543
-1.029670 -0.023032
-1.075742 -0.010613
1.017246 -0.056742
1.026563 0.033743
1.000023 -0.024485
-1.018865 0.034881
1.044585 -0.014412
-1.011688 -0.032700
-1.021915 -0.081535
1.047980 -0.014418
-1.046834 -0.062296
-1.037126 0.006130
-1.021321 -0.007398
1.018765 -0.016273
1.029792 0.010746
-1.013299 -0.020342
-1.042668 0.019045
-1.021126 -0.050710
-1.055524 -0.034382
1.027410 -0.007901
1.015804 0.012380
1.038023 0.019531
-0.986807 -0.014815
-0.973423 -0.044594
-0.971385 -0.021858
-1.001707 -0.030391
1.026463 0.038858
1.016559 0.026707
1.003801 0.026100
-1.001539 -0.034095
-0.997549 -0.032216
-1.030062 -0.025681
1.032605 -0.009731
-1.019586 0.025165
1.039400 0.022390
-1.021429 -0.061741
0.996426 0.017353
-1.005032 -0.024391
1.010428 -0.033601
-1.017705 -0.018898
-0.997024 0.031597
1.042053 -0.004483
-1.042810 -0.018665
0.989171 -0.001653
1.058028 0.025002
-1.055209 -0.003706
1.013713 -0.006322
-1.025215 0.008252
-1.007222 0.073211
-1.082770 0.032837
1.019926 -0.076980
1.033245 -0.005224
-1.017345 0.020825
-1.027868 0.084119
1.049453 -0.100215
1.028152 -0.011563
1.023773 0.043699
1.012129 -0.048124
-1.034426 -0.083364
1.036961 -0.012717
-1.036418 0.029365
-1.002755 0.044191
-1.047194 0.041516
-1.026079 0.041251
1.044098 -0.081078
1.024286 -0.027792
1.027650 -0.023291
0.999582 -0.038720
-1.013474 -0.017785
1.037461 0.019080
-1.023975 0.024257
-0.998765 0.015776
-0.999429 0.001475
-0.976117 0.041094
1.020574 -0.037446
-0.994524 0.024424
1.013833 -0.049681
-1.005990 0.018357
-0.972868 0.070235
1.039054 -0.023196
-1.015681 0.026552
1.026789 -0.062746
-1.051294 0.054663
1.035724 0.010267
-1.017190 0.047179
-0.984737 0.009607
1.013478 -0.075536
1.025298 -0.055155
0.996521 -0.088221
-1.043198 0.049612
-1.053786 0.010089
-0.961021 0.002364
1.036885 -0.014223
-1.039828 0.062486
-1.018206 0.034439
1.012963 -0.054697
-1.021744 0.021092
1.052003 -0.036036
1.036713 -0.062487
1.029936 0.024960
0.989540 -0.061354
1.052136 -0.076139
-1.041811 0.042550
-1.010282 -0.014052
-0.997768 -0.046039
-1.021199 0.051436
1.048872 0.043162
-1.008264 0.062100
-1.055985 -0.005279
1.000316 -0.031391
1.049867 -0.037049
-1.029400 0.035223
1.049481 -0.072111
-1.020620 0.030539
-1.077953 0.011843
1.011248 -0.062728
-0.989035 0.028304
-1.010527 0.040015
-1.038025 0.033972
0.998574 -0.039662
-1.016434 -0.014000
0.997313 0.022742
-0.991602 0.016480
-1.006912 -0.013927
-0.997893 -0.026162
-1.001495 -0.043600
0.973565 0.013390
1.043235 -0.004090
-1.004153 -0.007330
-1.020107 0.005051
1.049781 -0.033393
-1.013884 -0.074473
1.002634 0.010797
1.001697 0.027493
1.033859 -0.087778
1.037570 -0.006371
-0.992186 0.026863
-1.084117 0.022033
1.053066 0.004081
-0.971945 -0.008191
1.056472 -0.025831
-1.029014 0.042151
1.031213 -0.025132
-1.019866 0.067199
-1.036600 0.025669
-1.049609 -0.003189
1.049485 0.001053
-1.032046 -0.036986
1.011596 -0.040166
-1.034095 0.056715
1.038519 -0.053172
-0.998226 -0.024199
0.999459 0.053866
-1.018719 -0.001926
1.029788 0.011126
-1.044159 0.018087
-1.029282 0.055935
-0.989218 0.039753
1.071150 -0.029906
-1.030214 -0.002490
1.021144 -0.078512
-1.027623 -0.004651
-1.009213 0.020802
-0.994850 0.035003
1.032246 -0.056610
1.033799 -0.041721
1.031989 -0.023937
-0.999699 0.007880
0.986659 0.037450
0.975300 0.036274
-1.015507 -0.042941
1.000916 0.033992
-1.015639 -0.049371
-1.001817 -0.092266
0.980828 0.043113
-1.019296 -0.030143
1.045291 0.003459
1.031898 -0.048351
1.002699 -0.025068
-1.037499 -0.074468
-1.004740 0.017123
-0.990054 -0.013511
1.023870 -0.053159
-1.000885 -0.034604
1.011005 -0.017400
1.044982 -0.043707
-1.033737 -0.040585
1.023183 -0.001016
1.025312 -0.023226
-1.049947 0.013289
-1.003132 0.006738
1.049415 -0.022311
-1.020364 0.029060
-1.064814 0.017308
-1.015902 0.020271
-1.036816 -0.032198
1.014541 -0.030941
-1.026755 0.058701
1.053028 -0.038502
1.000936 0.020738
-1.001224 -0.065672
1.025535 -0.048011
1.028762 0.052777
1.030682 -0.035776
1.013951 0.034633
1.013824 -0.028150
-1.037539 -0.022254
-1.016801 -0.019491
-1.057116 0.033839
1.015612 0.012072
-1.025949 0.009412
1.024395 -0.046316
-1.000574 0.003090
1.027129 0.007576
1.034635 -0.011512
-0.991412 -0.028528
1.004472 -0.007913
1.016710 0.015041
0.996293 -0.020513
0.981659 -0.061487
0.985763 0.007548
-1.013838 -0.012441
-0.999073 -0.010493
-1.038430 0.001120
1.013776 0.000277
1.008824 0.010329
1.021156 -0.049351
-1.011694 -0.077840
-1.024919 -0.005462
0.994780 0.037477
1.039791 -0.049830
-1.023227 0.005453
-0.998582 0.028662
1.047062 -0.038449
-1.049214 -0.017207
-0.978129 -0.025776
-1.031214 -0.004014
1.022384 -0.017055
1.024047 0.008341
-1.047272 0.081233
1.015939 -0.032234
1.067887 -0.010552
1.059165 -0.039952
1.025162 0.029543
0.996086 -0.031765
1.014249 -0.083552
-1.052278 -0.002998
1.008250 0.052884
0.962267 0.075596
-1.048681 0.027643
1.030547 0.052586
0.987299 -0.030613
-1.027616 -0.045466
-1.018980 0.044613
-1.049119 0.010298
-1.028289 0.011522
-1.020996 0.044958
1.023801 0.029210
-1.026228 -0.084342
1.006886 -0.041532
0.988921 0.006688
-1.034264 -0.007122
-1.020952 0.010067
-0.984011 -0.028238
0.991326 0.024634
0.971515 0.004206
-1.020188 0.059553
-0.983934 0.029908
1.011392 -0.019568
1.000171 0.059158
0.982222 -0.003181
-1.031110 0.012213
1.006739 0.025291
-1.044890 0.020314
1.035185 -0.024867
0.986540 0.048117
-1.013750 0.001139
1.006378 0.013353
-1.051644 0.055283
-1.006016 0.022608
1.000444 -0.018234
1.043967 -0.033172
-1.042613 -0.040312
-0.966862 0.011647
-1.027279 0.020847
1.061803 0.003807
1.010377 -0.010613
-1.032657 0.040734
-1.012326 0.035538
-1.050478 0.023712
1.041290 -0.053326
1.024152 0.033709
1.010575 -0.011676
1.046551 -0.046372
1.032193 -0.012801
1.014769 0.031336
-1.003939 -0.001409
1.000320 -0.023208
-1.008309 -0.026688
1.033525 -0.000119
-1.004577 -0.020430
0.997219 -0.012578
1.030684 0.018795
1.022654 0.002007
1.039742 -0.040590
-1.032936 -0.004405
-1.067800 -0.011150
0.998611 -0.038052
1.006673 -0.004705
-1.029500 0.033669
-1.030953 0.021830
1.000034 0.017385
-1.006935 -0.026205
1.016568 0.021389
-0.990757 0.007371
1.019768 -0.000123
1.000780 0.025911
-0.987378 -0.024939
-1.000105 -0.004384
-0.999149 0.001947
1.022367 0.030703
1.032704 0.008331
-1.016437 0.036874
1.012669 0.078479
-0.997375 -0.000203
1.002187 0.041598
1.047445 -0.018376
1.017026 -0.008770
1.006328 -0.020268
-1.035108 0.018621
1.044520 0.014847
0.981579 0.010310
1.045505 0.002150
1.045198 0.012008
-1.030029 0.035111
1.010721 -0.019078
