-0.935355 -0.005342
0.989645 0.012488
0.967301 0.020016
-0.939701 -0.041077
0.976904 0.013999
0.938645 0.001661
0.973706 -0.008243
1.007765 0.026684
0.990792 0.020143
0.960390 -0.033259
0.952610 0.005967
-0.958200 0.003760
-0.977620 0.017054
-0.950513 0.018826
0.970128 -0.014738
0.993407 -0.003579
-0.952315 0.007043
-0.988310 0.003585
-0.987896 0.008993
-0.929724 -0.022461
0.992282 0.006537
-0.973355 0.048290
-0.954254 0.035323
-0.965664 0.014027
0.967236 0.022005
0.992508 0.035176
-0.987748 -0.011330
0.935693 0.027978
-0.981779 -0.062522
1.004228 0.055495
0.989463 0.045843
0.982896 -0.020853
-0.959020 -0.049012
0.953035 0.021455
-0.970663 -0.002926
-0.997456 -0.035305
0.958841 0.049468
0.984820 0.014397
-0.935744 -0.021912
0.924109 0.011548
-0.978671 -0.011117
-0.972567 -0.016346
0.952708 -0.006597
0.977146 0.004728
-0.965439 0.022929
-0.963117 0.003567
-0.975017 -0.011987
-0.944259 -0.002872
0.964126 -0.000970
0.943529 -0.003644
0.942046 0.012545
-0.956002 0.002280
-0.954637 -0.019526
0.942745 0.007016
0.943847 -0.005392
0.997964 0.014433
0.979525 0.042786
-0.954090 0.004953
0.987587 -0.003349
0.952908 0.009950
0.959405 -0.033084
-0.942365 0.013942
0.952179 -0.012989
-0.992282 0.022686
-0.968860 0.031336
-0.991717 0.017389
-0.974523 -0.002868
-0.952215 -0.010412
0.985416 0.000284
-0.988094 0.045327
-0.958422 0.045649
0.996721 0.005105
1.006310 0.023304
-0.970907 -0.024519
1.005520 0.015628
0.957186 0.034327
-0.967920 -0.048552
0.982229 0.045078
0.970513 0.042080
0.995997 0.002651
0.984105 0.018971
0.991219 0.005450
0.963482 -0.004979
-1.002466 -0.016798
-0.981326 -0.037304
-0.995984 -0.004618
-0.953737 0.028538
0.960827 0.003261
0.962235 0.017260
0.955879 -0.006068
-0.995083 0.001364
-1.006146 0.008533
-0.970032 0.025455
-0.985228 -0.007481
0.955923 0.015261
0.947320 0.001120
0.963027 0.006055
-0.956472 -0.010206
-0.989413 0.005768
0.990609 0.016135
-0.958592 -0.033587
0.923645 -0.001633
0.940581 -0.001065
-1.015503 0.007815
-1.009798 -0.004660
0.999432 -0.017588
0.943156 -0.000608
0.943496 -0.019832
0.961529 -0.048782
0.965642 -0.021009
-0.965613 0.030557
-1.000268 0.032711
0.945583 0.001487
-0.994246 0.022312
-0.980719 -0.008171
0.928363 -0.015185
-1.014551 0.020240
-0.994796 0.061845
-0.949379 0.064648
-0.983059 0.033360
-0.956208 -0.014268
-0.965504 -0.053496
-0.990110 -0.024994
1.013769 0.060229
0.947558 0.051367
-0.981730 -0.074597
0.950044 0.083593
-0.992264 -0.029921
-0.978572 -0.032193
1.005102 0.045090
-0.974530 -0.024919
0.995994 0.015690
-0.922666 -0.050660
0.974574 0.030794
-0.955466 -0.013681
0.929774 0.028017
0.988606 0.034058
-0.968309 -0.021590
0.985045 0.006464
1.001240 0.016312
-0.979521 0.000774
0.970677 0.016222
0.971492 0.018562
-0.958908 -0.027832
0.951464 0.004909
0.932253 -0.003679
0.921376 -0.012607
-0.989531 0.001050
-0.947706 -0.003327
0.965653 0.004570
0.944484 -0.023123
1.010706 -0.004987
0.985229 0.013690
-0.980151 0.036114
-0.972524 0.025973
0.985806 -0.012919
0.932630 -0.042459
-0.979778 0.036439
-0.945453 0.037508
-0.994777 0.028122
-0.899535 0.039455
0.983883 -0.022459
-0.957034 0.018562
0.975373 -0.024368
1.001246 -0.030878
0.996269 -0.054964
0.968873 -0.062509
-0.969800 0.070267
-0.979570 -0.045615
-0.959496 -0.059045
0.977551 0.035497
-0.986901 -0.064556
-0.973630 -0.081295
-0.979462 -0.086734
0.971659 0.067134
0.954585 0.025627
-0.970939 -0.038686
-0.943958 -0.021178
0.961465 -0.016369
-1.032598 -0.025555
-0.940343 -0.043699
0.997853 0.015204
0.922555 -0.018205
-1.019956 0.002564
-0.993670 -0.023501
-0.943697 -0.013106
1.015214 -0.004365
0.956925 0.024354
-0.958274 0.010309
0.990724 0.011864
0.957337 0.006382
0.900579 0.007556
-0.965565 0.010105
-0.937332 0.008783
0.965337 -0.014494
0.942576 -0.002714
-0.976041 0.021088
0.973640 -0.009186
0.954096 -0.000069
1.002332 0.017915
1.005265 0.025126
0.979428 -0.033067
-0.998501 0.003561
-0.938639 -0.003268
0.970982 -0.047750
-0.972896 0.038657
0.955778 -0.031011
0.996845 -0.007026
0.943991 -0.004071
0.965509 -0.005229
-0.986383 0.027831
-0.945508 0.012043
-1.004262 0.029571
-0.979878 0.041371
0.968461 -0.073414
-1.001209 0.042278
-0.975382 -0.018054
-0.981432 -0.062186
1.011059 0.003509
0.968548 0.027657
-0.950851 -0.045468
1.011131 0.060439
0.963695 0.036951
0.966270 0.014719
0.947722 0.030703
-0.961263 0.006229
0.983016 -0.013904
0.968375 0.001988
0.964145 0.036771
0.993193 -0.004156
-0.963363 0.018668
-0.949886 0.000329
0.957622 0.012595
-0.963600 0.011644
-0.992365 0.025179
1.025168 0.005848
0.944986 -0.030835
-0.970479 0.024204
-0.939256 -0.008397
0.956536 -0.010536
0.944783 0.002657
-0.948769 0.027708
-0.932950 -0.000962
-0.975088 -0.006041
-0.957579 -0.010094
-0.964165 0.029044
0.931369 0.005701
1.008578 0.023027
-0.965963 -0.018335
0.955131 -0.017480
-0.969056 0.002696
-0.949093 0.002043
-0.980102 0.030754
-0.976566 0.022359
-0.973007 0.030240
-0.985144 0.015634
-0.965086 0.039994
0.977535 -0.028711
0.987965 -0.000225
0.953286 -0.006359
1.013444 -0.034170
-0.976034 0.049966
0.958001 -0.067022
-0.975430 0.031946
1.002096 0.023001
0.997896 0.022419
1.015623 -0.000112
-0.953503 -0.065356
0.966131 0.033859
0.997080 0.044965
0.991273 0.055267
1.029984 0.000083
0.979886 0.027496
0.966694 0.008436
0.966060 -0.018736
-0.984210 -0.029560
-0.961105 -0.057738
-1.001362 -0.038413
0.907257 -0.016130
-0.936227 0.002845
0.956161 0.034831
0.964476 0.009310
0.997495 -0.000402
1.015913 0.004913
-0.959108 0.013021
-0.961668 -0.011728
-0.989870 -0.021762
-0.955788 0.004528
-0.955608 0.007256
-0.958146 0.030474
-0.949389 0.008250
-0.962024 -0.003177
-0.973031 -0.006015
-0.939560 -0.006537
0.953460 -0.011084
1.029400 -0.004958
1.017139 0.001566
0.957522 -0.028753
0.947527 -0.000609
0.953444 -0.001154
-0.951264 0.027115
-1.004520 0.013049
-0.971609 0.025835
0.994010 -0.015391
-0.947303 0.035045
0.987811 -0.025187
1.000718 0.000675
-0.948971 -0.000491
0.989738 -0.029242
-0.984189 0.051176
-0.950381 0.040856
-0.978256 0.017836
0.954114 0.031255
-1.000152 -0.024318
-1.001233 -0.007828
-1.023351 -0.048096
-0.978939 -0.044233
-1.016406 -0.055176
0.971803 0.031060
0.986723 0.020278
0.955637 0.019574
-0.944888 -0.011724
0.978829 -0.017983
-0.980295 -0.004340
-0.984908 -0.050491
0.953527 0.015891
0.983158 0.005794
-0.977173 0.002935
-0.977837 -0.010245
0.938226 0.003845
-0.975834 -0.003925
0.994929 -0.010055
-0.933470 0.007772
-0.943278 -0.007217
0.963244 -0.000569
0.957919 0.021116
-0.948749 0.023109
0.974315 -0.039310
-0.926034 0.026220
0.975528 -0.005788
0.988565 0.022146
0.943669 0.022358
-0.970498 0.037017
0.990400 0.018437
0.997156 0.019743
-0.986932 0.035785
0.992308 0.027059
0.946329 0.020518
-0.998333 0.015311
-0.929250 0.012133
0.947254 -0.040398
-0.995067 0.044739
0.950997 -0.039586
-0.978666 0.003947
-0.974945 -0.013289
0.951948 0.055217
1.007285 0.025260
1.001088 -0.030179
-0.955247 0.034851
-0.940662 -0.012445
-0.992337 -0.012535
-0.976053 -0.022794
-0.994722 0.002477
0.978390 0.009816
0.980576 0.064136
1.012095 0.068768
0.966348 0.043243
0.993496 0.020304
0.948851 0.011177
-1.021496 -0.020663
-0.937474 0.002353
0.997492 -0.002426
0.941095 0.052297
0.984066 0.018703
0.915991 -0.034239
-0.979431 0.039156
0.960999 0.008369
0.955471 0.022880
-0.995537 -0.011944
-0.998818 -0.021233
0.945831 -0.046094
-0.974320 -0.006208
-0.951516 -0.007848
0.960984 -0.018792
-0.976861 -0.012223
-0.984721 -0.003655
-0.936048 -0.023726
0.980893 -0.006523
1.005921 0.015488
0.935571 -0.013564
0.980258 -0.025921
1.020756 0.004542
0.974913 0.027580
0.964831 -0.022284
-1.023292 -0.011579
-0.966541 -0.025018
0.957764 -0.013393
-0.966870 0.014430
-0.974880 0.009778
-0.975179 -0.007519
-0.932170 0.000703
0.987477 -0.003545
1.005249 0.000837
0.947547 -0.007158
0.981854 -0.015230
1.007875 -0.044943
-0.963284 0.022526
0.997018 0.002184
-0.994754 -0.015351
0.994616 0.010519
-0.998764 -0.023272
-0.983559 -0.055704
-0.945166 -0.049528
1.037760 0.024685
0.960957 0.028936
0.984258 -0.044730
-0.931796 -0.028124
0.971710 0.012200
0.990944 -0.020681
-0.986865 -0.013841
-0.963944 -0.038049
0.961995 -0.001814
-0.951565 0.007698
0.973208 0.013689
-0.962307 -0.021830
-0.959253 -0.000391
1.006401 -0.003845
1.010436 -0.003043
0.965641 -0.021341
-0.945466 -0.030221
0.946161 -0.010295
0.924991 0.000382
0.963172 0.007119
0.971661 -0.025114
0.926656 0.001631
-0.943562 -0.009864
0.984380 0.013877
0.940140 0.010003
0.916801 -0.012729
-1.004136 0.004424
0.996007 0.012662
-0.976676 0.032063
0.977899 0.010506
0.909927 0.000227
-0.997769 0.048482
-0.971806 0.021726
-0.971645 0.025048
-0.952552 0.032701
0.974119 -0.024955
0.975181 -0.028763
1.000450 -0.011295
0.901851 -0.019335
-1.021916 0.032139
-0.997748 0.045060
-0.969177 0.054604
-0.979548 0.044254
1.013885 0.022652
-0.976973 -0.028925
-0.944502 -0.048883
0.947040 0.021237
-0.978743 -0.075949
-0.980795 -0.054865
0.978969 0.058477
0.959775 -0.000430
-0.931535 -0.032178
1.010641 -0.000959
0.973525 -0.017739
1.006854 0.014996
0.980350 0.034291
0.991052 0.025361
0.960519 -0.016391
0.959808 0.012293
0.973714 0.011051
0.963767 -0.005621
-0.983466 0.000383
0.938909 0.024242
-0.967333 0.014113
-0.956813 0.000044
-0.940903 -0.020902
0.957028 0.021091
0.951824 -0.001281
-1.003945 0.015683
0.932649 0.009585
-0.970522 -0.002879
0.979804 -0.003631
0.940564 -0.036544
-0.969182 -0.018731
0.999381 0.026308
-1.014540 -0.018378
-0.943016 0.028639
-0.978184 0.002057
0.969837 0.025871
-0.987059 0.032243
0.946987 0.005122
-0.960194 0.020709
-0.973483 0.020120
-0.934711 0.007670
1.002000 0.001631
1.004613 -0.005843
0.944092 -0.012802
0.969841 0.017785
-0.998150 0.023736
-0.974287 0.048741
-0.955286 0.005399
-0.978501 0.034089
1.014330 -0.017768
-0.970467 0.036354
0.967428 0.001354
-0.964099 -0.010473
-1.004770 0.005385
-0.997773 0.014528
-1.007137 0.066797
-0.919192 0.042459
-0.932739 0.010267
0.962299 -0.044385
1.014154 -0.056985
0.951172 -0.018020
0.997982 -0.060034
-0.933225 0.031176
0.922346 -0.038812
-0.958058 0.031215
-0.952361 0.022767
-0.992054 0.038768
-0.981833 0.014038
0.961515 -0.057400
0.953749 -0.029116
0.964933 -0.048063
0.961351 -0.027174
0.977141 -0.017683
-0.969670 0.002110
-0.943985 0.005094
0.995789 -0.003709
0.941906 0.015240
-0.926200 0.012514
-0.966917 0.035552
-0.980665 -0.004286
1.001308 0.012984
-1.006149 0.037073
-0.977480 0.000900
0.972157 -0.002727
0.938834 -0.021854
-0.973614 0.036221
0.975745 -0.034867
0.981227 -0.023780
0.947132 -0.027245
0.983409 -0.007607
0.988028 0.001098
0.969642 0.004763
0.967467 -0.026951
-0.986140 0.062248
1.010573 -0.056252
1.000627 -0.019632
-0.961917 -0.037872
-0.989763 -0.066754
-0.977927 -0.041759
0.953252 0.033770
0.954687 0.056001
-1.003614 -0.055077
0.982227 0.036435
0.938480 -0.026810
-0.949268 -0.011513
-0.973702 -0.023857
-0.928376 0.007911
0.999028 -0.000717
-1.004666 -0.035515
-0.973081 -0.002551
0.957361 -0.031239
0.931555 -0.001562
-0.960045 -0.007214
0.984303 -0.012300
-0.956028 0.005137
0.993338 -0.024139
-0.953490 0.031746
0.971914 -0.023010
0.989341 0.009607
0.937791 0.011977
-0.953749 0.004722
0.960334 -0.018982
0.926032 -0.018423
-0.955126 0.010381
0.975078 -0.004714
0.934799 -0.002075
-0.937561 0.045615
0.996673 0.007943
0.991116 0.026347
-0.990645 0.037883
-0.983609 0.031770
0.939234 -0.023160
-0.954875 0.046427
0.953110 -0.034879
-0.959639 0.050509
0.999376 -0.020213
0.942211 -0.008648
0.986161 -0.005280
0.974716 0.026227
-0.968255 0.037549
0.982740 -0.019799
0.969175 -0.056370
-0.972484 0.069536
0.963397 -0.030123
1.018646 0.005203
-0.977027 -0.020360
-0.994939 0.019598
0.965809 0.016280
0.993452 0.039952
1.008308 0.054179
0.964482 0.034668
-0.999444 0.036562
0.944177 0.011239
0.968180 -0.010964
-0.944879 0.021399
-0.956663 -0.011875
-0.960176 -0.008767
0.999988 -0.008318
0.948230 -0.025760
0.962979 0.014800
0.971118 0.012471
-0.929779 0.016969
-0.987536 0.022224
-0.981631 -0.014963
-0.948980 0.012315
-0.967367 0.007038
-0.998685 -0.021622
-0.931151 -0.014471
-0.976650 0.008092
0.964344 0.009503
-0.935092 0.024168
-0.959267 0.025378
-0.968176 0.048548
-0.953349 0.013046
-0.954079 0.006715
-1.002832 0.044430
-1.007455 0.002133
-0.946792 0.044638
0.983275 0.019896
-0.952680 -0.003782
0.977767 -0.015376
-0.967819 0.038415
-0.940823 0.044630
0.990473 -0.023041
-0.946842 0.040089
-0.946730 0.040617
-0.997434 0.028284
0.960000 -0.051044
0.980848 -0.028398
-0.998454 0.052760
0.943042 -0.070473
0.991464 -0.049098
-0.969826 0.010961
0.992999 0.011163
0.979596 -0.039385
0.943023 0.024618
-1.012192 -0.054605
-1.013499 -0.036537
-0.987423 -0.024080
-0.984997 0.045002
-0.961836 -0.001734
-0.924638 0.033326
-0.947373 0.041928
-0.974215 0.029316
0.974705 0.012921
0.990516 0.000537
0.970013 -0.046945
-0.958792 0.010275
0.985667 0.008831
-0.917563 -0.002236
0.996537 -0.048366
0.994894 -0.007464
-0.940184 0.011725
0.938922 -0.010454
0.983716 0.000493
-0.923196 -0.012929
0.967447 -0.025490
0.953607 -0.001597
0.939268 0.003015
-0.980916 0.018012
-0.949735 -0.010670
0.965413 -0.011228
0.947461 -0.013558
-1.000271 0.018616
0.977923 0.041713
0.949628 -0.021082
-0.985756 0.021589
0.941535 0.006491
0.952066 -0.032872
-0.972693 0.035142
-0.934629 0.021350
1.023448 -0.019268
0.952479 -0.034372
0.956433 -0.018301
-0.997785 0.033319
-0.940685 0.002539
-0.982546 0.029186
0.986059 -0.057954
-0.982873 0.078422
0.957614 -0.031257
0.976768 0.010332
1.014962 0.022365
0.976956 0.035372
0.955284 0.015460
-0.962117 -0.044814
-0.982100 -0.063464
-0.970598 -0.045407
-0.935981 0.013000
0.964474 0.008856
-0.941737 -0.025625
-0.932392 0.022639
1.036056 0.004884
0.982763 0.040113
0.989998 0.014210
0.935380 0.018124
0.960819 0.014364
0.956889 -0.003467
0.938691 -0.004014
-1.006117 0.021651
-0.987428 -0.021264
0.991402 -0.039654
0.967739 0.007156
0.947146 -0.002220
-0.947101 0.019398
