-0.871452 -0.005824
0.879287 0.015617
0.885064 -0.012357
-0.875787 0.000192
0.864740 -0.018985
0.844467 -0.023842
0.884760 -0.023874
0.871268 -0.013044
0.889922 -0.003552
0.862481 -0.004328
0.880387 0.025993
-0.884183 0.025900
0.860812 -0.002201
0.878012 -0.011758
0.884864 -0.001139
-0.878220 -0.012623
-0.848289 0.024985
-0.867428 0.002158
-0.856433 0.022815
-0.866670 0.030956
-0.860108 -0.010084
0.862171 0.013726
0.865438 -0.015447
0.883780 -0.020721
-0.896502 -0.017377
-0.865092 -0.044607
-0.894704 -0.013190
-0.875653 0.024443
-0.844551 -0.019713
0.874906 -0.009123
0.873657 -0.014254
0.871796 -0.011856
-0.881587 -0.017931
-0.882339 -0.002564
-0.873401 -0.020834
0.880092 0.040014
0.880664 -0.018269
-0.858788 -0.010965
0.884526 -0.000659
-0.859677 -0.007785
-0.830437 0.014340
0.881423 -0.016156
0.890210 -0.003340
-0.847308 -0.019687
0.875972 0.004502
0.884664 0.004507
0.873059 0.013137
-0.860195 0.004464
0.887775 -0.002855
0.852503 -0.006640
-0.871269 0.034280
0.885007 -0.006378
-0.858340 0.030774
0.851892 -0.022533
-0.892634 0.025249
-0.881450 0.011397
-0.885636 0.008424
-0.846104 0.027947
0.900657 0.020728
-0.876128 0.053208
0.854906 -0.006679
0.856688 -0.006327
-0.891481 0.012237
-0.886949 0.016418
-0.841478 0.026950
-0.864811 0.005163
-0.853729 0.025634
-0.879474 0.051075
0.862543 -0.000394
-0.873181 -0.005193
0.861894 -0.016786
0.860716 -0.008928
-0.839912 0.023496
0.880977 0.047442
0.938607 0.026105
0.890625 -0.029605
0.850136 -0.004885
0.872750 -0.010368
0.883992 -0.012829
0.878179 -0.016148
0.880090 0.001652
0.867642 -0.005334
0.851780 0.012293
-0.893808 -0.030691
0.868654 -0.010942
-0.876923 -0.001198
-0.874672 -0.003187
0.865227 0.004287
0.842049 -0.013152
-0.876442 0.019526
-0.889850 -0.002914
0.864505 0.004626
-0.880204 0.016312
0.876186 -0.015024
-0.864645 0.000247
-0.850240 0.008724
0.882301 -0.019885
-0.896678 -0.007007
0.875927 -0.022455
0.878079 -0.003645
-0.867466 0.012910
-0.835124 0.029192
-0.878304 0.027469
-0.877989 -0.007793
0.876929 0.010710
0.851831 -0.018619
-0.916061 -0.039888
0.884766 -0.030874
0.863612 0.009106
-0.870910 0.003087
0.876713 0.008667
-0.865687 0.000849
0.846181 -0.028620
-0.893344 -0.018065
0.875053 -0.016324
-0.865571 0.008528
0.864071 0.003318
0.883437 0.030333
0.880491 -0.000853
-0.859222 -0.013035
0.864154 -0.027041
0.851624 0.021810
0.903603 -0.009149
-0.854037 0.021121
0.857868 -0.015951
-0.884042 0.010512
-0.861484 0.012708
-0.879318 0.029087
-0.883175 0.009423
0.869718 0.003172
-0.856322 -0.003070
0.898700 0.039362
-0.871867 0.023769
-0.873397 -0.003403
-0.898428 0.033063
-0.875200 0.013410
0.846492 -0.022523
0.847162 -0.023082
0.893144 0.006378
-0.833098 -0.008110
-0.869522 -0.001066
-0.884128 0.007102
0.850799 0.001329
0.853159 -0.002935
-0.883815 -0.007978
-0.880590 -0.008119
0.871684 -0.036637
-0.874583 0.020442
0.862804 -0.015078
0.841925 -0.031841
-0.869846 0.028190
0.871143 -0.004142
0.880025 -0.001193
0.846451 -0.023515
-0.886821 -0.015967
-0.884157 0.018822
0.896598 0.007160
-0.881344 0.010107
0.873215 -0.000289
-0.863414 -0.000256
-0.846249 0.021198
-0.860212 -0.003283
-0.859043 0.020703
0.858046 -0.034227
-0.866752 0.019876
0.867260 0.007382
-0.858031 0.005619
-0.872911 0.010205
0.866120 -0.001293
-0.860121 -0.055805
-0.908914 -0.032223
0.851278 -0.023634
-0.847247 -0.008841
-0.875281 -0.027472
0.878815 0.010965
0.852122 0.014380
0.866810 0.016913
-0.865675 0.004262
-0.863285 -0.032476
0.877646 0.042216
-0.885367 0.000337
-0.880246 -0.004638
-0.886401 0.010227
-0.861651 0.001014
0.868959 -0.007852
-0.894527 0.003683
-0.900675 -0.001024
0.856353 0.015254
0.879301 -0.005266
-0.883149 0.007317
0.860108 0.017727
0.861892 -0.008039
-0.872948 0.028250
0.861247 -0.000465
-0.870556 0.020090
0.878206 0.003656
-0.866702 0.011903
0.855343 -0.011094
0.873077 -0.000062
-0.878478 0.000594
0.881436 0.013297
0.854430 -0.033182
0.903355 0.028954
-0.870688 0.033885
0.877504 0.023474
0.867103 -0.009737
0.877183 0.009685
-0.865702 0.002261
-0.836120 0.027939
0.878430 0.006110
0.877764 0.003227
0.866035 -0.023154
-0.864007 -0.009697
0.874373 0.028123
0.868464 0.011195
0.891452 0.016889
0.853552 0.012800
-0.859018 -0.037082
0.879606 0.029278
-0.899017 0.007690
-0.836402 -0.004099
0.857926 0.019183
0.868721 0.006137
-0.890372 -0.008648
-0.882918 -0.036685
-0.873753 -0.024985
-0.857129 -0.008334
-0.876074 -0.058896
0.873107 -0.014669
-0.878901 -0.021462
-0.874270 0.016748
-0.864664 -0.033221
-0.847897 0.008081
-0.868601 0.006435
-0.905364 -0.002043
0.853474 0.019852
-0.893336 -0.018133
0.874929 -0.002375
-0.861427 -0.000558
0.868744 -0.015690
0.862693 -0.019544
0.894424 -0.003150
0.861106 -0.024562
0.884156 -0.023655
0.863864 -0.018185
-0.858774 0.024989
0.866458 -0.028139
0.877752 -0.009708
0.878751 0.000248
-0.857762 0.022995
-0.901101 -0.004816
0.871500 -0.048832
0.887500 0.021933
-0.864701 0.015713
0.878337 0.012558
0.873525 -0.012123
0.846257 -0.013544
-0.859245 0.012538
0.855153 -0.007419
-0.884715 0.040497
-0.883794 -0.001670
-0.891442 -0.024290
-0.870879 0.017863
-0.894868 0.007008
0.865357 -0.010279
0.833038 0.039809
-0.897601 -0.009602
0.869042 -0.010236
-0.834679 0.000469
0.887361 -0.009469
0.880805 -0.018919
-0.878730 0.037555
-0.876954 -0.008323
0.886787 0.000998
-0.860014 -0.009693
0.887542 0.035941
0.878577 -0.019992
0.882309 -0.002191
0.868460 -0.024265
0.866401 -0.009170
0.871190 -0.020283
0.853578 -0.032239
-0.901763 0.002795
-0.854972 0.009114
-0.879552 0.020300
-0.867365 0.025422
0.864331 -0.001755
-0.867052 0.015676
-0.896510 0.017714
-0.850750 0.021432
0.873588 -0.020843
-0.868350 0.007321
0.869399 -0.009584
-0.838966 0.009503
0.878898 -0.035331
0.878424 -0.003043
-0.892437 -0.008974
0.864327 -0.028802
0.899110 0.030729
0.873492 -0.046327
0.884290 0.019911
-0.867010 0.000776
0.866497 -0.002232
0.867665 0.019707
0.845285 -0.027431
-0.875161 -0.000385
-0.869631 0.008757
-0.883148 0.036384
0.876756 0.015728
0.844231 0.019307
-0.858770 -0.000914
0.906448 -0.005501
0.877794 -0.025291
0.829637 0.025197
-0.896769 -0.016856
0.866713 -0.029971
-0.844100 -0.015119
0.876206 -0.020622
-0.894881 0.018303
-0.856360 0.012406
0.881413 -0.005047
-0.869941 0.021689
0.872815 -0.003171
0.871706 0.021126
-0.884403 0.011887
0.897820 -0.017051
0.877642 -0.006590
-0.854231 -0.008097
0.857157 -0.030263
-0.858731 0.022261
0.873528 -0.014510
0.853247 0.009107
-0.890503 0.009816
-0.862229 0.011820
0.852547 0.003427
-0.871610 0.017941
0.876027 -0.003247
-0.879636 0.003539
-0.890567 0.002114
0.872330 0.003345
0.878067 -0.005451
-0.865515 0.007675
0.883254 -0.004740
-0.882855 -0.012147
0.860149 0.008000
0.866986 -0.007926
-0.896816 -0.015287
-0.885999 0.015662
0.875985 0.024928
0.866385 -0.008509
-0.893635 -0.018920
-0.874846 -0.002537
-0.844066 0.005382
-0.862963 -0.031883
0.852437 -0.014624
0.850190 -0.043470
0.852458 0.006896
0.869148 0.019177
0.855603 -0.007735
0.884717 0.018401
0.869289 0.001959
0.826510 0.020103
0.893389 0.017573
-0.871359 0.025866
-0.847605 0.010656
-0.865483 0.006684
0.856486 -0.017719
-0.849345 0.034817
-0.898070 -0.003932
-0.888145 0.004094
-0.870888 0.003241
0.897385 0.035671
-0.878676 0.011105
0.854291 0.006308
0.899024 -0.025377
-0.873681 0.024027
-0.856619 0.024835
-0.879007 0.029269
-0.880904 0.003887
0.848665 0.029356
0.884114 -0.014870
-0.897936 0.002974
0.845635 0.014184
-0.854770 0.014446
0.853048 -0.014756
-0.898285 -0.006552
0.881588 -0.008913
-0.869366 0.016239
-0.872225 0.001456
0.836896 -0.006346
-0.883159 -0.002733
0.867779 -0.010381
0.896589 0.013921
-0.857211 -0.004379
-0.912553 -0.030271
0.903126 -0.009391
-0.879805 0.003059
-0.879088 0.008607
-0.905602 -0.006468
0.853283 0.010783
0.837918 -0.041248
-0.869648 -0.020465
0.843307 -0.038419
-0.846348 0.033953
-0.856129 -0.006571
-0.876399 0.009384
0.863468 -0.006382
-0.895730 0.006288
0.855317 0.032240
0.843749 0.082689
-0.906170 -0.065559
0.852075 0.012948
0.839644 0.036630
-0.872896 -0.031520
0.884476 0.039225
-0.870709 -0.004542
-0.876819 -0.033267
0.863323 0.031461
-0.875481 -0.026145
-0.886826 -0.069567
0.862328 0.017065
-0.877333 -0.011143
0.882234 0.012240
-0.868822 -0.018282
0.848575 -0.009390
0.868643 0.003420
-0.898000 -0.034829
0.850961 0.034931
0.885240 0.017275
-0.877989 -0.006120
-0.850779 -0.012870
-0.869497 0.024170
0.869782 0.007846
0.889934 0.011761
0.850121 -0.013179
0.886046 0.008037
0.872495 -0.010320
0.865996 -0.012221
0.875843 -0.013178
0.880921 0.013339
0.879950 0.005347
0.856056 -0.017179
0.915646 0.039937
0.891755 -0.017514
0.898770 0.027423
0.880926 -0.003527
0.882546 0.010112
0.907197 0.021932
-0.821292 0.022540
0.874501 0.016991
0.883479 -0.000318
0.896462 -0.028810
0.875293 0.006289
0.871368 0.030685
-0.827711 0.020859
-0.855475 0.007969
-0.918000 0.001237
0.843185 0.035018
-0.878314 -0.012974
0.843935 -0.032653
-0.823584 -0.007434
0.893148 0.024319
-0.869450 -0.020170
0.844337 -0.013985
0.879792 0.021806
-0.868523 -0.001482
-0.870533 0.006184
0.881393 0.053384
-0.872543 0.021925
0.869775 0.004819
-0.867387 0.040415
-0.886368 0.037685
-0.834854 0.055460
-0.869870 0.039509
0.886257 0.001419
0.827522 0.007877
0.876290 0.016228
-0.864054 0.010878
0.842891 0.014634
0.884901 -0.009136
-0.861630 0.001125
-0.867399 -0.014274
-0.881633 0.003794
0.854029 -0.003027
0.862337 0.009964
0.832807 -0.008858
-0.872818 0.032691
0.869815 -0.004308
-0.893845 0.006544
0.876508 -0.012129
0.883421 0.042879
0.881689 -0.033605
-0.856908 -0.012866
-0.867827 0.008362
0.893083 0.012748
0.886070 0.007599
-0.820487 0.039096
0.880573 0.004976
-0.871733 0.028583
-0.865037 0.040341
0.886124 0.005962
-0.857576 -0.003038
0.902681 -0.006118
-0.872334 0.018327
0.873570 0.005003
0.833892 0.041845
-0.887470 -0.037477
-0.845226 0.026602
0.830494 -0.000512
-0.879354 -0.000380
0.889073 0.021767
0.869348 0.017474
0.877391 0.039608
0.892751 0.010473
-0.855948 -0.010075
0.873972 0.025330
-0.869965 0.002430
-0.843385 -0.009518
0.873285 -0.029389
-0.854228 -0.025328
-0.844801 -0.009090
-0.871710 -0.005510
-0.888084 -0.005384
0.867042 0.002027
-0.870405 -0.018357
-0.888160 -0.012147
-0.869031 -0.011651
0.844246 -0.026221
0.857480 -0.021589
0.866916 -0.002582
-0.867365 0.000436
0.870245 -0.006170
0.859439 -0.009905
0.848662 -0.036574
0.878381 -0.017302
0.867744 0.003350
0.890204 0.006054
-0.849400 0.011454
0.858791 0.017931
-0.858657 0.031006
-0.884969 -0.014696
-0.890558 0.011534
-0.893041 -0.004671
0.859066 0.021828
0.823897 -0.017420
0.862585 0.010116
-0.852127 0.012151
-0.870156 0.023534
-0.873686 -0.016125
-0.871842 -0.019714
-0.863112 0.010432
-0.884956 -0.012178
0.851393 -0.003904
0.844721 0.044856
-0.906577 -0.012692
0.857794 -0.026315
0.842112 0.007493
-0.888728 -0.005496
0.873001 0.001196
0.893185 -0.021290
0.873705 0.011823
-0.891530 -0.001032
-0.863340 -0.006843
0.873449 0.037187
0.860324 -0.003072
-0.888901 -0.012764
0.881429 -0.018788
0.886994 -0.007060
-0.848793 0.006541
-0.856438 0.018542
0.884412 -0.000388
-0.849000 -0.005926
0.895490 -0.010245
0.893855 -0.005481
0.870767 0.005967
-0.861232 0.005238
-0.887504 0.015533
-0.850125 -0.014177
0.863428 -0.027971
-0.873431 0.003494
0.880654 -0.015589
0.856591 -0.034987
-0.869830 0.035678
0.903584 0.010436
0.858785 0.015061
0.872794 -0.003413
0.871467 0.022267
0.863015 -0.016242
-0.911881 -0.001370
-0.830138 0.017254
0.875872 0.007514
-0.895290 -0.010325
-0.840864 0.039935
-0.868404 -0.010529
0.903122 0.000084
0.846715 0.004998
-0.845328 -0.015121
0.870319 0.034642
-0.879892 -0.003369
0.905466 0.005369
0.868199 -0.025248
-0.898024 -0.033717
-0.854210 0.007460
0.850001 -0.038441
0.836456 0.000425
0.848619 -0.004847
-0.884154 0.037335
0.901129 -0.022952
0.838636 0.011225
-0.876139 0.009676
0.847042 0.010292
-0.868741 -0.041253
0.876676 -0.000207
-0.882304 -0.009971
0.873984 -0.013175
-0.855041 -0.001963
0.887674 -0.010333
0.858501 -0.034212
-0.894577 0.011879
0.896716 0.029871
0.877898 -0.008983
0.870190 -0.019327
-0.874723 0.007044
-0.853988 0.024775
0.886204 -0.001374
0.886912 0.007231
0.875153 -0.030206
-0.875698 -0.003224
-0.862127 0.010215
0.846277 -0.021802
0.873428 -0.020453
0.866617 -0.000952
0.894064 0.010465
-0.820164 0.014767
-0.881142 -0.040589
-0.889844 0.007669
-0.898723 -0.022971
0.863924 -0.008283
-0.863228 -0.013859
-0.861894 -0.008031
-0.859568 -0.003676
-0.861768 -0.012661
-0.872503 -0.003122
-0.882205 0.017261
0.848722 0.008829
0.880065 0.022361
0.867891 -0.002655
0.892228 0.009576
0.892264 0.001965
-0.839922 -0.040165
-0.898628 -0.031100
-0.863448 0.011926
-0.862415 -0.022875
-0.886210 -0.022352
0.869506 0.015215
-0.871836 -0.001765
0.877154 0.021465
-0.850171 0.002417
-0.870943 -0.024282
-0.882926 -0.035117
-0.889014 0.003879
0.864689 0.014137
0.884237 0.004607
-0.871268 -0.001705
-0.847131 -0.005354
-0.870496 0.009075
-0.882199 -0.014878
-0.865644 -0.012671
0.883845 -0.006498
0.884459 -0.005414
0.863917 -0.000125
-0.863424 -0.006035
0.876583 0.015513
0.877192 0.026407
0.876688 -0.012417
-0.870827 0.006745
-0.872043 -0.000375
-0.859935 0.020170
0.865273 0.003403
0.871564 0.008758
0.884138 0.018552
-0.872156 -0.000158
0.890124 0.010823
-0.894068 0.037724
0.876152 0.002798
-0.888762 0.001138
0.881161 0.019788
0.856678 0.026705
-0.838165 0.017964
0.856135 0.009377
-0.879129 0.014706
-0.887779 0.033737
0.855510 0.020699
-0.872469 -0.034770
-0.884207 -0.006253
0.854914 0.024082
-0.868008 0.036991
0.853031 0.033466
0.895008 -0.002381
-0.825607 0.036326
-0.854194 0.012017
-0.877455 0.035262
0.890289 -0.007836
0.854414 -0.007880
-0.873652 0.001629
0.857014 -0.017417
0.857520 0.012771
0.880026 0.028288
0.873353 -0.013399
0.886336 0.004241
-0.884673 0.025411
-0.864529 -0.013858
-0.860793 0.024806
0.858525 -0.022850
0.882037 0.005920
0.852596 0.007000
0.867092 0.002190
0.884631 -0.001631
-0.852604 -0.002052
-0.873588 0.002488
