1.046879 0.001533
1.040943 0.018550
-1.035616 0.026552
1.031932 -0.035262
-1.047902 0.021327
1.030410 -0.024245
1.024876 -0.009064
-1.044341 -0.015649
1.073083 0.049853
1.044266 -0.033684
-1.020204 0.009576
1.009857 -0.004444
-1.064772 -0.005972
-1.003849 0.006999
-1.059467 0.014874
-1.008121 0.013407
-1.033617 0.033532
-1.045536 -0.005526
-1.041800 0.001438
-1.065424 0.027527
1.059744 -0.025965
-1.051132 0.035415
-1.042647 0.038384
1.069816 -0.027823
-1.074964 0.012930
1.061115 -0.004222
-1.068379 0.010126
-1.038103 -0.003220
-1.058986 -0.028026
-1.054049 -0.043628
-1.047580 -0.032840
1.057143 -0.019219
-1.029354 -0.012938
1.072484 -0.007510
-1.035974 0.005895
-1.031977 -0.056980
-1.037987 0.002417
1.074444 0.005208
-1.026303 0.044222
1.008310 -0.038646
-1.063973 0.017360
1.047473 0.006818
-1.047613 0.003509
-1.029441 -0.012925
-1.053891 0.001846
1.029657 0.010137
1.044679 0.002302
-1.031801 0.023308
-1.008759 0.019611
-1.045141 -0.029068
-1.035298 -0.005117
1.037579 -0.004210
-1.053285 0.014456
0.991031 -0.016956
-1.020769 0.019825
-1.037716 -0.018685
1.062263 0.015249
-1.028107 0.013750
1.042390 0.015928
-1.013999 0.008787
1.062437 -0.023980
1.025649 -0.001328
1.073922 0.006266
1.072018 -0.012796
-1.028236 0.031785
1.028093 0.004292
1.064325 -0.001164
1.018504 0.013427
1.036639 0.009527
1.064425 -0.015456
-1.026145 0.036725
-1.053635 0.018405
1.068024 -0.020112
1.056917 0.003284
1.069385 -0.026897
1.044867 -0.010536
1.049252 0.012721
-1.072302 -0.008284
1.043514 0.019808
1.093826 -0.019617
-1.032636 -0.008469
-1.060921 0.012960
1.021629 -0.014097
-1.040821 -0.003918
1.021152 0.001167
1.043981 0.003520
-0.993528 0.012712
-1.052712 0.003971
-1.066686 0.012936
1.025574 -0.015946
1.062351 0.006949
-1.064469 0.009849
1.025247 -0.022217
1.027546 -0.017248
-1.053439 0.009771
1.006696 -0.025385
-1.025721 0.013860
1.035732 0.017405
1.025183 0.041847
1.010412 0.012625
1.055755 -0.008696
-1.016590 0.018690
-1.014698 0.025658
1.048091 0.014917
1.060833 0.048715
1.056139 -0.007575
1.040475 0.034847
-1.022991 0.002667
1.082724 0.015415
-1.038087 0.004804
-1.052552 -0.004768
-1.043061 0.003940
1.041744 0.006799
1.047114 0.011872
-1.070303 -0.034197
1.005799 0.026577
1.046001 0.021408
-1.058854 -0.002652
-1.063015 0.016169
1.061287 0.023496
1.020910 -0.018982
1.039490 -0.032842
-1.093971 0.021633
-1.062780 0.019805
1.037541 0.008714
-1.052692 -0.015557
-1.078107 0.006418
1.054120 -0.033832
-1.032518 0.038590
1.056558 -0.039617
-1.038084 -0.006053
-1.033897 -0.000355
1.037203 -0.019008
1.063972 0.010502
-1.034980 0.054064
-1.057212 -0.003152
-1.059261 0.021290
-1.039480 0.028165
-1.043198 -0.007311
-1.074050 -0.009680
1.038882 -0.009758
1.025885 0.015205
1.027174 -0.003037
-1.025212 0.013028
-1.050814 0.033972
1.065217 0.010609
-1.059420 0.005873
1.025462 -0.016623
-1.056924 0.011779
0.991455 -0.005598
-1.030357 0.019856
-1.053614 -0.013135
-1.081114 -0.059443
1.044551 -0.025891
1.009859 -0.009985
-1.030862 0.011945
1.068137 -0.024854
1.031422 -0.030888
1.054347 0.004013
-1.029036 0.030182
1.018844 -0.034832
-1.056666 0.006163
1.065738 0.013481
1.008607 -0.021999
-1.044793 0.005942
-1.068756 0.029358
1.046320 -0.037278
1.042176 -0.016092
1.055632 -0.002602
-1.047774 0.016245
1.057516 -0.045070
-1.031727 0.014140
1.035598 0.032742
-1.072426 -0.010730
1.072711 0.001500
1.075529 -0.024989
1.052488 0.013049
-1.035637 0.013539
-1.029790 0.018582
-1.026194 -0.016842
-1.026637 -0.013902
-1.050878 0.025179
-1.049996 0.014448
-1.058221 0.011929
-1.080059 0.004999
1.033593 -0.008778
1.029502 -0.009962
-1.029709 0.010011
-1.049994 0.011410
1.046462 -0.002995
-1.048196 0.011989
0.994979 -0.040418
1.045084 -0.014430
1.027585 0.028057
1.043634 0.025716
-1.032787 -0.014248
1.054609 -0.040199
-1.008357 0.012481
1.010270 0.000845
-1.075041 -0.022476
1.055722 0.017240
-1.056727 0.021787
-1.031648 0.015699
-1.021724 0.001297
-1.103670 -0.025075
-1.027368 0.008473
-1.034035 0.001007
1.058270 -0.000364
1.035402 -0.017063
-1.049867 0.005668
1.071537 -0.004842
1.037794 -0.005700
1.040914 0.003013
-1.053038 0.024004
1.017666 -0.066586
-1.062835 -0.006030
-1.030434 -0.016008
-1.021425 -0.000183
1.097824 -0.019403
1.067352 0.020572
-1.042614 -0.001344
1.044272 0.037861
1.070683 0.040138
1.083399 0.023318
1.023645 0.021096
-1.057758 -0.030137
-1.031724 -0.012705
1.045610 0.029700
1.040430 0.021818
1.057101 0.009678
-1.054481 0.000081
-1.032450 -0.002327
1.048459 -0.014427
1.017337 0.011175
-1.066177 -0.030050
-1.072895 -0.013422
-1.039969 0.008615
1.027341 0.019119
1.043578 0.008106
-1.042905 0.011102
1.057427 -0.034739
1.034856 -0.014802
1.015094 0.002706
-1.027235 0.016884
-1.071809 0.015403
-1.011737 0.052657
1.031050 -0.005305
1.051079 0.013818
1.086382 0.028346
1.048964 -0.022729
1.051107 0.012837
-1.009433 0.001548
-1.093246 0.017172
-1.021578 0.013294
-1.047474 -0.005343
-1.063801 0.005723
-1.049507 0.047668
-1.033334 0.010385
-1.065266 0.021800
1.070242 -0.006490
1.052170 0.007366
1.060820 -0.014255
1.029867 -0.034354
1.057680 -0.027163
-1.026135 0.001979
-1.035008 -0.018229
1.064187 -0.023133
1.069967 -0.010074
-1.041201 -0.012076
1.094021 0.038064
1.066748 0.009348
1.073598 -0.002631
1.035012 0.003791
-1.026669 -0.012906
-1.046773 -0.006248
1.024500 0.010740
-1.023296 -0.021338
-1.100744 -0.000477
1.013739 -0.021570
-1.031360 0.026751
1.056783 -0.015890
1.060815 0.005419
1.031386 -0.005605
-1.053159 0.015748
-1.055426 0.004075
-1.032037 0.016399
-1.031341 0.018176
-1.005356 0.010680
1.027944 -0.013458
1.059801 0.006909
1.022998 0.016086
1.013801 -0.021207
-1.060222 0.022260
1.017364 -0.018172
-1.019591 0.003887
1.041875 0.029577
1.096326 0.062689
-1.051431 0.020175
1.043854 0.029977
-1.004207 0.000256
1.056971 0.014114
-1.035303 0.015154
1.038961 0.007286
-1.071320 -0.007922
1.018649 -0.022908
-1.023157 -0.003391
1.051619 0.029402
1.015604 -0.003077
1.039859 0.015543
-1.049962 0.021395
1.030077 -0.013296
1.031076 0.008280
-1.043461 0.035931
-1.025350 0.018412
1.091557 -0.052539
-1.054714 0.027868
-1.048165 0.010125
1.057673 0.035936
-1.054366 -0.002598
1.094727 -0.008722
1.026083 0.000113
-1.074733 0.014725
-1.027631 0.010335
1.029453 0.009068
-1.042367 -0.009664
-1.060876 0.023256
1.056679 -0.027793
1.054183 -0.015868
1.037602 -0.024844
1.023847 -0.015256
-1.073251 0.002226
1.071800 -0.018570
-1.053546 0.036065
-1.040338 0.013066
-1.038436 0.015813
1.030659 -0.013555
-1.039764 0.039357
-1.041209 -0.006851
1.039407 -0.019975
1.018122 -0.010917
1.061331 -0.024906
-1.027799 0.020147
-1.030543 0.016238
1.048427 0.008668
1.080986 0.044846
-1.066399 0.011163
-1.024626 -0.011708
1.024779 0.022692
1.064817 -0.020784
-1.029423 0.029203
-1.052531 0.019615
-1.042678 0.019183
-1.046673 0.036783
1.024678 -0.009280
-1.069258 -0.020208
-1.020006 -0.003246
1.050862 -0.004639
-1.070596 0.023904
-1.048338 0.007772
1.065813 -0.016667
-1.037092 0.059307
-0.987363 0.036719
1.104170 -0.045482
-1.048354 0.037861
-1.013729 0.010717
-1.066469 -0.020601
-1.044595 0.017094
1.082857 -0.016818
-1.040313 -0.012032
1.073083 -0.010488
-1.040345 0.038216
-1.033151 -0.002472
1.045268 0.003307
1.040566 -0.013025
-1.038702 0.003757
1.056948 -0.020274
1.052592 -0.021850
-1.037785 0.001755
1.029127 -0.030953
1.047486 -0.045872
1.044672 -0.015928
-1.033679 0.025049
-1.023962 0.029126
-1.020696 0.044548
1.026448 -0.029884
-1.027581 -0.021339
1.024013 0.007884
-1.029101 0.018663
-1.051995 -0.002261
1.024795 -0.020267
-1.022420 0.007994
-1.052268 -0.014657
-1.054700 -0.026644
1.052081 -0.006052
1.002503 0.000099
-1.037814 -0.037606
1.085295 0.005239
1.020154 -0.029477
-1.037729 -0.014470
1.062164 0.001893
-1.030050 0.036818
-1.049017 -0.001818
-1.055868 -0.009448
1.018618 -0.017129
-1.038506 -0.008076
1.068714 -0.029564
-1.013007 0.019245
-1.021665 0.005944
1.072747 -0.014893
-1.068600 0.011864
-1.069851 0.047616
1.043174 -0.012073
1.035213 0.022105
-1.072254 -0.031618
1.061495 -0.005317
1.094255 -0.012742
1.025503 0.011729
-1.055664 -0.007323
-1.028022 0.017137
1.041597 0.032140
-1.065255 -0.006453
-1.074575 0.001284
1.022278 -0.014548
1.027591 -0.010271
1.034106 -0.031896
-1.047629 -0.009345
1.030688 -0.002966
-1.085231 -0.025022
1.058201 -0.019604
1.018933 0.004880
-1.047253 0.005896
-1.013923 0.016487
1.053799 -0.017982
-1.024329 0.003424
1.050009 0.016274
-1.021223 0.020374
-1.035966 0.010880
-1.031358 0.016423
-0.992732 0.012598
-1.063375 -0.013973
1.080916 0.047808
-1.033551 0.028767
-1.011897 -0.025385
-1.015580 -0.008090
1.093714 0.006680
1.043836 -0.022296
1.043626 0.001774
1.035240 -0.022024
1.024290 -0.014663
1.055053 -0.014599
-1.083829 0.024942
-1.058122 0.048793
1.038247 -0.011383
-1.052960 0.058233
-1.049082 0.034230
-1.049198 0.047380
-1.057848 -0.045371
-1.035621 -0.027163
1.090041 -0.025096
-1.031539 -0.021943
1.064274 0.017941
1.067555 0.029825
-1.063047 -0.032317
1.082162 0.000442
1.031671 0.042623
1.056358 0.010910
-1.043719 0.001077
-1.044496 -0.037845
-1.023412 -0.028274
-1.074206 -0.028155
-1.021040 -0.017560
-1.052786 0.013575
1.058581 -0.016563
-1.025276 0.006222
-1.019987 -0.001493
1.066487 -0.005070
1.084472 0.011713
-1.033513 -0.001388
1.052033 0.001422
-1.000960 0.019233
1.028542 -0.011950
-1.036720 0.004449
1.073041 -0.001717
-1.041102 0.000612
-1.067628 0.005218
1.015920 -0.019890
1.021274 -0.018565
-1.039155 0.011504
1.087712 0.020332
1.056126 -0.019549
-1.039846 -0.027984
1.039828 -0.012531
-1.058722 0.013139
-1.025496 0.030251
1.060903 -0.022794
-1.014002 0.032458
-1.001393 0.052000
-1.046629 0.014406
-1.046394 0.002398
-1.029198 0.024518
-1.032870 0.031962
1.053048 -0.030485
1.039936 -0.039235
1.064899 -0.004393
1.045254 0.010211
1.030184 0.026687
-1.092338 0.001711
-1.047744 -0.030343
-1.048854 -0.054518
-1.065537 -0.064040
1.068296 0.031011
1.074271 -0.015007
1.040169 0.028949
-1.047041 -0.007377
1.042269 -0.007250
-1.034523 -0.043092
-1.045217 -0.026283
-1.053748 -0.034492
1.039052 0.002315
-1.045783 -0.002800
1.063326 -0.004625
1.023160 -0.003009
-1.056908 -0.019777
-1.062795 -0.015341
1.038182 -0.018487
-1.030606 0.009431
1.036610 -0.015413
1.017330 -0.007516
1.023956 -0.019012
1.032321 0.014617
1.021220 -0.011800
-1.015782 0.019134
1.065839 -0.019738
-1.021090 0.028532
0.997444 0.009818
1.054110 0.013863
-1.083013 -0.040960
1.052624 -0.031753
1.024788 0.046648
-1.018609 -0.033964
-1.065878 -0.028238
-1.056768 -0.015199
-1.063961 -0.001020
1.014865 -0.018420
-1.039963 0.032845
1.036043 -0.028604
-1.067136 -0.009953
0.998285 0.019024
1.061969 -0.001591
-1.060858 -0.004559
-1.051907 -0.007290
1.032451 -0.006364
1.065820 0.017715
-1.044706 0.015160
1.098066 -0.013959
1.043211 0.020355
-1.042676 -0.008138
-1.048211 -0.021171
-1.060750 -0.002572
-1.076068 0.004635
-1.037409 0.010524
-1.061712 -0.011822
-1.032538 0.000408
-1.053507 -0.034447
-1.053115 -0.004730
1.052422 0.008162
-1.046931 0.030582
1.036671 -0.021720
1.033846 0.015657
1.039746 0.014630
-1.066812 -0.016091
1.048846 0.022944
1.037701 0.003757
-1.019270 -0.006937
-1.051535 -0.004257
0.997893 -0.029370
1.017900 -0.028226
1.037851 -0.022708
1.038076 0.002961
-1.021723 0.027948
-1.066361 0.014970
-1.015804 0.020908
-1.029904 0.019700
1.036819 0.020209
-1.097510 -0.032436
1.035854 -0.016894
-1.049445 -0.001210
-1.034435 0.005471
1.059080 0.024654
1.020811 -0.019684
1.058547 0.017856
-1.023632 0.005917
1.026045 0.007235
1.035812 -0.001077
1.069548 0.001005
1.033852 -0.005613
1.064018 0.006707
-1.034886 0.017736
1.050112 -0.037258
-1.048904 0.006629
1.067292 -0.027770
-1.044894 0.020675
1.053436 -0.038049
1.053806 0.001512
-1.060423 -0.002066
-1.035631 -0.006172
-1.075913 0.013514
1.064467 -0.003656
-1.026996 -0.006045
1.049274 0.000156
1.033544 -0.001237
1.023662 0.019459
1.042663 0.008380
1.076244 0.001989
1.047974 0.005620
1.049432 -0.010385
1.074679 0.000192
1.035737 -0.011588
-1.036439 0.009787
-1.061579 0.009269
1.042595 -0.011444
-1.029515 -0.001027
-1.036865 0.022362
-1.020230 0.033779
1.026259 -0.002571
1.063778 0.022663
-1.033881 -0.000078
-1.039120 0.005057
1.034812 -0.013268
1.012933 0.002608
-1.016346 0.008172
-1.051737 0.002219
-1.092469 0.008297
1.052519 0.008985
-1.009039 -0.033994
-1.050081 -0.016879
1.063044 0.006970
1.007950 -0.024629
1.061272 -0.005151
-1.047301 -0.038186
1.011013 -0.037713
1.065972 0.019189
-1.073970 -0.001175
-1.037619 -0.005057
1.036758 0.009978
1.032784 -0.019296
-1.050213 0.025431
1.063823 -0.020653
-1.058576 0.018316
1.063838 0.021439
-1.063106 0.055288
-1.043618 0.023558
-1.062843 -0.027355
1.056807 0.030395
-1.056671 -0.025820
-1.063382 0.025915
-1.033922 -0.005365
1.076935 0.037213
-1.023047 0.018779
-1.042190 -0.015449
1.037028 -0.001202
-1.054755 0.010610
1.056205 0.015060
-1.057045 -0.002448
1.037196 -0.038463
1.048499 0.001076
1.047450 -0.005615
-1.085604 -0.011565
1.028796 -0.009538
1.046123 0.013709
-1.032701 0.028928
-1.035442 0.029924
1.022605 0.005017
-1.050438 -0.017432
-1.060140 -0.019186
1.041844 0.004166
-1.058219 -0.005853
1.013068 -0.004344
-1.008963 0.018311
1.043781 0.011433
1.070130 0.035533
-1.054073 0.028812
1.033874 0.001338
-1.027994 -0.016808
-1.062159 -0.018045
1.047316 -0.001108
1.030577 -0.002117
-1.065966 -0.010837
1.039073 -0.027048
-1.045380 -0.013016
1.067462 -0.001933
0.999346 -0.035368
1.041393 0.001335
-1.055817 -0.004893
1.029729 -0.045888
1.049417 -0.020869
-1.045657 0.020455
-1.021107 -0.007476
-1.046276 0.011021
1.064245 0.012750
1.045632 0.046982
-1.045125 -0.034183
1.061753 0.004660
1.077854 0.023128
-1.051452 -0.026911
-1.035667 0.003786
1.055322 0.019013
-1.056017 -0.034778
1.039949 0.024104
-1.056259 -0.003370
1.035045 -0.020827
1.037978 0.007911
-1.069127 -0.012023
1.053506 0.003892
1.017776 0.011229
-1.063365 -0.013414
1.051768 -0.005552
1.032482 -0.005064
-1.053505 -0.007844
1.021818 -0.007826
