0.994549 -0.007858
-0.999633 0.005664
0.974462 0.016625
0.970379 -0.000694
-1.000045 0.000765
-0.970099 0.023151
0.959273 -0.016015
-1.004891 -0.002613
-1.012256 -0.018555
-0.990885 -0.010881
1.027836 0.009996
0.974236 0.000949
1.029367 0.027955
0.966652 -0.023937
0.971235 0.001476
0.964638 0.002371
-1.004713 0.016598
0.981601 0.003307
1.006067 -0.022122
-0.977352 0.030727
1.003839 0.011265
0.977479 -0.018802
-0.992624 -0.004785
-1.009638 0.025912
1.010758 0.020433
-0.990048 -0.066677
1.011154 0.026732
-0.979335 -0.019467
-0.983136 -0.021554
1.029529 0.039976
1.014234 0.033699
0.995818 0.009998
0.960055 0.023030
0.976922 0.020584
-1.028595 -0.018699
-0.997690 -0.057384
0.976757 0.017332
-0.994639 -0.029218
0.960985 0.004993
-1.005358 -0.010982
-0.978300 -0.004785
-0.994014 -0.007489
1.005477 0.006005
-0.992073 -0.033919
0.974041 0.003586
0.993460 0.016059
0.982596 0.008942
-0.996432 0.008443
0.983171 -0.029191
1.025448 0.009803
1.005625 -0.010232
-0.996525 0.002596
-0.996002 -0.029746
-0.918921 0.030097
-0.965737 0.015031
1.023850 0.011463
1.034492 0.043268
-1.018014 -0.016061
0.992536 0.039059
-0.962621 0.032772
-1.011672 -0.042645
0.985950 -0.001309
0.984004 0.040176
0.973413 0.032395
-1.005005 -0.044147
-0.994300 -0.030917
1.000490 0.033506
-0.970215 0.032253
1.017879 0.050794
-1.000017 -0.005896
-0.997700 -0.028297
1.023191 0.042382
0.993252 -0.004694
-1.019397 -0.006828
-1.038637 0.007259
-0.993174 0.034842
0.999694 -0.020077
1.006997 0.001994
-1.023422 -0.021290
-1.000621 0.019614
0.963399 -0.012839
-1.023600 -0.009463
-1.000182 -0.003934
0.992062 0.015669
0.980741 -0.013806
0.984130 -0.015690
0.969903 -0.020693
0.953540 -0.034046
-1.010623 0.004673
0.992415 -0.020158
-0.993069 -0.026598
-1.012838 -0.029241
0.985831 -0.002440
-1.006563 -0.000762
-0.982584 -0.021259
0.978231 -0.014913
-0.989271 -0.000450
0.975989 0.003756
-1.015085 0.017606
1.002088 0.007881
0.980147 -0.005874
-0.913343 0.017790
-0.962195 0.003526
-1.005799 -0.012542
-1.057208 -0.028280
0.972695 0.016510
-1.002214 -0.027545
0.959435 -0.016580
0.992115 0.041155
0.998768 -0.002458
-0.961070 -0.028157
-0.967433 -0.025831
-1.011676 -0.036687
-1.020679 -0.033668
-1.025693 -0.007585
0.959013 -0.010962
1.038611 0.020445
1.018268 -0.010944
-0.959694 -0.023571
1.063882 -0.015445
-0.994945 -0.008771
1.009284 0.031124
1.016215 0.012674
0.981206 0.008092
1.026529 0.030937
-0.978463 -0.006387
-0.983361 -0.015354
-0.991943 -0.003207
-0.978535 -0.011494
-1.010106 -0.019250
-1.010369 0.001370
0.989123 0.060660
0.975582 0.007200
1.018622 0.035253
0.984352 -0.012026
1.018199 0.000438
0.997249 -0.010380
0.997324 -0.014608
-0.979961 -0.006810
1.007849 0.029381
0.935201 0.012249
0.998339 0.010511
0.971009 0.019319
-0.969096 -0.013017
0.989461 -0.008176
0.994852 0.003849
-0.977043 0.027488
0.999128 0.004964
0.998340 -0.001509
0.938157 0.003358
-0.974185 0.018970
1.008105 0.012849
1.048196 0.041493
-1.045686 0.004346
0.992439 0.024455
-0.961763 0.022128
-1.005583 -0.005054
0.992229 -0.007717
-0.979049 0.010743
-0.994606 0.004818
-0.994762 -0.009868
-1.011932 -0.011383
-1.021387 0.037212
0.955311 -0.014015
0.973702 0.006214
-1.031288 0.024054
-1.008804 -0.016178
-1.029612 0.035104
1.012635 -0.021091
-1.018678 -0.073518
1.005901 -0.002777
-0.990965 -0.036106
-1.026285 -0.039137
-1.006127 -0.021268
1.008626 -0.005083
-1.020488 -0.028942
-0.975787 -0.028769
1.028086 0.019763
0.997479 0.023967
0.993639 0.052686
-0.989736 -0.008955
-1.002461 -0.060369
0.983341 -0.018448
-0.994284 -0.002082
0.993619 0.003315
0.998537 0.022985
0.985415 0.022970
1.008281 0.016551
-0.959463 0.003502
1.012361 0.004866
0.970868 0.004140
-0.985827 0.021704
-0.976506 -0.002858
1.022230 0.006738
-0.971961 -0.007254
0.996093 -0.000434
-1.015003 0.030404
-0.957240 -0.006126
0.960479 -0.023482
1.034133 0.006843
-1.042844 -0.018706
-1.012584 -0.007562
0.975972 0.036252
0.975990 -0.053601
1.022168 0.021711
-0.989102 0.012615
-0.975611 -0.001439
-1.004044 0.022501
1.002106 0.011436
0.985175 0.009847
-1.007976 -0.007415
0.933897 -0.032347
1.029802 -0.000045
0.981628 -0.023605
-0.985958 -0.022533
1.047259 0.001790
1.004490 0.020696
-0.998159 -0.054358
-1.043487 0.013479
-1.012399 -0.014849
1.007407 0.039754
-1.001872 -0.020682
-1.026310 -0.003632
-1.038596 0.007157
0.968887 0.014852
-0.986121 -0.020683
1.010690 0.009604
-1.009710 -0.035534
-0.964410 -0.004093
0.995385 0.040913
0.957496 -0.023534
1.020196 -0.023921
0.975070 -0.034668
0.996722 -0.010530
-0.979134 -0.020693
1.005674 0.014274
-0.989371 0.013303
-0.968857 0.026050
-0.994087 0.008707
-0.990333 0.010310
0.991566 -0.005132
-1.002958 0.011163
-1.001546 0.017145
-0.980025 0.026715
-1.010546 0.024442
-0.940249 0.035385
-0.965201 0.007038
1.035470 0.009614
0.976353 0.023968
-1.012406 -0.015369
0.983836 0.041593
-0.970187 0.028200
0.986820 0.011928
-0.986247 0.013492
0.973463 0.012645
-0.990957 0.001785
1.009702 0.006123
-1.009052 -0.013492
1.025140 -0.036981
0.967048 -0.025239
-0.973001 -0.027702
1.039737 -0.004932
0.992505 0.035709
-1.014008 0.024663
1.002138 0.022117
-1.039209 -0.021349
-1.028710 0.014529
-0.985134 0.018024
-1.015751 -0.002489
0.984199 0.007775
1.018611 0.002701
0.977860 0.011549
-0.961450 -0.015643
1.001468 -0.006757
0.996739 -0.009824
1.005525 0.037360
0.987733 -0.023777
1.003012 0.005540
0.964873 -0.019304
0.959883 -0.002145
-1.027060 -0.001745
-0.971463 0.000904
0.994515 -0.008178
1.017116 -0.019561
0.975857 -0.036613
1.003620 -0.012036
0.963102 -0.006101
-0.994516 -0.008537
-0.979400 0.003208
0.998158 0.003634
-0.977438 0.013407
0.983211 0.009896
0.995237 0.007127
0.940205 -0.009879
-0.975481 0.007638
-0.998293 -0.011541
-1.018473 -0.022306
1.004588 0.033425
0.972215 0.033186
0.970872 -0.032219
1.011938 0.034241
-0.979142 -0.001094
0.974884 0.019549
0.982899 0.003469
-1.004973 -0.005020
0.995517 0.033936
1.009692 -0.022795
0.964490 0.007102
-1.028445 -0.041085
-0.997578 -0.000306
0.983241 0.005374
-1.034472 -0.021299
-1.005816 -0.017673
0.997570 0.046926
-1.005628 -0.016567
-0.964886 -0.020103
1.020116 0.035845
-1.013798 -0.000358
1.015721 0.040367
0.997604 -0.005735
-0.974727 -0.016361
0.995429 0.019232
-1.005453 -0.033412
-0.989904 -0.042601
-0.986155 0.014982
-1.016751 -0.029931
0.973606 0.011825
-0.989955 -0.002624
-0.983040 0.000955
0.999592 0.006279
0.990631 0.019217
1.014007 0.036913
0.962469 -0.004687
0.987855 0.010789
-0.994364 -0.007639
-0.984420 0.015594
0.975923 0.014380
-0.999967 -0.011772
0.963988 0.007319
1.004954 0.018129
-1.011028 0.004776
0.963969 0.004217
0.949211 -0.011729
1.001961 0.007115
1.011109 0.040224
-1.009167 -0.046151
1.001768 0.044664
-0.967401 0.017865
-0.988055 -0.039715
0.989905 -0.002468
0.967747 0.021539
-1.018185 -0.031601
0.995931 0.046876
-0.984468 -0.020733
-0.971953 0.008244
0.959159 -0.021374
-1.012253 -0.049286
1.016589 0.013396
-0.981495 -0.028323
1.034037 0.014742
-1.048335 -0.022141
1.009387 0.056505
-1.027771 -0.012530
-0.973748 -0.001115
-1.005818 -0.011032
-1.006504 -0.023026
-0.993398 -0.016280
1.035021 -0.001995
0.971094 0.001305
0.984443 0.028551
-0.993935 -0.019645
0.993441 0.051672
0.981767 -0.003659
-1.013865 -0.031002
-0.977474 0.008645
1.033898 0.020966
-0.996980 0.002349
0.997578 0.010471
0.983409 0.010915
1.027886 0.007764
0.968607 -0.002018
0.998615 0.001479
0.985228 0.005262
0.957504 -0.002739
-0.994504 0.035086
-0.998829 -0.002267
1.003027 0.002729
-0.986510 -0.004374
-1.002579 0.032052
-0.958083 0.003661
-0.961093 0.008327
-1.001934 0.009135
1.030560 0.018193
-1.003249 0.005138
-0.984625 -0.028215
0.980761 -0.029378
0.995319 0.016806
-0.986560 0.004331
0.977733 0.012921
0.990291 0.009591
-1.002576 -0.015499
0.992316 0.017264
1.005283 -0.041398
0.964168 -0.034468
1.009776 0.033933
-1.005230 -0.005377
0.975851 0.024149
-1.032907 -0.013057
-1.011167 -0.019379
0.998022 0.042414
-1.012031 -0.036309
0.978722 0.031147
-1.010863 -0.014175
1.022544 0.008043
-1.023469 0.006218
-1.003076 0.009339
0.976153 -0.006282
0.992982 0.004213
-0.994454 -0.002272
-0.996873 -0.017633
-0.986207 0.017945
-1.000132 -0.024028
0.978400 -0.011428
-0.990186 -0.008624
1.003456 -0.002386
-0.982975 -0.008647
0.982985 -0.014655
-1.007340 -0.012498
-0.974277 0.007876
-0.987517 0.022687
-0.964706 -0.007171
0.978155 -0.018491
-0.971822 0.015283
-1.006181 -0.038484
-0.980035 -0.000797
1.006123 -0.021106
-0.980677 0.023348
0.963853 -0.023072
0.959196 -0.015516
-0.997391 -0.011567
-1.045608 -0.050950
-1.006097 -0.027785
-0.973859 -0.011221
-0.969498 0.018160
-1.007939 -0.013305
-0.978017 0.002411
-0.971158 -0.032663
-0.973046 0.014594
1.016969 -0.006094
0.999798 0.024428
1.003009 -0.012632
-0.964704 0.011518
-1.014506 -0.023104
1.023642 -0.030666
1.012006 0.033470
1.029035 0.002769
1.003262 0.036263
-0.999245 -0.018929
-1.044799 -0.038135
-0.984446 -0.051754
-1.006057 -0.018881
-0.996878 0.020676
1.007283 0.036090
1.003022 0.039059
0.958535 -0.003720
-0.998209 -0.031606
-0.991088 -0.015949
1.009061 0.049312
0.997313 0.037330
0.991285 0.026439
-0.981153 -0.008983
-0.999661 -0.039725
-0.983451 0.000515
0.992438 0.003926
-1.003551 -0.001973
-1.019845 -0.016048
0.962006 -0.020803
-0.971895 -0.010027
-0.996983 -0.019644
0.972519 -0.018805
0.963251 -0.023558
0.975471 0.006343
-0.962129 0.020364
0.995460 -0.013019
-1.010172 0.034604
0.951023 -0.002233
0.984342 0.000690
-0.984550 -0.000198
-1.019405 -0.028098
-1.009901 -0.038246
-1.009571 -0.045653
-1.001810 0.004641
-1.008666 -0.009144
0.975034 -0.011708
-1.002640 -0.005578
0.994163 0.007143
1.000780 0.028946
0.994804 0.007351
-0.995312 0.032401
-0.976784 0.017658
-0.985846 -0.042157
-1.010881 -0.007520
-1.003868 -0.050901
-1.046272 -0.030599
-1.001333 -0.023452
-0.973647 -0.033381
1.012436 -0.010170
-0.989822 0.007804
1.041008 0.012973
-0.988092 0.008686
-0.994950 0.006383
1.010986 -0.005168
-0.981323 0.005135
-0.977863 -0.007245
-1.022305 0.005126
0.983264 0.013358
-0.978883 -0.002552
-0.990384 -0.029585
-0.987575 -0.003318
0.964445 -0.000770
0.977278 -0.008007
1.005797 0.012075
1.000267 0.016138
1.032008 0.003962
0.975912 -0.012080
-0.975120 0.001168
0.993544 -0.019133
-1.005243 0.003923
0.964644 -0.005236
-0.990231 0.005347
-0.997093 -0.002784
-0.974930 0.010608
-1.012131 0.004738
-0.966274 -0.005907
0.969941 -0.021051
-1.010288 -0.001623
1.011136 0.004213
-0.994117 -0.020978
-0.998175 -0.045966
0.964009 -0.004641
0.998716 0.033578
1.005857 -0.011015
-0.956709 -0.023167
-0.992969 -0.030784
-1.004453 -0.018457
1.000386 0.003588
1.032368 -0.038544
0.989749 -0.014269
1.025610 0.024097
1.024703 -0.010275
1.032630 0.007306
-0.996871 0.004761
1.050017 -0.021031
-0.972518 -0.031119
-1.037860 0.017363
0.966907 0.006391
1.001236 0.021333
-1.016026 -0.007239
-1.046864 -0.008646
0.991091 -0.030043
-0.966140 -0.003106
-0.998103 -0.005098
-0.988203 0.006106
-1.001550 -0.019204
0.983242 -0.008277
-0.984328 -0.021082
-0.996612 -0.000327
0.979468 0.001697
1.027885 -0.011421
-0.991822 0.014520
-0.977288 0.002384
-1.025625 -0.030646
-0.961669 -0.000838
-1.017534 -0.000759
0.985124 -0.003125
1.006242 -0.001073
0.986073 -0.008647
1.002156 0.004244
-1.005445 -0.004758
-0.976231 0.014988
1.013177 0.013255
0.976078 0.007578
0.955904 -0.002099
-0.983702 0.003435
1.022103 0.009659
-1.016427 0.020861
0.999514 0.029305
-0.975888 0.012744
-0.998185 -0.032148
0.975437 -0.014809
0.985403 0.015891
0.984951 0.016250
1.003300 0.025502
0.986804 0.010587
1.012102 -0.014757
-0.961395 0.057099
1.016955 0.004204
-0.988986 0.019154
-0.980060 -0.004540
-1.006335 0.034652
-1.011371 -0.042062
-0.988104 -0.074762
-1.037990 -0.045179
-0.979035 -0.019743
1.018026 0.020839
-1.010068 -0.021495
-1.023210 -0.025002
-1.019055 -0.004924
-0.977300 -0.009273
1.002730 0.005023
-1.003550 -0.018795
-1.005457 -0.073096
-1.003419 -0.035472
-1.003511 -0.027949
0.962273 0.003931
-0.998043 -0.008949
-1.005138 -0.013131
0.978348 0.008481
-0.993382 0.000076
1.018790 0.024910
0.963589 -0.007609
-0.998821 -0.006946
-0.988150 -0.015564
0.971702 -0.003150
-1.000771 0.026592
0.978251 -0.012503
0.971384 0.010261
0.975141 0.001321
1.003971 -0.003345
0.959238 0.004805
0.980272 0.004698
1.026576 0.023712
1.024909 0.005776
-1.010881 -0.011157
-0.996573 -0.048326
0.956184 -0.026401
0.986235 0.035170
0.980817 0.010524
0.984694 0.006749
-0.965992 0.026045
0.998426 -0.017400
-0.989681 0.015553
1.031244 -0.030091
-0.963676 0.012592
-1.000947 -0.046620
-0.993677 -0.011931
-0.990630 -0.033448
-1.015020 -0.007024
-1.001360 0.004859
0.999889 -0.005863
-1.027128 0.006024
0.970410 -0.025992
1.019664 0.006879
1.018830 0.008336
1.026114 0.010479
1.042225 0.019009
1.000586 0.005989
1.022021 0.025658
1.006463 -0.006829
-0.982498 -0.032744
-0.983678 -0.012978
-0.991529 -0.010160
0.962897 -0.031271
-1.019891 0.024491
-0.991679 0.002303
-0.992643 0.010278
0.976117 -0.003278
-0.987082 0.022242
0.981160 -0.033480
-1.009312 0.026420
-0.987543 -0.029324
-0.989989 0.000057
0.971047 -0.003758
-0.986137 -0.002717
-0.992088 -0.000632
-0.985655 0.007963
1.012700 0.000817
0.964923 -0.028467
0.958435 -0.010429
1.009606 0.010141
1.007305 0.023323
1.018295 0.034100
-0.974984 -0.030585
-0.988489 0.014064
0.994541 0.026889
-0.987375 -0.001866
-0.972801 -0.025090
-0.991150 0.010440
0.999033 0.014232
-0.990601 -0.026878
1.006128 -0.038836
-0.952702 0.004778
-1.009321 -0.015526
1.009474 0.007047
-0.961986 -0.011008
-1.003882 0.004740
1.013620 0.011475
1.010693 0.032523
1.028707 0.001188
0.996985 -0.000984
1.018058 0.024451
-1.005256 -0.032607
1.019281 0.030476
-1.018728 -0.010945
0.966968 0.006620
-0.984249 -0.018818
-0.981334 -0.011751
-0.987223 -0.050818
0.995345 0.012697
1.027228 0.032821
0.990930 -0.001814
1.013030 0.010421
1.008634 0.010333
0.996008 0.014104
1.009449 0.016783
0.996278 0.023125
0.993583 -0.008352
-0.977767 -0.026957
0.972405 0.021061
0.984091 -0.011641
