-0.840277 0.028349
0.823921 -0.019176
0.819837 -0.022028
-0.786255 0.028103
0.831194 0.005450
-0.824291 0.026740
0.790717 -0.046350
0.851891 0.036281
0.902436 0.052684
0.793709 -0.007598
-0.810867 0.011493
0.842376 -0.041458
-0.871678 0.040112
-0.839866 0.025762
0.814173 -0.032150
-0.799476 0.062187
0.782097 -0.039892
-0.904272 -0.026717
-0.840781 -0.000420
-0.845323 0.024484
-0.834020 0.001914
0.802727 -0.014559
-0.878214 -0.013937
0.839267 -0.026102
0.876901 0.051563
0.838866 0.099093
0.879335 0.076615
0.850732 0.046174
0.819347 0.052218
0.831029 0.062152
0.851466 0.042346
-0.864190 -0.003313
-0.840218 -0.011038
-0.820999 -0.021735
0.836093 -0.001956
-0.838590 -0.040376
-0.845715 -0.016234
-0.848418 -0.017318
0.820385 -0.011904
-0.859473 -0.021099
-0.821158 -0.002689
0.807591 -0.017424
0.849771 0.002149
-0.811945 -0.032716
-0.816477 0.048894
-0.826381 0.017335
0.830537 -0.019672
0.809256 -0.039862
0.831708 -0.006376
0.811794 0.009021
-0.817775 0.011971
0.814786 -0.027346
-0.846473 -0.004551
0.820193 -0.057397
-0.810181 0.049327
0.864024 0.057849
0.870464 0.044189
-0.810133 0.022498
-0.776289 0.002050
0.806781 -0.066065
-0.828756 0.024837
-0.807532 0.022126
0.817243 -0.054111
-0.861102 0.018354
0.783856 -0.048584
-0.856261 -0.018154
0.872843 -0.005572
0.780265 -0.033759
0.824673 0.005072
0.841711 -0.008958
0.848028 -0.006843
0.890284 0.014506
-0.841798 -0.061780
-0.827227 -0.067252
0.871949 0.030904
0.836037 0.003220
0.832160 0.042677
-0.831030 -0.055182
0.858264 0.034112
0.838479 -0.016044
0.820408 0.020574
0.813287 0.007640
0.833746 0.011155
-0.824411 -0.015571
0.841234 -0.002319
-0.844507 0.005837
-0.824176 -0.011474
0.850708 0.014970
-0.831785 -0.005233
0.827344 -0.014207
0.818676 -0.022801
0.842731 0.056338
0.826536 -0.020136
0.822414 -0.024291
-0.812703 0.020524
-0.798684 0.023636
-0.831900 0.002739
0.802308 -0.024685
-0.775329 0.026870
-0.823900 0.000125
0.850356 -0.009957
-0.762181 0.050688
0.777493 -0.067760
0.838824 0.043285
-0.874383 -0.068523
-0.813689 0.028601
0.810110 -0.017539
-0.779899 0.045893
-0.844336 0.050910
-0.811338 -0.006396
0.839242 -0.036644
-0.787877 0.042887
0.788294 -0.032566
0.846836 -0.002176
0.815612 -0.027149
-0.839297 0.001055
0.826597 0.005094
-0.839842 0.007758
0.826516 -0.010070
-0.860765 -0.020487
0.835171 0.030559
0.824348 0.080316
-0.872902 -0.043677
0.833287 0.055899
0.823815 0.054317
0.828807 0.079973
-0.864806 -0.070198
0.860089 0.019590
-0.825010 -0.031551
-0.840108 -0.040963
0.839098 0.029582
-0.829111 -0.050359
-0.830790 -0.018618
0.841437 0.011274
-0.832733 -0.032389
0.863742 0.039572
-0.831358 -0.025469
0.824766 0.002203
-0.838076 -0.006118
0.825345 0.048614
0.820700 -0.011461
-0.840240 0.009974
0.814286 -0.000408
-0.819865 0.011129
-0.829707 0.009569
-0.802342 0.028485
-0.798917 0.019903
-0.823209 0.014032
-0.823585 0.019071
-0.816523 0.030470
-0.825642 0.046669
-0.835231 -0.042137
0.876735 0.062758
-0.840504 0.014946
-0.818761 -0.022622
-0.794336 0.061950
-0.829924 0.040572
-0.808867 0.041831
-0.831342 0.032805
0.824697 -0.017454
-0.766402 0.046884
0.828349 0.017131
0.824236 -0.018556
0.836047 -0.018090
0.819702 0.003371
0.878820 -0.001056
0.826411 -0.030122
-0.838188 -0.032483
0.832183 0.053215
0.781831 0.048515
-0.872743 -0.042236
0.851745 0.027194
-0.824351 -0.058989
0.819112 0.055533
0.836103 0.024769
-0.845672 0.011367
-0.834446 -0.027678
-0.830338 -0.028293
-0.831537 -0.001490
-0.836932 -0.035088
-0.831847 -0.024881
0.852241 0.015382
-0.835865 -0.003037
-0.851656 -0.031461
0.829852 0.012390
-0.826558 -0.000331
-0.826396 0.016045
-0.808879 -0.030532
0.829982 -0.016866
-0.833672 0.010349
-0.797928 0.001730
0.808288 -0.017720
0.837692 -0.011739
0.819121 -0.010053
0.809479 -0.003840
0.811220 -0.020225
0.819822 -0.008572
-0.826374 0.026053
-0.791259 0.042292
-0.823552 -0.009392
-0.910189 -0.056680
-0.827709 0.015335
-0.797501 -0.008760
-0.787475 0.074661
0.815667 -0.065360
-0.837788 0.022586
0.853246 -0.034231
0.791247 -0.086905
-0.763272 0.030782
-0.900715 -0.015284
0.843860 -0.008247
-0.842988 0.022975
0.811964 -0.009349
-0.846798 0.030719
0.825566 -0.010346
-0.849742 0.014431
-0.839666 -0.027465
0.825679 0.073199
-0.857758 -0.033946
0.825050 0.039843
0.839400 0.031553
-0.839454 -0.074332
0.838731 0.056238
0.847458 -0.006170
0.832087 0.018006
-0.843076 -0.010163
0.826078 0.012960
0.819945 0.041335
-0.827686 -0.012013
0.835320 0.011880
-0.840552 -0.007315
0.858735 0.019928
-0.828031 -0.017265
-0.819255 0.020573
0.808936 -0.015210
0.843651 0.017853
-0.828386 0.009727
-0.820076 0.021714
-0.815686 0.004798
-0.813091 0.032033
0.839740 -0.004935
-0.813278 -0.000898
-0.824672 -0.031554
-0.811812 -0.012462
0.813698 0.011807
0.820283 0.008482
-0.793662 0.054338
0.798393 0.026916
-0.864162 -0.087057
-0.783316 0.016177
0.853460 0.045213
0.857962 -0.030766
-0.860291 -0.003722
0.793797 -0.011830
0.871249 -0.009607
0.837176 -0.000457
0.762353 -0.021822
0.848461 0.003790
-0.846108 -0.005667
0.794788 -0.017774
-0.817859 -0.010038
0.803383 -0.010219
-0.846705 -0.006350
0.832244 0.032741
0.856585 0.017855
0.847540 0.071744
0.880858 0.042846
0.852565 0.027739
0.825856 0.024775
0.837077 0.068908
0.833303 0.060914
0.838207 -0.006763
-0.830124 -0.041666
-0.839192 -0.024610
0.826985 0.013484
0.837935 0.047149
-0.850600 -0.013968
-0.849369 -0.031552
-0.822736 -0.025738
-0.826842 -0.006134
0.826760 0.005992
0.824716 0.019473
-0.819834 -0.020717
-0.822707 -0.040895
0.831326 0.003822
0.832171 0.012141
-0.813856 -0.004044
-0.831506 -0.010868
-0.824411 0.019861
0.837650 0.013332
0.794197 -0.035411
0.823377 0.002575
0.846420 0.008805
0.809775 -0.008251
0.780315 -0.041736
0.796940 0.033880
0.858123 0.017925
0.833664 0.001961
-0.791195 -0.015551
0.786064 -0.066243
0.873440 -0.023432
-0.811529 0.018762
0.844038 -0.044134
-0.792061 0.071607
0.750010 -0.047241
0.879909 0.040369
-0.826884 0.025891
0.816104 0.004536
0.852674 -0.001317
-0.841099 0.002424
0.823456 -0.035593
0.881682 0.006321
-0.888036 -0.080934
0.830848 0.064667
-0.830043 -0.048361
-0.845518 -0.037946
0.819728 0.045096
-0.811787 -0.053907
-0.865747 -0.047425
0.830866 -0.011450
-0.824355 -0.034380
0.825466 0.009489
-0.823314 -0.010893
-0.846876 -0.060565
0.844757 0.018386
-0.817581 -0.012006
-0.820822 -0.024183
0.872512 0.035864
0.817006 0.014231
0.819415 -0.012744
-0.827815 0.017897
-0.814581 -0.047131
-0.802715 0.034516
0.834863 -0.026992
-0.802585 0.010840
0.817730 0.003176
0.848438 -0.016454
-0.810254 0.020785
0.800600 -0.016473
0.794983 -0.010292
0.800491 -0.017602
0.834225 -0.001393
-0.765922 0.042665
-0.833599 -0.039565
-0.877275 -0.081379
-0.834718 -0.024100
-0.841262 -0.006525
0.814189 -0.059322
-0.817303 0.052417
-0.829408 0.015533
-0.825470 0.041642
-0.772744 0.071116
0.770341 -0.012988
0.833111 0.021288
-0.855887 -0.008173
-0.817173 0.001469
0.816376 0.017091
-0.858342 -0.005908
-0.901012 -0.025221
-0.867751 -0.012779
-0.836368 -0.003618
0.827683 0.029145
0.899062 0.027629
-0.823900 -0.010023
-0.833886 -0.003293
0.837227 0.034015
0.837966 0.014420
0.866478 -0.022385
-0.807535 -0.005667
-0.834332 0.015113
0.836060 -0.007664
-0.823194 -0.008616
-0.826239 -0.009414
-0.836856 -0.001563
-0.849461 0.009358
0.854846 0.008777
-0.807938 0.023413
0.809282 -0.014014
-0.832676 0.020789
0.818382 0.030346
0.841938 -0.020255
-0.835674 0.011622
0.822402 -0.030090
-0.808567 0.031689
0.819629 -0.033370
-0.822202 -0.007704
0.795469 -0.032084
-0.812192 0.017033
0.815808 -0.008527
-0.806224 0.029252
0.805571 -0.039434
0.795237 0.015686
0.845567 0.014057
-0.801825 0.009362
0.796048 -0.015024
0.825983 -0.037414
0.844033 -0.024967
-0.834170 0.023518
0.853985 -0.036059
-0.851153 0.016865
0.820575 -0.017798
-0.811133 -0.008618
0.797206 -0.010406
-0.828688 0.020540
0.811586 -0.000623
0.883775 -0.009526
-0.839482 -0.006906
0.901572 -0.005110
0.827135 0.025044
-0.838289 -0.058972
-0.859177 -0.043088
-0.850223 -0.046021
0.830963 0.050973
0.809254 0.056687
-0.841994 -0.053809
-0.842259 0.005358
0.823076 0.033632
-0.820748 -0.001833
-0.843032 0.007346
-0.800472 -0.018687
-0.841623 0.006392
0.844526 0.019008
-0.817428 -0.001158
0.834182 0.007930
0.827661 0.011704
-0.831298 -0.017979
-0.818222 0.003695
0.832367 0.030539
0.826423 -0.021995
0.812964 -0.013047
-0.825994 -0.009070
0.818410 -0.024551
-0.804029 0.018437
-0.802132 -0.025849
-0.860407 -0.023930
-0.817743 0.005340
0.829275 -0.024502
-0.821825 0.059233
0.765831 -0.030606
-0.805230 -0.034409
0.878971 0.025813
-0.838107 0.009875
0.802623 -0.007545
0.771849 -0.075467
-0.788968 0.052900
-0.784157 0.042420
0.833525 -0.045495
-0.812597 0.050016
0.817064 -0.046163
0.801398 0.004741
-0.824896 0.012655
-0.857330 0.031361
0.829554 -0.009971
0.837334 0.000874
0.845856 -0.000499
0.866611 0.027647
0.856284 0.060883
-0.826939 -0.098049
-0.835451 -0.072755
-0.870532 -0.065998
-0.836304 -0.057032
-0.820478 -0.040783
0.853286 0.059365
-0.838856 0.027467
0.847211 0.034601
-0.815514 -0.024047
-0.814757 -0.047103
-0.839857 -0.061508
-0.853308 -0.028616
0.828974 0.013146
-0.851839 0.023431
0.854863 0.044424
0.809029 0.037541
0.837258 0.015049
-0.804805 -0.015330
-0.843590 -0.069690
-0.846453 0.006940
0.808111 0.005658
0.806549 0.022534
0.848539 0.012620
0.802031 -0.030121
-0.798180 0.019650
0.813839 -0.019425
0.815011 -0.030054
0.818658 -0.013285
0.845154 -0.024037
-0.826746 0.065905
-0.829204 -0.015945
0.848517 0.038577
0.806458 -0.028340
0.791737 0.010596
-0.767399 0.035856
-0.841248 0.044853
-0.794834 0.024449
0.859557 -0.028295
0.797088 -0.043678
0.766815 -0.031442
0.833720 0.024123
0.820583 -0.014956
-0.809659 0.016038
0.835751 0.021294
0.840488 -0.020942
0.842235 0.001960
0.818081 0.016396
0.806995 0.012935
-0.841079 -0.039168
-0.871318 0.004300
-0.855477 0.009645
-0.813187 -0.013822
-0.832136 -0.040922
0.843023 0.034862
0.854586 -0.053953
0.812196 0.008812
-0.828941 0.026659
-0.828014 0.008825
0.822308 0.013470
-0.828388 0.000952
-0.834690 0.017576
-0.836038 0.005390
-0.833915 -0.004220
0.842422 -0.006194
0.835617 -0.030905
-0.821840 0.036748
0.816575 0.025205
0.820294 -0.063109
0.807292 -0.021840
-0.811968 0.035126
0.798568 -0.019829
0.821071 -0.040843
-0.832305 0.022500
0.807156 -0.044704
-0.795995 0.045095
0.822574 -0.021200
-0.787974 0.064842
0.816211 -0.014922
0.808977 0.049161
0.872894 0.053339
-0.827179 0.028996
0.816362 0.003563
-0.816266 0.081144
0.822134 -0.067164
-0.790843 0.041375
0.851787 -0.052200
-0.776228 0.044056
-0.765981 0.031488
-0.842197 -0.025579
0.804391 0.005398
-0.852954 0.007019
-0.817016 0.005939
0.807943 -0.013656
0.802348 -0.023654
-0.848794 -0.018224
-0.825608 -0.041778
-0.815305 -0.045632
0.864879 0.030284
-0.840445 -0.033307
-0.818203 -0.023780
0.816708 0.058557
-0.860372 -0.039501
-0.824609 0.008086
-0.819124 -0.012636
-0.821649 -0.027289
-0.825765 -0.008449
0.828862 0.029435
-0.826358 0.001074
-0.840043 -0.010574
0.827376 0.011664
0.825315 0.032656
0.811840 -0.007076
-0.832398 0.022039
-0.826324 0.022602
0.805150 0.019857
0.825426 -0.010063
0.820137 0.005041
0.815670 -0.011350
0.808425 -0.027056
0.830807 -0.025278
-0.811812 0.014884
0.788903 -0.022333
0.836432 -0.020622
-0.806744 0.015257
0.812496 -0.032498
-0.778011 0.060449
0.841883 0.042055
-0.855852 -0.044260
-0.809745 0.007458
0.827812 0.045848
0.811288 -0.082469
-0.815827 0.025138
0.826071 -0.018335
0.837138 -0.028137
0.842349 -0.029372
-0.780410 0.046252
-0.815793 0.000839
0.836389 -0.011782
-0.829250 0.048305
0.855373 -0.011340
0.866333 -0.029894
-0.823015 0.035495
0.884904 0.012985
-0.876602 -0.058925
-0.831486 -0.078083
-0.846458 -0.041464
-0.846004 -0.047594
-0.839430 -0.067103
0.814725 0.038928
-0.861958 -0.055783
0.832969 -0.021133
-0.824498 -0.026830
-0.817851 -0.029416
-0.831302 -0.022667
-0.814577 -0.030302
0.843884 -0.002448
-0.843701 -0.012322
-0.824779 -0.007377
0.872052 0.023191
-0.811805 -0.012810
-0.825599 -0.005712
0.821100 -0.023013
-0.811628 -0.029731
-0.809514 0.019620
0.825117 -0.022260
0.830063 -0.005232
0.802384 -0.027399
0.818133 -0.039469
0.834072 -0.024202
0.805407 -0.024091
-0.814848 0.008799
-0.838176 0.004592
0.822981 -0.025008
0.827126 -0.028127
-0.819728 -0.048654
-0.901036 -0.074952
0.855508 -0.004323
0.816620 0.018905
-0.806786 0.045166
-0.889515 0.050660
-0.798209 0.036818
0.830463 -0.030737
0.827848 -0.054878
-0.801074 0.028998
-0.855967 -0.023085
0.817361 -0.022583
-0.799880 0.030176
-0.804246 -0.013811
0.843095 0.004904
-0.840395 -0.004432
-0.863015 0.003809
0.841669 0.048201
0.820115 0.068751
-0.876813 -0.027548
-0.850377 -0.025738
-0.828100 -0.037321
0.838056 0.041575
0.835645 0.018602
-0.861171 -0.005068
0.809775 0.013843
0.817394 0.007972
-0.844206 -0.000432
-0.817650 -0.024328
-0.827260 0.000987
0.841797 0.000466
-0.806296 -0.003037
0.841708 0.018751
-0.812179 -0.000417
-0.813840 0.021299
-0.810033 0.019061
0.821425 0.028887
0.829601 -0.030557
-0.832500 0.010538
-0.814357 0.005975
0.809450 -0.032629
0.827423 -0.022214
-0.782569 0.027135
0.796969 -0.008806
-0.827592 0.012043
-0.835520 0.010618
0.825502 -0.013871
0.782110 -0.039054
0.838028 0.027392
-0.866139 -0.047067
-0.822681 0.007529
0.820075 -0.000110
0.788295 -0.058551
-0.844716 0.075946
0.797974 -0.014181
0.845603 -0.044164
-0.796443 0.056886
-0.784765 0.033109
-0.820349 0.021290
0.796440 -0.005605
-0.790411 0.056378
-0.855650 0.024083
-0.886164 0.024366
-0.876112 0.036686
0.827688 -0.009768
0.843372 0.044733
0.831079 0.085783
0.860010 0.053991
0.836795 0.026457
-0.814508 -0.052023
0.844474 0.072488
-0.829394 -0.031829
-0.837840 0.012217
-0.817196 -0.022175
-0.816248 -0.013392
0.828499 0.023470
0.836701 0.045424
0.831364 0.004914
-0.841433 -0.000657
-0.824126 -0.017740
-0.833041 -0.006364
-0.821932 -0.007928
0.813947 -0.008198
-0.826389 0.011860
0.857781 0.034454
0.839076 -0.017838
-0.831953 0.017099
-0.811163 0.027590
-0.818938 0.032244
