0.899277 -0.006694
-0.920529 -0.009344
0.907637 -0.039355
-0.902783 0.026358
0.929354 -0.017517
0.884868 -0.031126
0.880233 -0.029871
-0.909049 -0.013842
0.880090 0.008928
0.901272 -0.040545
0.917804 0.039910
0.913764 -0.028018
0.929898 0.017820
-0.903669 0.023513
-0.897378 0.000050
0.922871 -0.045352
-0.927057 0.021372
0.909356 0.050937
0.920102 -0.028930
0.888556 -0.030963
-0.923037 -0.025482
0.911862 -0.005513
-0.922465 -0.008872
0.920595 0.022959
-0.924322 -0.023356
0.917438 0.007931
-0.951371 -0.040995
-0.890812 0.017039
0.917211 -0.001031
0.918457 0.007659
0.904915 -0.010801
-0.906681 0.015274
-0.901784 -0.003238
0.936230 -0.004431
0.898481 -0.004288
0.920352 0.043991
0.919753 -0.000819
-0.908064 -0.011771
-0.890400 0.033979
0.912313 -0.011485
-0.921116 0.023748
0.917001 -0.008305
-0.893841 0.018643
0.935922 -0.002248
-0.894983 0.008449
-0.914880 0.006225
0.908634 0.007937
-0.931144 0.043312
-0.912815 -0.000453
0.934379 -0.010438
0.893874 -0.024958
-0.879923 0.007468
0.934487 0.002825
-0.903027 0.022067
-0.903009 0.040829
-0.922608 -0.034674
0.878730 0.045918
0.898063 -0.037537
-0.915387 -0.045592
0.915954 -0.040672
-0.952086 -0.018655
0.914256 -0.022979
0.888830 0.006586
0.941075 -0.020256
-0.912033 0.044261
-0.897235 -0.010630
-0.926471 0.019064
0.903758 -0.002617
-0.908423 0.000067
0.920047 0.024055
-0.902310 -0.010438
-0.901349 -0.006422
0.950899 0.050061
-0.890596 -0.067793
0.955950 0.056889
0.888915 -0.012177
-0.917779 -0.024172
-0.931808 -0.027955
-0.870337 -0.008866
0.895954 -0.003189
-0.897029 -0.023939
0.926368 0.007407
-0.904029 -0.008740
0.920330 0.057617
-0.917513 0.016907
-0.912257 -0.014381
-0.915955 0.026449
0.911140 0.002294
0.912455 -0.012796
0.930311 -0.030448
-0.894935 -0.002626
-0.920744 -0.010894
-0.891768 0.015493
0.918635 0.001521
-0.907350 0.010099
-0.897133 0.013350
-0.921473 -0.000959
0.893976 -0.025368
0.924056 -0.020812
-0.897244 0.018022
0.931495 -0.014151
0.895532 -0.045474
-0.870800 0.042150
-0.902705 -0.027931
0.899980 0.034808
-0.907763 0.019139
-0.921244 -0.048386
0.906152 -0.051738
-0.934238 -0.028457
-0.895497 0.010439
0.897891 0.012183
0.924774 -0.013371
0.905857 -0.004630
0.912964 0.029766
-0.907691 0.029089
-0.894737 -0.009619
0.927500 0.009710
0.930202 0.016869
-0.903560 -0.014867
0.931843 0.042881
-0.921413 -0.007446
-0.893598 -0.023329
-0.924273 -0.027413
0.894351 -0.037267
-0.930641 0.002144
0.931467 0.011173
-0.917217 0.008783
0.904912 -0.026022
0.901154 -0.019856
0.923466 -0.009924
0.908386 -0.005348
0.916493 0.028464
0.903832 -0.026649
-0.917477 -0.019452
-0.901364 0.024209
-0.908745 -0.003913
-0.907840 0.016208
0.904539 -0.039132
0.902867 -0.007868
-0.935079 0.007290
-0.897888 0.009275
-0.927734 0.008414
0.912249 -0.018767
-0.895203 0.017698
-0.907796 -0.002146
-0.913960 -0.016915
-0.908508 0.021071
-0.905253 0.009742
-0.934495 0.009311
0.904077 -0.053720
0.901656 -0.027836
0.915720 0.019594
0.903033 0.051888
0.901779 -0.045823
0.931922 0.023486
-0.916793 0.020579
0.949605 -0.032611
-0.889529 0.013922
0.901810 -0.007889
0.941434 -0.022635
0.901921 -0.018720
0.906262 0.023053
-0.904027 0.066557
0.904641 -0.051243
0.933700 -0.020672
0.929200 -0.030287
-0.884319 0.012269
-0.891486 -0.007253
-0.912356 -0.071209
-0.897531 -0.068047
-0.932593 -0.080954
-0.890164 -0.021584
0.938994 0.046833
-0.923522 -0.049198
-0.900978 -0.042670
-0.895803 -0.009291
-0.900087 -0.041047
0.927078 0.015826
-0.881749 -0.019448
0.917167 0.055265
0.910630 0.008335
-0.915435 -0.014584
0.909561 -0.017249
-0.905984 -0.032442
0.898601 0.003935
-0.912304 -0.009794
-0.917125 -0.032094
0.945847 0.007725
0.897279 0.013768
0.911152 -0.003746
0.905786 0.016248
0.903316 -0.008614
0.914217 -0.020183
-0.902589 0.025545
-0.924480 0.022464
0.901177 -0.006102
0.949476 -0.029906
-0.885420 0.054241
0.887397 -0.044947
0.937381 -0.003185
-0.880119 -0.050026
-0.912533 0.024610
0.922388 0.005304
-0.897728 0.070703
0.949928 0.008159
0.896777 -0.023444
-0.903535 0.026463
-0.916856 0.039540
-0.906793 0.042720
-0.908664 0.001909
-0.913500 0.057019
0.912941 -0.035697
-0.925171 0.017079
0.930786 -0.002833
-0.882155 0.008468
-0.903293 -0.021120
0.947578 0.033784
-0.890664 -0.034370
-0.940399 -0.053951
-0.900131 0.023895
0.943442 0.016954
-0.932467 -0.030419
0.885818 0.005174
0.912097 -0.018437
-0.903998 -0.010601
0.928117 -0.014818
0.903965 -0.010686
-0.918045 -0.005920
0.904755 -0.023557
0.904010 0.017683
0.922090 -0.018771
-0.898536 -0.001451
-0.916142 0.034225
0.899002 -0.027991
0.913775 0.001976
-0.918725 -0.011679
0.900539 -0.030406
0.932001 -0.029821
0.915651 -0.006944
0.909576 -0.031008
0.910532 -0.020934
0.896605 -0.024617
0.918316 -0.038033
0.900142 -0.020974
0.933412 -0.029339
0.903149 -0.067114
-0.880840 0.038387
0.928560 -0.000920
-0.881620 -0.036382
0.906219 -0.046408
0.930540 0.011337
-0.881771 0.035585
0.969691 0.028823
-0.887160 0.024437
-0.894934 0.039930
-0.899594 0.021112
0.903325 0.007466
-0.900804 -0.005245
-0.924303 0.065036
-0.909759 0.028185
-0.906113 0.027157
-0.933793 0.007794
0.903576 0.016067
-0.926360 -0.012492
-0.897037 -0.035256
-0.910316 -0.051650
0.930124 0.087209
-0.904148 -0.021110
0.928434 0.052802
0.921384 0.068455
-0.894246 -0.053713
0.911509 0.033940
-0.912241 -0.018904
0.917307 0.013281
-0.891782 -0.021058
-0.924819 -0.039116
0.902254 0.012142
-0.925726 -0.033387
0.892971 -0.013768
0.915515 -0.012019
0.905704 0.024642
-0.916239 -0.016394
0.900275 0.005020
0.911908 0.024627
-0.891260 -0.002906
0.917296 0.009031
-0.914135 0.001186
-0.916822 0.026801
-0.904008 -0.006481
-0.927964 -0.017225
-0.929321 -0.003024
0.890433 -0.010350
0.930978 -0.000698
0.909350 -0.044208
0.906883 -0.039076
0.936444 0.000620
-0.885268 -0.069899
0.924594 -0.016028
-0.900022 -0.013636
-0.869364 0.015748
-0.932709 -0.030578
-0.880239 0.009153
0.904458 0.007505
0.935086 0.001578
0.960096 0.008170
-0.891913 -0.036963
-0.935293 0.016484
-0.862039 -0.017882
-0.909232 -0.020275
0.934768 0.037101
0.948820 0.041585
-0.878069 -0.031936
-0.940592 -0.031953
0.908209 -0.003955
-0.919194 -0.064772
-0.894437 -0.008631
0.906849 -0.004312
0.957189 0.026864
-0.898215 -0.009020
-0.912122 0.002327
-0.905387 -0.024718
-0.941612 -0.006170
-0.898695 0.001289
0.908642 0.042809
-0.904591 0.017245
0.929563 -0.001179
-0.899527 0.021753
-0.895693 -0.022908
-0.942797 0.013551
0.903178 -0.032185
-0.912936 -0.020265
0.913628 -0.006787
-0.897917 0.005494
-0.929029 0.008101
0.899667 0.014642
0.927884 0.002762
-0.906571 0.001649
-0.907152 0.019703
0.916014 -0.059749
0.895604 -0.005782
0.941381 -0.018866
-0.895137 0.031052
-0.902072 0.045919
-0.925239 -0.026813
-0.903890 -0.022949
0.894553 -0.028839
-0.921444 -0.020553
0.901085 -0.023326
-0.950831 -0.000624
-0.910572 0.005942
0.891142 0.005684
0.923308 -0.022119
-0.927167 0.010035
-0.917353 -0.014265
0.902269 -0.031686
0.896569 -0.013865
-0.927233 -0.008347
-0.943992 -0.023167
-0.925785 -0.007914
0.892309 0.035498
0.931143 0.029278
0.913180 0.061063
0.943531 0.054628
-0.869832 0.006375
-0.922818 -0.010230
-0.928479 -0.019025
0.910012 0.006695
0.918546 -0.003914
-0.910143 -0.008897
0.926077 -0.011173
0.892886 0.020388
-0.904477 -0.063353
0.907718 -0.016250
0.914970 0.019802
0.887623 -0.051164
0.922182 0.023343
0.923204 -0.023052
-0.906563 0.023347
0.907660 0.009635
-0.928711 -0.016737
0.895194 -0.016664
-0.918095 0.044163
0.914211 0.012905
-0.895066 0.037926
0.904726 0.008902
0.909265 -0.004518
0.949638 -0.058779
-0.897694 -0.009016
0.913723 -0.031874
0.890271 -0.041928
0.898674 -0.033023
0.930091 0.049442
0.913470 0.063039
0.953660 -0.034009
-0.881078 -0.039350
-0.897915 0.052971
-0.918985 0.018946
-0.911839 0.003862
-0.895356 0.001497
-0.950877 0.038464
0.874771 -0.020215
0.930153 0.018787
-0.931591 0.051419
-0.853526 0.006864
-0.931370 -0.019996
0.942492 0.004511
-0.873629 -0.018750
-0.908851 -0.039265
-0.917036 -0.037708
-0.936671 -0.059785
0.893166 0.072019
0.883844 0.001956
0.922305 0.017527
0.961962 0.045793
-0.870784 0.001365
-0.941574 0.003467
0.884617 0.005535
0.940368 -0.002283
-0.902216 -0.021759
0.884040 0.047898
0.899761 0.005429
0.941880 0.034773
-0.906915 0.041654
0.882298 0.027557
0.936611 0.012876
-0.900971 0.011573
-0.909524 -0.006269
0.910800 0.032484
-0.904831 -0.004514
0.881001 -0.000870
0.911566 0.020980
0.928242 0.018557
0.899874 -0.007016
0.930041 -0.004763
0.914223 -0.041185
0.913424 -0.018844
0.923622 -0.023915
-0.893087 0.038030
-0.894106 0.011211
0.909819 0.027809
-0.902322 -0.049473
-0.909359 0.064179
-0.917484 -0.016359
-0.908287 0.072683
0.934496 -0.031685
-0.904412 0.030520
-0.898252 0.007888
0.911107 -0.031126
-0.920805 0.033895
0.894880 0.014324
-0.914796 0.065263
0.903966 -0.038482
0.908938 -0.020502
-0.927814 0.024305
-0.889753 0.016333
0.938924 -0.007595
0.942280 0.024764
-0.901727 -0.064336
0.931324 0.016289
-0.873878 -0.016594
-0.932082 -0.040278
-0.939722 -0.037812
-0.901303 -0.021913
0.921531 -0.013103
0.911203 0.016058
0.933794 -0.009267
0.916823 0.021622
-0.913919 -0.043463
0.909639 -0.012614
-0.909832 -0.009246
-0.892029 0.024297
0.907909 -0.006945
0.917526 -0.005085
0.906243 -0.024909
-0.900707 -0.020318
0.938458 0.015398
-0.886984 0.006105
0.908390 -0.015046
-0.926433 -0.019485
0.917162 -0.027301
-0.917572 0.030648
0.915427 -0.015789
-0.910687 0.033554
0.899368 -0.020022
-0.930184 0.018865
-0.910683 0.045661
-0.884267 0.023188
0.899808 0.008829
0.896254 0.032188
-0.903723 0.001863
-0.920802 -0.021479
0.906232 -0.057957
0.942478 -0.026325
0.912040 -0.020980
-0.900408 -0.005971
-0.915273 0.004185
0.925401 -0.018739
-0.907569 -0.039745
-0.929609 0.036121
-0.899963 0.025019
0.925730 0.012354
-0.916722 -0.003901
-0.892027 -0.024925
-0.895133 -0.009182
0.915311 0.009971
-0.924930 -0.017224
-0.942721 -0.006247
-0.898165 0.031440
-0.937837 0.007372
-0.925648 -0.003068
-0.914826 0.001986
0.893825 -0.011789
-0.905724 0.000702
-0.927575 0.029178
-0.908499 0.015047
0.913160 0.010991
0.900828 -0.016002
-0.918463 0.001212
-0.914243 0.037604
-0.900768 0.020744
-0.919044 0.029965
0.901237 -0.042927
-0.906075 0.006745
-0.922648 0.012811
-0.892272 0.020221
-0.916246 0.022910
0.902686 -0.014723
-0.911218 0.027399
0.907888 0.005008
0.916168 0.018080
0.930003 -0.024694
-0.881407 0.038142
-0.929374 0.034984
0.891731 -0.026614
-0.893297 0.030707
0.916682 0.012363
-0.875109 -0.035131
0.918481 -0.069976
-0.894874 -0.041811
-0.912813 0.024251
-0.939989 -0.020234
-0.882703 -0.005401
-0.896572 -0.013856
-0.933621 0.026681
0.902632 -0.041618
-0.904077 -0.030086
0.896561 -0.041451
0.913347 -0.008642
-0.915260 0.015339
-0.937977 -0.002541
0.921459 0.030242
-0.912795 -0.017021
-0.908233 -0.014139
0.920542 0.047780
0.948141 0.039184
0.927081 -0.025929
-0.915946 -0.007567
-0.903437 -0.019457
-0.889870 -0.036377
-0.899442 0.000144
-0.889149 -0.030916
-0.929487 -0.015592
-0.901689 -0.030826
-0.915771 -0.053737
-0.913788 0.010201
-0.920144 -0.012334
0.890352 -0.055118
0.899161 0.005477
0.922378 -0.017287
-0.908967 0.035269
0.900187 0.007048
0.932861 0.025464
0.884336 0.003330
0.909944 0.004223
0.901020 0.028682
0.917402 -0.000134
-0.909804 0.002571
-0.898845 -0.001119
-0.912704 0.055131
-0.906538 0.017447
0.937534 -0.000968
-0.908991 0.011680
-0.912120 0.007029
0.932691 0.003366
0.893824 0.027480
0.906583 -0.061345
0.908213 0.051524
-0.906228 0.033466
0.958447 0.011495
-0.895028 0.010922
0.907808 -0.007562
-0.935169 0.040020
-0.900758 0.052684
0.920662 0.000144
-0.909923 0.010660
-0.900336 0.023945
0.927364 -0.006825
0.928133 -0.026018
-0.894634 0.018551
0.934476 -0.003952
0.929223 0.051841
-0.910034 -0.071116
-0.942587 -0.023916
-0.913629 -0.004516
-0.926942 -0.024931
-0.927901 -0.041798
0.892748 0.025873
-0.911429 -0.031967
0.896981 0.019513
-0.944306 -0.021411
0.895002 0.008789
-0.919676 -0.033355
0.922476 -0.028781
0.913997 0.016919
-0.903689 0.014052
0.882510 0.018803
0.909659 -0.046592
0.907330 -0.011134
0.910221 -0.013011
-0.932081 -0.021333
-0.886879 0.008261
-0.935315 0.014460
0.914110 -0.014010
0.908417 -0.042048
0.901061 0.002266
0.904171 -0.034165
-0.912555 0.023277
0.886237 -0.024142
0.923641 -0.025956
-0.912467 0.040475
-0.894936 0.057708
-0.920702 0.004766
-0.894707 -0.030921
0.911190 -0.035738
-0.920791 0.006247
0.904546 -0.065958
-0.937507 0.009753
0.904944 -0.027353
-0.887890 0.011193
0.903608 -0.044896
-0.898837 0.040109
0.900125 0.013881
0.921918 -0.070460
-0.914269 0.034943
0.883515 0.001321
-0.935550 0.017610
-0.951645 0.011542
0.896065 0.018413
-0.910478 -0.019848
-0.889060 -0.017081
0.961551 0.043430
-0.878165 0.013685
0.931479 0.009372
-0.929867 -0.016094
-0.895399 -0.007613
0.908897 0.003316
0.914305 -0.009380
-0.933959 0.012711
0.898260 0.007990
-0.911939 -0.027626
-0.922934 0.027872
-0.903655 -0.008089
-0.898641 0.059184
0.910137 0.004449
-0.892656 0.022642
-0.904403 0.008557
-0.905619 0.008180
0.946423 0.004606
0.913664 -0.019446
0.915583 -0.011633
-0.917933 0.015106
-0.912634 0.016494
-0.913776 0.025223
-0.899152 0.000663
0.921823 -0.041602
0.889175 -0.029115
-0.932709 -0.007600
0.910683 -0.042439
-0.885244 0.042072
-0.912623 -0.021554
0.904955 0.060750
-0.926688 0.055752
-0.912341 -0.044767
0.908011 -0.061440
0.936524 0.012860
-0.895985 0.029545
-0.886286 0.020515
0.941265 0.000866
-0.916136 0.047498
-0.904713 -0.008079
0.928842 -0.042793
-0.910848 0.024373
-0.912659 0.008300
0.917705 0.016193
0.897987 -0.026390
0.905804 -0.015423
-0.920854 -0.019945
0.923168 0.034188
0.923673 -0.003167
-0.893690 0.035028
-0.912202 0.010769
-0.937682 -0.027677
0.910357 -0.033876
0.899058 -0.025959
-0.914341 0.040630
-0.923900 0.008392
0.892672 -0.006360
-0.916774 -0.014665
-0.905455 0.047360
-0.910835 -0.009754
0.895714 -0.020482
-0.906717 0.003071
0.913458 -0.050541
-0.904967 0.055292
0.901635 -0.030992
-0.922218 -0.009446
0.909681 -0.002664
-0.927283 0.046864
-0.910030 0.019262
-0.914255 0.031609
