0.739881 -0.003657
-0.575810 0.014621
0.690207 0.068599
0.768520 -0.044340
0.816613 0.019890
1.180595 0.078060
-0.566496 -0.289559
-0.608706 -0.123837
-0.465714 -0.221810
0.826308 -0.056322
-0.803162 -0.022762
-0.673359 -0.152069
0.786437 -0.037231
-0.545128 0.059636
-0.416345 -0.506316
0.837140 0.184592
0.641670 0.145847
-0.484394 -0.546369
0.567688 0.032470
0.753690 0.066771
0.622009 0.146837
-0.841034 -0.159901
-0.475275 -0.036832
0.550118 0.350504
0.686657 -0.217239
-0.398930 0.025534
-0.583416 -0.005369
-0.650198 0.138592
0.565669 -0.219027
-0.636277 0.057506
-0.568759 0.132366
0.695278 0.107518
-0.822942 0.238061
-0.850861 0.245959
-0.792116 0.153759
-0.446811 0.088615
0.631016 -0.188863
0.598852 -0.142803
-0.558377 0.194921
0.866273 0.039354
-0.552233 -0.048368
0.735571 -0.037726
-0.514318 -0.039627
0.662758 0.021298
0.613663 0.254761
-0.923716 -0.027004
0.800802 -0.055104
0.766824 0.260642
0.712510 0.008656
0.765364 0.010151
0.575360 0.012492
-0.594141 -0.241291
-0.802922 0.043347
-0.761267 -0.099166
-0.477765 -0.287392
0.499269 0.130309
-0.567133 -0.182382
-0.679013 0.150090
-0.624581 -0.132098
-0.569625 -0.565990
0.815211 0.046308
-0.775730 -0.082452
-0.616963 -0.367722
0.736289 0.087568
-1.026782 -0.298765
-0.627937 -0.302844
0.631448 0.111227
0.731470 0.029307
0.757588 0.056225
0.940162 0.130717
0.379774 0.442081
0.399812 0.199795
-0.751067 0.038843
-0.496472 -0.033067
-0.787073 0.097043
0.771536 -0.068827
-0.589508 -0.039062
-0.659517 -0.008699
0.572795 -0.037011
0.580455 0.116943
-0.647767 0.202873
-0.629511 0.083937
0.821688 -0.151821
0.667618 0.010272
0.527369 -0.003365
0.502481 -0.093848
-0.759017 0.045073
0.648430 0.075829
-0.674328 0.054123
0.681947 0.089419
-0.731123 0.117046
0.530117 0.172025
0.539090 0.230992
0.914669 0.003188
0.835109 -0.215592
-0.558166 -0.209728
0.692677 -0.049555
0.508275 -0.211458
0.576445 -0.022009
-0.823351 0.082129
0.576264 -0.035950
-0.784632 0.199044
-0.839562 0.030158
0.635153 -0.067749
0.607267 -0.088890
0.476161 -0.007030
-0.483399 -0.000614
-0.726864 0.014669
0.945695 -0.109144
-0.691934 0.204007
-0.959101 0.042174
-0.930832 0.039311
-0.976456 0.099040
-0.780531 -0.209466
0.603496 -0.101136
-0.912869 -0.019864
0.716415 -0.229229
-0.719736 0.217154
0.533905 -0.175943
0.692970 -0.195068
-0.642312 -0.210654
-0.658873 0.057424
-0.595185 -0.025221
0.714125 0.022173
0.732161 -0.034749
-0.692305 -0.101082
-0.617106 -0.172230
-0.671062 -0.078506
-0.721790 -0.035747
-0.734784 0.037139
0.711564 0.143283
0.512130 0.018563
0.585640 0.070680
-0.625206 0.017851
-0.623663 0.066654
0.603176 -0.136187
0.595917 -0.134361
-0.751186 -0.013407
-0.475858 -0.035321
0.504766 0.037918
0.474473 0.131789
-0.722759 0.216564
0.771068 -0.109035
-0.654125 -0.249608
-0.685968 -0.221530
0.689129 -0.143251
0.909297 0.051584
0.722202 -0.113983
-0.769887 -0.066134
-0.679386 0.139496
0.523144 0.218269
0.571966 0.192433
-0.586412 -0.036660
0.537769 0.015348
-0.556588 0.192427
-0.640844 -0.379013
0.759337 0.163517
0.672944 0.095651
0.475424 0.275698
-0.432089 -0.105247
-0.688125 -0.260681
0.467211 0.379838
0.776255 -0.139050
-0.712065 -0.006331
-0.595354 0.051624
0.641306 0.020962
-0.499952 -0.079401
-0.440219 -0.031618
0.532027 -0.159873
0.364123 0.173698
-0.702206 0.194646
-0.775699 0.068197
-0.693776 0.208748
0.634014 -0.138701
0.509044 0.027812
0.579524 0.004697
-0.821202 0.103988
-0.673554 0.064358
0.691747 0.037200
0.524676 -0.082069
0.641089 -0.058719
0.811846 -0.172102
-0.579260 0.150240
0.690436 -0.166293
-0.483010 0.087187
0.888950 -0.127777
0.531814 -0.210203
-0.616017 0.156759
0.423580 0.008475
0.714735 -0.123744
-0.575424 0.145487
0.674662 0.298342
-0.728696 0.047106
-0.847422 -0.105280
0.645747 0.233413
-0.623302 0.161373
0.824771 -0.111070
-0.888232 0.168921
0.525581 0.218179
0.628916 0.190228
0.387402 0.194917
0.595124 -0.039629
-0.616617 0.125971
-0.882739 -0.220351
-0.810246 0.016337
0.810065 0.083260
0.459628 0.244988
0.827771 0.198650
0.944073 0.032829
-0.831941 -0.310272
0.506966 -0.151944
0.742730 -0.015120
-0.558789 0.035746
-0.676581 0.075780
0.415270 0.278952
-0.383030 0.050768
-0.580182 -0.002339
0.378284 0.211726
0.908002 0.033654
0.780184 0.051044
0.574852 0.089612
0.487909 0.326779
-0.490276 -0.072664
0.811794 0.098580
0.713028 0.042586
-0.657484 0.133038
0.690056 -0.048130
0.600140 -0.011425
0.547218 0.065932
0.707732 -0.126089
-0.693257 -0.010389
-0.759922 0.042118
0.591909 -0.026579
-0.753282 0.012731
-0.667067 0.054585
-0.544856 -0.248669
-0.800627 -0.182681
0.685643 -0.132728
-0.730074 0.133236
-0.587411 -0.395315
-0.813359 -0.263509
-0.458208 0.161795
-0.849136 -0.093306
0.656585 0.091007
-0.614158 0.012113
1.090534 0.201373
0.592278 0.347679
0.432288 0.120497
0.522576 0.061953
0.558973 -0.111010
-0.792249 0.053244
-0.510989 -0.306415
0.787007 -0.070010
0.570122 0.243351
0.743512 -0.019191
0.933188 0.081497
0.773234 0.097206
-0.490588 -0.129681
-0.715308 0.031538
0.555203 -0.047821
-0.588577 0.063448
0.899486 0.237733
-0.497415 -0.082332
-0.492822 -0.280790
0.730860 -0.099743
0.542835 0.195386
0.866695 -0.143616
0.589895 -0.058778
-0.597152 0.121224
0.685619 -0.043885
0.705918 0.005397
0.735818 -0.090771
-0.764577 -0.033129
-0.649195 0.135633
-0.712957 0.007337
-0.447762 -0.059723
0.578533 0.027968
0.406604 0.188707
0.506738 0.014307
-0.732148 -0.116789
-0.607965 0.086077
-0.793148 -0.176122
-0.402194 0.001573
-0.661181 -0.010831
-0.749644 -0.092821
-0.717525 0.122714
0.998240 -0.091555
0.732935 0.134483
-0.672932 -0.118186
0.647565 -0.063489
0.829731 0.040255
-0.764489 -0.114601
0.665629 -0.181457
-0.666642 0.108798
-0.595029 -0.153749
-0.668801 -0.148999
0.475304 0.042024
0.644867 0.019092
0.746692 -0.269698
0.687233 -0.112906
0.827201 -0.076401
0.601079 0.141697
0.756435 0.296236
0.895154 -0.118689
0.682055 -0.041018
-0.647197 -0.010953
-0.628588 0.197791
0.607983 0.124623
-0.641767 0.009453
0.709401 0.082339
-0.492149 -0.367603
-0.688106 -0.315884
-0.836724 -0.076259
0.537267 -0.062655
-0.648926 -0.097594
-0.844573 0.034032
0.647091 0.018695
0.636220 0.026127
0.418304 0.071303
-0.511056 -0.234841
0.721451 -0.121208
-0.595685 0.207153
0.538391 -0.055280
-0.569231 -0.007757
0.779722 0.142566
0.498241 0.099133
-0.678488 0.160979
0.672124 -0.172141
-0.433525 0.054265
0.869697 -0.052221
0.739340 -0.114926
0.515992 0.145974
0.739263 -0.004206
-0.741091 0.011420
-0.905220 -0.028641
-0.808862 -0.267999
0.733688 0.053769
-0.857765 0.049532
-0.666589 0.002986
0.681811 0.147797
0.517521 -0.084694
-1.045058 -0.172365
0.788253 0.023638
-0.515922 0.070430
0.396409 -0.013516
0.511054 0.000280
0.730661 -0.081705
-0.665970 -0.241517
0.906617 -0.046104
-0.652700 0.079014
0.837158 0.253204
-0.741090 -0.269066
1.047655 0.103291
0.469775 0.563724
-0.614863 -0.124733
0.662772 0.049401
0.657844 0.106268
0.665213 -0.241192
0.671695 0.066940
-0.647725 -0.004033
0.765888 -0.352866
0.718448 -0.107800
-0.757675 0.158309
-0.735119 0.054514
-0.687056 0.024741
0.659816 0.004810
-0.715539 0.167978
-0.487247 -0.205221
0.620146 -0.144985
0.681596 -0.341449
-0.657906 0.127539
0.590823 0.001094
0.706764 0.065829
-0.538002 0.049983
-0.880575 -0.023135
0.816071 0.070464
0.589633 -0.222454
-0.767231 0.098413
0.591563 -0.137368
-0.588170 -0.029446
-0.485604 -0.042726
-0.754070 0.198438
0.553230 -0.183877
-0.798022 -0.033331
-0.962004 -0.113650
0.838230 -0.183616
-0.897402 0.076529
0.764503 0.069761
0.677415 -0.184834
0.943537 -0.049972
0.736854 -0.043041
-0.669118 0.015834
0.527295 0.007410
0.573076 -0.131353
-0.685640 0.245051
-0.748870 -0.023934
-0.868038 -0.087383
0.697222 0.147852
0.604380 -0.027241
-0.714167 -0.013207
0.593793 -0.167249
-0.640845 0.070237
-0.714432 0.257420
-0.810026 -0.003969
-0.581809 0.197712
0.752975 0.260442
0.496507 -0.021745
-0.713547 -0.067074
0.705115 -0.206839
0.632624 -0.097423
0.799415 -0.006316
-0.569260 0.082514
0.659042 0.085344
-0.536581 -0.164310
0.547362 0.030515
0.625947 0.204750
0.715171 -0.108737
-0.772261 0.172674
-0.768863 -0.273327
-0.579347 -0.028911
0.509673 0.016105
0.704169 -0.028273
0.680429 -0.120611
-0.527225 0.024606
0.566716 -0.162415
0.765075 0.045108
0.574092 -0.065509
0.583769 -0.058353
-0.741345 -0.061914
0.546029 -0.056249
-0.505220 0.200224
-0.782800 -0.120765
-0.768405 -0.052043
0.693636 -0.007761
-0.597122 0.034561
-0.474803 0.193027
0.616900 -0.096055
-0.965361 -0.029879
0.681259 -0.024890
-0.432722 0.126465
-0.433123 -0.071190
-0.681612 0.146717
0.632549 -0.018457
-0.908379 -0.439757
0.778352 -0.105854
-0.615193 0.025081
-0.791973 -0.064313
1.018251 -0.028301
-0.855625 -0.356182
0.749683 0.098529
0.717212 -0.118763
0.794500 0.140179
-0.738707 0.033506
0.495436 0.176653
0.520867 0.065644
0.655118 -0.064035
-0.770019 -0.048087
-0.559272 0.066208
0.641351 0.164404
-0.600411 -0.006469
-0.576630 -0.118106
0.537982 0.064019
-0.638402 -0.010912
0.757487 0.064100
0.813206 0.287244
-0.823201 0.128374
-0.660278 -0.273937
0.547305 -0.084587
0.633163 0.165607
0.515430 0.047416
0.718078 -0.193923
0.708573 0.078396
0.751412 0.024652
-0.782610 -0.144349
-0.589778 -0.060795
0.681373 -0.016135
0.885247 0.204221
0.711647 -0.062022
-0.661562 -0.018571
0.735993 0.139450
-0.789263 -0.189788
-0.528252 0.151032
-0.649716 0.062741
-0.625446 -0.229556
0.922361 0.075741
-0.927098 -0.083185
-0.530207 -0.056300
-0.612162 0.084324
-0.423094 -0.107117
-0.477523 -0.114653
0.411804 -0.048538
0.821948 0.345880
-0.737146 0.135415
-0.632679 -0.248745
0.864891 0.238781
-0.498523 -0.098600
-0.826786 -0.029935
0.717534 0.036840
0.674207 -0.142550
-0.626008 0.006298
-0.594096 -0.156980
-0.717484 -0.066060
-0.623542 -0.060866
0.576229 0.150383
0.788882 0.070518
0.732145 0.000616
0.695940 -0.135490
-0.893109 -0.049755
0.606351 0.104349
0.667603 0.005465
-0.460099 -0.094291
0.536439 0.189761
0.808187 0.144707
0.816050 0.022458
0.739792 0.380116
-0.500491 0.018775
-0.580035 -0.151042
-0.573916 0.022474
-0.521683 0.129375
-0.641172 0.089843
-0.625961 0.127944
-0.673081 -0.219478
-0.790202 0.139718
0.570776 -0.094387
0.640163 0.012126
0.848997 -0.153470
0.759905 0.017742
-0.768526 -0.261490
-0.603577 -0.182069
0.549752 -0.085790
-0.558513 0.132684
-0.497393 0.063526
0.607391 -0.073081
0.923316 0.004659
-0.633453 -0.142893
0.448062 -0.058951
-0.520254 -0.097045
0.734780 -0.001074
0.552143 -0.051101
-0.617998 -0.207484
0.819215 -0.129951
-0.802593 -0.241298
0.480888 0.041497
-0.523427 -0.154376
0.894490 0.220753
0.620947 0.130296
-0.649607 -0.004565
-0.793023 -0.015994
-0.498400 0.085924
0.574650 -0.102507
-0.722025 -0.155428
0.441496 0.067934
-0.689900 0.285363
-0.817003 0.173441
-0.774239 0.160062
0.686817 -0.101627
-0.676713 -0.049204
0.594345 0.225804
-0.581777 -0.008346
-0.748731 0.035090
0.653202 -0.157276
-0.784133 0.228181
0.670017 0.253019
-0.680406 -0.053990
-0.591563 0.024765
0.625528 0.042072
-0.541277 0.144792
-0.736837 0.039592
0.652472 -0.139970
0.597413 0.046213
0.640824 -0.082147
-0.617354 0.053502
-0.418526 -0.048732
0.538002 -0.144106
-1.029071 -0.024022
0.566441 0.242017
0.667180 0.046929
0.777401 -0.032716
0.296690 -0.011468
0.744635 0.190534
-0.864826 0.217842
-0.790424 -0.066146
0.581295 0.097691
0.473943 -0.045604
0.422156 0.193876
0.607734 -0.029346
-0.788448 0.068012
-0.904118 -0.277997
-0.799352 0.080882
0.706766 -0.101603
0.645911 0.275655
-0.529437 -0.123575
-0.568085 -0.037719
-0.645399 -0.309058
0.811846 -0.111076
0.894804 -0.095512
0.690680 -0.001801
-0.693974 -0.023637
0.492768 0.223659
0.675432 -0.054152
-0.546438 0.147387
-0.653784 0.034884
-0.633008 -0.046909
-0.656513 -0.077017
0.740021 0.143204
-0.530787 -0.150299
-0.538707 -0.126705
0.623338 0.181022
0.659173 -0.074701
-0.776788 0.084476
-0.797921 -0.297303
-0.567572 0.121800
0.587429 0.156441
0.687341 0.054969
-0.722726 0.109777
0.781353 -0.084130
-0.569651 0.023011
-0.807123 -0.070039
-0.727057 0.010101
-0.639678 -0.037193
0.611734 0.301766
-0.819462 -0.048755
0.531001 -0.228185
0.768604 0.001850
-0.724270 -0.101132
-0.823135 0.127409
-0.403815 0.135167
-0.611006 -0.013982
-0.859821 0.058281
0.925845 -0.037786
-0.701505 0.065251
-0.544171 -0.030816
0.445506 -0.045578
0.582785 0.032722
0.542834 0.057439
-0.850507 0.061874
-0.951379 0.095467
-0.765390 -0.249878
-0.796377 0.030285
-0.694034 0.027572
0.863676 -0.084451
-0.667663 -0.106813
-0.622877 0.169663
-0.763732 -0.051283
-0.805806 0.164442
0.454350 -0.161731
0.431089 -0.047824
0.683480 0.130420
-0.807300 0.060077
-0.658980 0.129975
-0.848362 0.219379
0.618058 0.070990
-0.686992 -0.138613
0.723021 -0.133642
-0.563222 0.042543
0.721131 -0.015202
0.733526 -0.114661
0.751872 -0.106162
-0.783008 -0.069474
0.644955 -0.093030
-0.643254 0.037578
0.515245 0.047754
0.690366 -0.076386
-0.734972 0.083397
0.574841 -0.076277
-0.813986 -0.009459
0.623081 0.047287
-0.608153 0.059777
-0.738325 0.039001
0.634935 -0.095214
-0.739738 0.199461
-0.983621 -0.013304
0.778534 -0.012392
-0.709508 0.074067
0.580865 0.006678
-0.562448 -0.118932
1.002594 -0.190639
0.630217 -0.345644
-0.694472 -0.067670
0.711633 0.016439
0.408980 -0.048376
0.612968 -0.244744
-0.733027 0.334687
-0.763432 -0.008322
0.696944 -0.113914
-0.845652 -0.066059
0.558799 -0.076287
-0.849724 -0.145252
0.688909 -0.051391
-0.696054 -0.085191
-0.701071 0.250095
0.743694 -0.146142
0.604247 -0.134715
-0.569238 0.131023
0.480145 -0.091274
-0.627925 -0.062530
-0.818674 -0.109155
0.512506 0.113883
0.734160 -0.105224
0.724001 -0.169076
-0.549390 -0.003419
-0.545876 -0.094134
0.455614 -0.017886
0.666493 -0.061193
0.685793 -0.258513
0.707415 -0.324085
0.719536 0.183036
-0.517929 0.121919
0.824908 -0.095276
0.510817 -0.043541
-0.644762 0.155446
-0.549183 0.178608
0.577058 0.047723
-0.686602 0.041659
-0.670101 0.044617
0.642533 0.048788
-0.739510 0.059261
-0.827424 0.223080
-0.745601 0.169285
-0.717457 0.115635
