0.660716 -0.031133
-0.300813 0.418144
0.268533 -0.474696
-9999 -9999
-0.675680 0.034925
0.689354 -0.076467
-9999 -9999
-9999 -9999
0.235261 0.164603
-9999 -9999
-0.225563 -0.168024
0.311294 -0.651572
-0.654190 0.013776
-9999 -9999
-9999 -9999
-0.200161 -0.137645
-0.344631 0.785650
-0.176696 -0.148897
0.671091 -0.057948
-0.643920 0.034496
0.187147 0.161519
0.637989 -0.034492
0.152200 0.219487
0.090370 -0.816596
-0.639168 -0.089361
-0.031910 -0.122707
-0.443030 -0.275787
-0.285381 0.127385
-0.424212 -0.229856
-0.057859 -0.051010
0.429324 0.233080
0.289434 -0.164271
0.071045 0.001991
0.045896 -0.014283
-0.427947 -0.190034
-0.424565 -0.197962
0.643317 -0.020201
-0.406234 -0.174161
-9999 -9999
-0.658864 -0.010329
0.341069 0.167288
-0.000370 0.163083
0.303076 -0.310320
-0.656689 -0.022157
-0.369585 -0.128786
0.363492 0.155092
-9999 -9999
-9999 -9999
-0.301242 -0.105591
-9999 -9999
0.342622 0.093561
-0.286389 0.454889
0.301385 0.135776
-0.309527 -0.115669
-0.301128 -0.114637
0.257144 0.118178
-0.411111 0.556929
-0.330350 0.551723
0.417757 -0.579879
0.630847 -0.059931
-0.237577 -0.154330
-0.217077 -0.158831
-0.217266 -0.153791
0.377299 -0.734049
-9999 -9999
0.654590 0.044899
0.178293 0.174797
0.204019 0.177640
-0.182239 0.645375
-0.098091 0.766420
-0.111577 0.794458
-0.574606 1.049819
-0.020493 -0.134617
-0.276916 0.095865
0.052551 0.100837
0.449234 0.227850
-0.658805 -0.034551
0.276294 -0.139354
-0.439120 -0.228532
-0.035961 -0.027251
0.306011 -0.179465
0.035135 -0.013909
0.412813 0.176960
0.652660 0.058051
0.012629 -0.076919
0.023420 -0.084064
-0.664619 0.000153
-0.667368 -0.017687
-0.291740 0.282561
-9999 -9999
0.641200 -0.004464
0.363992 0.133455
-9999 -9999
-0.678064 0.020453
0.377453 0.084592
-0.654596 0.037469
0.656281 -0.027289
-9999 -9999
-9999 -9999
-9999 -9999
-9999 -9999
0.260687 -0.530204
-0.303600 0.527414
-9999 -9999
0.646624 0.023627
-0.327238 0.566693
-9999 -9999
0.622618 -0.081373
-0.644754 0.009639
-0.201587 -0.096065
-9999 -9999
-0.651186 0.036897
0.663088 -0.062097
-0.192289 -0.140496
0.651413 -0.081170
-0.709553 0.087016
-0.639191 0.009657
0.184484 0.172730
-0.563901 0.994981
0.149872 0.164878
-0.021750 -0.131434
-0.026174 -0.104901
-0.456351 -0.279356
0.460311 0.234289
0.429200 0.251090
-0.655315 -0.046249
0.272517 -0.156915
-0.305132 0.174742
-0.651418 -0.013324
-0.045287 0.028204
-0.433893 -0.192909
-0.066134 0.049150
0.399762 0.158803
-0.648212 -0.035040
0.396928 0.152988
0.249585 -0.274673
-0.666772 0.016507
-0.389189 -0.115743
-0.392372 -0.128446
0.656006 0.011076
0.347086 0.123979
-0.645474 0.029457
0.288461 -0.358634
-9999 -9999
-0.645248 0.031682
-9999 -9999
0.274310 -0.482942
0.277094 -0.459818
0.649341 -0.023165
0.236514 -0.535366
-9999 -9999
-9999 -9999
0.646730 0.036735
-0.244177 -0.096626
-0.402144 0.577637
-9999 -9999
-9999 -9999
-0.245687 -0.154618
-9999 -9999
-0.632132 0.019468
-9999 -9999
-0.160996 -0.157708
-0.386775 0.824796
-0.664135 0.053422
0.174305 -0.682267
0.660737 0.000693
0.701900 0.021967
-0.049007 0.804501
-0.610394 -0.058266
0.644237 0.063147
0.447038 0.278192
-0.644865 -0.013391
0.073123 0.086988
-0.062035 -0.029651
-0.672029 -0.027360
-0.043239 -0.013982
0.089185 -0.012007
0.660417 -0.010206
-0.271341 0.183854
0.093750 -0.039130
0.424516 0.157740
-0.024621 0.069498
0.262911 -0.268230
0.286520 -0.255935
-0.363444 -0.179175
-0.405373 -0.118022
-0.666457 -0.000782
-0.296033 0.302568
0.360166 0.126793
0.032197 -0.193108
-0.290143 0.355083
0.317677 -0.372326
-9999 -9999
0.646019 -0.043760
-9999 -9999
0.277304 -0.459985
-0.318559 -0.145309
-0.664677 0.074797
-9999 -9999
-9999 -9999
-9999 -9999
0.343404 -0.568371
-0.654934 -0.005643
-9999 -9999
0.380221 -0.649234
0.176395 0.122358
-9999 -9999
-0.648220 0.022084
-9999 -9999
-9999 -9999
0.361538 -0.838235
-0.205043 -0.164952
-0.158064 0.672078
-0.196626 -0.147479
-0.663468 -0.066287
0.144750 0.223671
-0.259017 0.067098
-0.627171 -0.051496
0.653117 0.062783
-0.654724 -0.020002
0.646321 0.040691
-0.654255 -0.033054
0.653500 0.034921
-0.289814 0.166261
0.280751 -0.179890
0.641465 0.003548
-0.660461 -0.016838
0.415911 0.208698
0.662141 -0.024286
-0.039691 0.073560
-0.005198 0.122649
0.293453 -0.258740
0.366061 0.158874
-0.382485 -0.108827
-0.384188 -0.117212
0.033377 -0.186733
-0.275270 0.340454
-0.001835 0.199699
-0.372784 -0.112627
-9999 -9999
-0.288263 0.398338
0.313524 0.097890
-0.677552 0.076446
-0.251882 0.460767
-0.317280 0.482025
-0.661964 0.072265
-0.297218 0.525989
-0.644721 0.019046
0.261903 0.142971
0.322809 -0.583713
0.370445 -0.571385
-0.618318 0.074133
-9999 -9999
-0.222209 -0.113241
0.316547 -0.743714
-0.228174 -0.139361
-0.645380 0.083296
-9999 -9999
0.396194 -0.851559
-0.215776 -0.153281
-0.613361 0.811007
-0.693629 0.018532
0.056935 -0.801156
0.046385 -0.796479
-0.377645 -0.281542
0.634128 0.051716
-0.673055 -0.045775
0.667559 0.004379
0.434072 0.232517
0.436775 0.213110
-0.438147 -0.220902
0.038937 0.008551
0.072731 -0.024910
0.650592 0.006435
0.655044 0.001668
-0.415508 -0.208785
0.028343 -0.085819
-0.289939 0.248178
0.017169 -0.116830
0.404370 0.151282
0.663037 -0.038707
-0.396997 -0.119459
0.384458 0.103257
-0.312497 0.318140
0.356459 0.109625
0.008769 -0.197510
0.288374 -0.363825
0.301828 -0.396537
-9999 -9999
0.673977 -0.018649
-0.659724 0.064682
0.255927 -0.450848
-9999 -9999
-0.303688 -0.079920
0.631441 -0.030545
-9999 -9999
-9999 -9999
-0.675694 0.051869
0.374004 -0.565628
-9999 -9999
0.235663 0.151724
0.663672 -0.013882
-9999 -9999
0.644088 -0.011200
-0.324820 0.773195
-0.008849 0.606659
0.400517 -0.842827
0.196460 0.142883
-0.155923 0.688119
-0.586174 0.960365
0.621654 0.069426
0.617382 -1.054391
0.639392 0.072628
-0.042265 -0.104375
-0.295933 0.121891
0.269494 -0.129166
0.064096 0.080794
0.294299 -0.150537
-0.660661 -0.028584
-0.458885 -0.197562
-0.297047 0.177733
-0.047800 0.019776
-0.267705 0.211648
-0.428830 -0.214419
-0.653070 0.011924
-0.043754 0.090346
0.680756 -0.002836
-0.672965 -0.007597
0.304864 -0.269630
-0.410482 -0.136116
-0.045763 0.175325
0.651785 0.011776
-0.339800 -0.126988
-0.007757 0.193055
-0.650751 0.032274
-0.325115 0.395456
-9999 -9999
-0.312970 -0.101695
-0.264261 0.476063
-0.259776 0.449475
0.666716 -0.033558
-9999 -9999
-9999 -9999
0.248391 0.115907
-9999 -9999
-9999 -9999
0.242031 0.165959
-0.644920 0.064071
0.621112 0.003523
0.201623 0.156821
-0.655822 0.049910
0.651518 -0.012026
-0.217149 -0.177682
0.172498 0.169057
0.650465 -0.082980
-9999 -9999
0.638500 -0.031615
-0.679548 0.047127
0.670640 0.028087
-0.050235 0.845480
-0.271893 0.062561
-0.037698 -0.096522
-0.435237 -0.283740
0.462055 0.214481
0.073617 0.068302
-0.046198 -0.044514
-0.046228 -0.023051
-0.408999 -0.209731
0.438446 0.172284
0.413386 0.186379
-0.672776 -0.012136
-0.078047 0.044630
-0.018147 0.068751
-0.032795 0.089198
0.397807 0.164415
-0.272977 0.274078
-0.357412 -0.145135
-0.256557 0.297427
-0.042191 0.161712
0.364876 0.152162
-0.348482 -0.114049
-0.671999 0.027177
0.383320 0.108928
-0.302913 0.366114
-9999 -9999
0.316314 -0.410168
-0.288218 0.455296
-0.647992 0.034088
0.334163 -0.459206
0.676812 -0.056121
-0.293612 -0.128926
-0.657161 0.006512
-0.386965 0.545651
0.660700 -0.008715
-0.008592 0.413891
-0.236444 -0.099926
-0.382682 0.623770
-9999 -9999
-0.354915 0.733250
-0.663692 -0.014367
0.651495 -0.043506
0.025455 -0.566762
0.665768 -0.031925
0.660279 -0.042369
-0.640397 0.009242
0.585371 -0.908360
-0.614943 0.974274
-0.129412 -0.239396
0.254092 -0.063218
-0.643191 -0.061740
-0.660116 -0.078483
0.068112 0.080516
-0.670762 -0.036273
0.646506 0.034334
-0.264290 0.146875
-0.642400 -0.016776
-0.440589 -0.181082
-0.423705 -0.180074
-0.039094 0.029357
-0.422722 -0.228574
-0.643068 0.034685
0.414250 0.173551
0.377315 0.157740
-0.271125 0.270102
0.667283 -0.009341
0.661059 -0.037880
-0.659503 0.013873
0.047065 -0.189560
-9999 -9999
-0.650179 0.024540
0.663499 -0.056591
-0.650852 0.027631
-9999 -9999
-9999 -9999
-0.661187 0.055571
0.645552 -0.048715
-0.309633 -0.129176
-9999 -9999
-0.327101 0.515347
-0.634070 0.010551
-9999 -9999
-9999 -9999
-0.245918 -0.153515
-0.298540 0.654668
0.606645 -0.002975
-0.215621 -0.161250
0.332802 -0.738604
0.373182 -0.728392
0.353439 -0.784337
0.152272 0.155981
0.178183 0.141708
-0.647741 0.061979
0.173115 -0.654365
-0.550809 0.925005
0.169960 0.185601
-0.621233 1.046505
-0.645253 -0.049061
-0.614149 -0.061767
-0.436865 -0.265413
0.456116 0.229859
-0.279846 0.123940
0.289902 -0.162208
0.443140 0.212417
0.666252 -0.010457
0.076050 -0.018318
0.045697 -0.024219
0.281360 -0.212339
0.078845 -0.039294
-0.652020 0.002962
0.038287 -0.077950
0.399170 0.146596
0.667701 0.006528
0.297312 -0.285624
0.008791 -0.142774
-0.661095 0.012651
0.365695 0.128409
-9999 -9999
0.672631 -0.023221
0.301954 -0.365783
-9999 -9999
0.270291 -0.396181
0.314248 -0.415202
-9999 -9999
-9999 -9999
-9999 -9999
-0.644707 0.064442
0.315124 -0.522879
0.232115 0.106276
-9999 -9999
-0.672837 0.025792
0.649443 0.021566
0.249871 0.101864
-0.380415 0.641461
0.240319 0.131964
-0.345932 0.705919
-9999 -9999
-0.223249 -0.161120
0.637868 0.029566
-0.182451 -0.163540
0.655098 -0.035445
-0.598092 -0.034210
-0.114622 0.777342
-0.098592 0.794567
0.141957 0.198185
0.280027 -0.085897
-0.608780 -0.028698
0.287629 -0.127528
0.466042 0.208735
0.074204 0.077043
-0.048288 -0.044026
0.650402 0.024623
-0.044938 -0.012236
0.061709 -0.005612
0.042486 -0.016938
-0.260828 0.198933
-0.294027 0.215843
0.434172 0.143521
-0.670323 -0.007621
-9999 -9999
-0.389804 -0.172403
0.651142 -0.011240
-0.396184 -0.130849
-0.306451 0.306561
0.036816 -0.182874
0.356302 0.123320
-0.311175 0.361724
-0.272868 0.373818
-0.323201 -0.112198
-9999 -9999
-9999 -9999
0.338193 0.083975
-9999 -9999
-0.337766 0.482116
0.646790 -0.072581
0.296021 -0.536609
0.348861 -0.520073
-0.386538 0.575329
0.338276 -0.548878
0.225089 0.163722
-9999 -9999
0.629845 -0.012377
0.649541 -0.040369
-0.210122 -0.121823
0.362542 -0.725361
0.235002 0.145435
0.172717 0.153604
-0.201308 -0.171060
-9999 -9999
-0.127951 0.685936
-0.537324 0.992241
-0.666971 -0.036299
0.112056 0.240478
-0.651971 -0.086477
0.400734 0.237640
0.040771 0.105182
0.054887 0.082318
0.656774 0.021574
-0.045981 -0.049726
-0.423348 -0.226279
0.420040 0.197038
-0.649341 -0.011046
-0.656478 0.010763
0.417192 0.183785
-0.067902 0.046457
-0.013895 0.061012
-0.020451 0.080681
-0.266969 0.264543
-0.015621 0.126737
-0.308973 0.295595
0.660858 -0.049958
0.050393 -0.175967
-0.014631 0.200292
-0.345804 -0.118279
-0.336754 0.365020
0.380064 0.084590
0.293670 -0.375363
0.297364 -0.395025
-9999 -9999
-0.261165 0.472666
0.286151 -0.458264
-9999 -9999
0.268335 -0.516148
-0.326541 0.561298
0.237750 0.107557
-0.226887 -0.167878
0.329076 -0.542602
-0.664812 -0.025889
-0.327597 0.630618
-0.633464 0.006472
-0.390204 0.652736
0.208166 0.127034
-0.361595 0.706563
0.230689 0.160408
0.490910 -0.682975
0.165102 0.156262
-0.651324 0.029311
0.150608 0.116705
0.667145 -0.018834
0.566173 -0.978358
-0.079754 0.844198
0.284626 -0.062683
-0.264159 0.055227
0.064457 0.097247
0.283030 -0.143890
0.439462 0.243823
0.429192 0.200656
-0.452255 -0.223120
0.293172 -0.174764
0.274745 -0.174969
-0.398275 -0.166915
-0.270871 0.192391
-0.303685 0.220591
0.656315 -0.040153
-0.041278 0.109027
0.399144 0.153439
0.668111 0.029358
0.366471 0.158978
0.007923 -0.148413
-0.657183 0.002397
0.649632 0.014867
0.671456 -0.023023
-0.020478 0.191575
0.294748 -0.370133
-9999 -9999
0.300370 0.110698
0.317841 0.098832
-0.337167 -0.080235
-0.292800 0.447823
-9999 -9999
0.279558 -0.518591
-9999 -9999
-0.631918 -0.010925
0.399349 -0.572023
0.240584 0.129688
0.224918 0.167340
0.635653 -0.060464
0.647748 -0.011121
-0.404735 0.655189
-0.211836 -0.141568
0.209055 0.149581
-0.373369 0.773971
0.466201 -0.693018
0.155898 0.142389
-0.655801 0.058934
0.174986 -0.653942
-0.201843 -0.159160
0.657701 0.065731
0.644962 -0.093949
-0.267058 0.060450
-0.356586 -0.264963
-0.274732 0.094911
0.311585 -0.127736
0.652657 0.056448
-0.678279 -0.044992
-0.041809 -0.040953
-0.651774 -0.030320
0.083825 -0.019776
-0.404846 -0.177543
0.658619 0.019376
-0.082966 0.046117
-0.269696 0.248815
0.677730 0.033310
-9999 -9999
0.393269 0.155105
-9999 -9999
0.391139 0.125739
0.052270 -0.174413
-0.638509 -0.022419
0.672911 -0.028012
-0.359106 -0.126543
0.367204 0.099009
-0.338886 -0.108758
-0.310119 -0.112756
-9999 -9999
0.659286 -0.062956
-0.280958 -0.100760
-9999 -9999
-0.260517 0.541247
-9999 -9999
0.637739 -0.014094
-0.657815 -0.048217
0.324279 -0.559170
-0.650563 -0.011160
-0.237341 -0.111794
0.397213 -0.636516
0.212258 0.147944
0.629929 -0.042060
-9999 -9999
-9999 -9999
0.635887 0.027870
-9999 -9999
-9999 -9999
-0.156057 -0.114549
-0.178257 -0.148759
0.140532 0.203652
0.616750 -1.106565
-0.258370 0.074684
0.037320 0.110479
-0.670658 -0.053886
-0.666861 -0.006429
0.293433 -0.123426
0.285329 -0.161997
0.274617 -0.174326
-0.033979 -0.018702
0.072976 -0.015651
-0.632032 0.001311
-0.276593 0.205811
-0.432001 -0.217746
-0.029709 0.067736
-0.285566 0.231697
-0.267253 0.257354
-0.668522 -0.009340
-9999 -9999
-0.401811 -0.125245
0.392147 0.103290
-0.645463 0.007197
-0.285098 0.336709
-0.669067 0.038324
-0.372238 -0.103467
0.640002 -0.021265
