-1.895588 -1.555283
0.331829 0.305888
-9999 -9999
0.592043 0.063438
-0.231339 -0.504471
-9999 -9999
1.851786 2.073304
-0.105214 -2.327500
0.652631 -0.070886
-0.775455 -0.153154
-0.966972 -0.163994
-0.627637 -2.788857
0.434424 0.328301
0.819808 0.282689
-1.798598 2.173091
-0.595568 -0.037157
-0.745053 -0.280775
2.114110 -2.998395
-0.819471 -1.019339
-0.472502 0.358166
0.071576 0.721209
-3.512692 2.330722
-2.908928 0.843772
-0.579650 0.158835
1.592678 0.587775
-1.413790 -0.691889
0.366086 0.690566
-0.326453 -0.768658
0.776618 0.002983
1.247801 0.904781
-1.364939 -1.378641
0.798306 -0.032624
-9999 -9999
0.360671 0.432769
-9999 -9999
0.523432 0.609136
-1.829100 -1.397177
1.875285 1.471268
1.791235 1.314633
-1.578665 -1.299202
0.932176 0.103253
0.409680 0.487112
-1.308736 -1.515101
-9999 -9999
-0.797081 0.194161
0.260704 0.439439
-0.279272 -0.329500
1.361786 1.685133
1.661043 1.952360
-0.564712 -0.338196
-0.147424 -0.352876
-0.494510 -0.393383
0.300581 -1.698764
-0.736088 -0.010611
0.865550 2.309046
0.888807 0.338454
0.169120 0.318247
-0.469419 -0.019056
-9999 -9999
0.750503 0.305451
0.615182 0.270221
-9999 -9999
0.265852 0.545553
-9999 -9999
1.035908 -3.316307
-0.413089 -0.208963
-9999 -9999
0.661979 -0.115507
-9999 -9999
-9999 -9999
2.961987 0.395080
-9999 -9999
0.684383 0.671743
0.470744 0.546274
0.479138 0.705094
-9999 -9999
1.445641 1.036111
-0.497441 -0.575199
-9999 -9999
-0.613966 -0.532827
1.011980 0.006374
0.905339 -0.251170
-1.907179 -1.102685
-0.673074 -0.057813
-2.390112 -1.661918
0.710118 -0.015121
-9999 -9999
1.701703 1.220241
-9999 -9999
0.369323 0.388882
-0.461552 -0.386080
-9999 -9999
-0.349213 -0.363649
-0.954431 0.344256
-0.936797 -0.225258
-1.113067 -1.813917
2.130015 1.562900
0.366585 0.508341
-0.539183 -0.036348
-0.253818 -0.335803
-0.787380 0.109352
0.486866 0.041735
-1.639680 -2.042593
-0.517066 -2.505088
0.431721 0.387507
0.196151 0.001542
-0.768464 -0.256088
-0.488775 2.382011
-0.233192 -0.154948
-1.045826 3.179820
-0.779333 -0.117250
0.706866 0.053440
0.815503 -0.034219
-1.503016 2.830402
1.388650 0.173620
-0.655843 0.313778
-9999 -9999
-2.592271 3.071822
-9999 -9999
-0.543387 -0.723445
-1.759326 -0.681198
0.384160 0.714405
0.792580 0.036010
0.753581 -0.119649
-1.496615 -1.269937
-0.748441 -0.163892
-0.365189 -0.548315
-0.787738 -0.515348
-0.502859 -0.812227
-9999 -9999
-0.664965 -0.477375
-1.537359 -1.382226
2.080173 1.991577
1.675805 1.204208
-0.491541 -0.299590
-0.719518 0.162169
-9999 -9999
-1.742987 -1.666763
-9999 -9999
-9999 -9999
2.411510 1.426278
-1.977432 -2.035501
-9999 -9999
1.634407 1.608452
-0.848440 0.392516
-9999 -9999
0.018853 -1.336522
0.530143 2.364856
0.034966 -1.995059
-0.287970 -0.230516
0.797080 -0.071842
0.559370 0.457256
0.518621 2.738722
-0.314772 -0.330182
-9999 -9999
0.466009 0.407935
1.041061 -2.465983
-0.672129 -0.559543
-9999 -9999
-0.446425 -0.362844
0.692655 0.347068
-9999 -9999
-4.833844 1.759464
0.659097 -0.463786
0.354838 0.266500
-9999 -9999
-0.627370 -0.130913
0.418498 0.499786
0.788183 0.634824
-0.628696 -0.523890
-9999 -9999
-1.783218 -0.364274
0.665150 -0.310612
-9999 -9999
-9999 -9999
0.668983 0.429692
0.673115 0.436091
-9999 -9999
0.688963 0.298092
-9999 -9999
-1.033651 0.441963
-9999 -9999
-9999 -9999
-9999 -9999
0.171728 0.489388
-9999 -9999
-0.641198 -0.150730
-1.515179 -1.735656
-9999 -9999
2.019029 1.907240
-0.660442 0.031292
-9999 -9999
0.707611 -0.167516
-1.623028 -1.646864
-9999 -9999
-0.735038 -0.162182
-0.693552 -0.072685
-9999 -9999
-1.039729 0.223929
-0.327300 -0.310776
-0.331111 -0.279556
0.499514 0.372540
0.964724 0.294338
-0.339170 -0.309281
-0.534308 -0.332705
0.372629 0.485993
0.632088 0.471965
-9999 -9999
-0.705771 0.359069
0.751026 0.230329
-1.157500 -0.403078
0.703087 0.728401
-0.620540 -0.384457
0.006484 0.820940
0.435628 0.137209
-9999 -9999
-1.647921 0.010822
1.555955 0.245839
1.580881 0.409770
0.698235 -0.444837
0.904524 -0.173063
0.636162 -0.216633
0.746260 -0.067008
-2.119517 -0.603525
2.163931 0.650585
-0.642947 -0.212352
0.938264 -0.460206
-0.597881 -0.303619
2.290028 1.506410
-9999 -9999
-9999 -9999
0.510958 0.217863
-0.929603 0.097082
-9999 -9999
0.618398 -0.054360
0.675093 0.066657
-9999 -9999
-0.974342 0.231788
-1.584898 -1.511210
-0.394531 -0.290280
0.210160 0.176555
-1.691071 -1.699776
-1.152659 -1.821070
0.844240 0.064746
-9999 -9999
0.376815 0.130881
1.915831 1.778738
0.500928 -2.083377
0.138208 -2.513746
0.936180 2.112106
0.646863 -0.149389
0.147041 -2.129068
0.884983 -0.184036
0.390917 3.583434
-0.536196 -0.501059
-0.499847 0.133117
0.637596 0.077220
-0.287224 -0.085744
0.871253 1.038838
-9999 -9999
-9999 -9999
-2.450332 3.390098
-0.415053 -0.041489
0.267783 0.553069
1.544544 0.659006
-1.434752 -0.862199
-0.704043 0.214006
-0.459760 -0.692847
1.292003 1.188334
-1.421761 -0.979487
-0.818923 0.125181
-9999 -9999
-9999 -9999
1.817106 1.120133
2.013226 1.029882
-9999 -9999
-1.960330 -1.607731
1.903502 1.401675
0.171077 0.544630
-9999 -9999
-1.298169 -1.427238
0.664423 -0.152482
-9999 -9999
0.259924 0.388310
-9999 -9999
-0.161765 -0.464904
-9999 -9999
1.704469 1.467228
-0.405110 -0.158300
-0.719965 0.091376
-0.652017 -0.129736
-9999 -9999
0.316286 0.529928
-0.305936 -0.166975
1.550416 2.015201
0.577119 -1.866612
-0.184439 2.556129
-0.118061 1.880928
-0.456827 -0.598684
0.254428 -2.468185
-0.894206 0.250250
0.382382 -0.011959
-1.309451 2.468515
-0.647589 0.036964
-0.842354 0.158372
-9999 -9999
1.285836 0.279687
1.956193 -3.757059
-3.008644 1.266940
0.735316 0.665112
0.203293 0.376604
-9999 -9999
0.653269 -0.230949
-0.462336 -0.606178
-9999 -9999
-0.785260 0.204848
-1.469167 -1.184684
0.549048 -0.157646
0.843310 -0.070159
-9999 -9999
0.509806 0.584430
0.488213 0.394221
-9999 -9999
-9999 -9999
-9999 -9999
-9999 -9999
-0.650245 0.159667
0.795251 -0.124588
1.362123 1.470305
-0.362422 -0.472341
-9999 -9999
-1.421016 -2.013207
2.442533 1.219183
-0.454541 -0.417005
-0.315010 -0.499222
0.713920 0.169663
-9999 -9999
1.749670 1.717219
-0.640207 -0.059926
-0.008310 1.675563
0.510477 0.260884
-0.516917 -0.208696
-0.843139 0.002329
0.777920 2.279885
-1.191448 -2.530533
-0.000169 1.868225
0.715738 -0.043654
-1.064141 -2.546323
0.154463 -2.886122
-0.798130 -3.767901
-0.201974 -3.132480
0.041816 2.655449
-9999 -9999
0.686807 -0.271219
-3.477140 3.449257
-0.748965 -0.111155
-0.297064 -0.334420
-9999 -9999
0.181506 0.582517
-3.346468 1.667836
-0.452206 -0.710558
-9999 -9999
-0.399873 -0.698682
-1.670335 -0.969552
-1.423343 -1.401268
-0.333687 -0.536535
0.860505 0.102126
-0.890706 0.073928
1.773484 1.016539
-1.740437 -1.049441
-1.938329 -0.963893
-9999 -9999
-9999 -9999
0.586579 -0.113503
0.884145 -0.183470
-9999 -9999
0.571927 -0.052683
-0.928823 0.063825
-0.830828 0.036168
-1.648358 -1.878975
2.290067 1.074671
-9999 -9999
-1.561992 -1.307529
-0.347529 -0.266682
2.275947 0.868439
-0.380888 -0.249783
-9999 -9999
0.712402 -0.051121
-1.920720 -1.926247
-0.387227 0.322298
0.867573 -0.159692
0.147444 0.126401
-9999 -9999
-1.254904 -1.613927
0.696419 -0.246259
-1.684122 -2.325975
-0.619299 0.552650
-0.762353 -0.576583
0.600382 -0.169160
-0.509576 0.096685
-0.510536 0.700329
0.177981 -3.441510
1.042075 0.763053
-9999 -9999
-1.507403 2.393324
0.524547 4.271515
-0.542827 0.076291
2.606518 -2.943248
1.465948 0.972228
-9999 -9999
0.271393 0.698732
-1.600728 -0.981485
-1.256348 -1.398598
0.659074 -0.037791
0.929268 0.106248
1.805061 1.042944
1.716507 1.143399
1.793758 1.051710
0.653031 0.583846
0.773265 -0.090646
-2.182254 -1.430575
-9999 -9999
-0.786980 0.299183
0.443599 0.589625
-0.614726 -0.060157
0.520096 0.361106
-0.458136 0.303766
1.603326 1.802663
0.480870 0.134102
-0.770960 0.090421
1.914373 1.195036
0.407328 0.391054
0.413812 -0.185223
-0.373087 -0.185404
-0.748570 0.185101
-0.393732 -0.219335
0.751149 -0.013321
-9999 -9999
-2.072171 -1.799886
0.554521 0.166896
-1.429575 -2.245194
0.398770 0.202146
1.021291 -0.250591
0.921991 -0.143516
0.707286 -0.110539
0.519748 0.614220
0.475227 0.198221
-0.539118 0.346935
-0.489703 -0.266277
1.395270 -3.446428
-0.473145 -0.166969
-1.172262 -0.726218
2.397499 -1.699875
-9999 -9999
-0.375313 -0.489477
0.370009 -0.276385
0.573717 0.576002
-0.513291 -0.595391
-0.450342 -0.772224
0.469461 0.692050
-1.387652 -1.228915
-9999 -9999
-1.779421 -1.374273
0.522274 0.557501
1.836708 1.164506
-0.500903 -0.547544
-9999 -9999
1.640962 1.122750
0.448923 0.727756
-9999 -9999
-1.778430 -0.953469
1.863145 0.917228
0.300399 0.466893
1.720062 1.064882
1.629507 1.178134
-0.597214 -0.536560
0.803861 -0.671424
-9999 -9999
-0.637325 0.209999
-0.566378 -0.079606
-1.976883 -1.642310
-9999 -9999
-0.872080 -1.997908
-0.767995 -2.449513
0.971441 2.365589
-9999 -9999
-0.649579 -0.032330
-0.915662 -0.185164
0.519471 -2.404426
-0.366028 -0.083136
-0.462609 -0.518165
-0.831122 -0.121717
0.563772 0.182171
1.226070 -2.999200
-0.768102 -0.191949
0.501828 0.086439
-0.146627 3.761501
-9999 -9999
0.202281 0.184537
0.927768 -0.706024
0.338784 0.340814
0.390515 -0.343799
-0.646147 0.015134
3.656551 -1.098902
-9999 -9999
0.694095 -0.014385
-9999 -9999
0.449692 0.674190
0.774707 0.170781
-0.628547 0.076539
-0.800623 -0.063639
-0.695871 -0.015839
1.662173 1.413425
-1.602118 -1.113149
0.834569 0.070228
0.774057 0.015030
1.892984 1.909896
-0.295206 -0.464194
0.567381 -0.025412
0.254627 0.226185
-9999 -9999
-1.640833 -1.481596
-9999 -9999
-9999 -9999
2.100611 1.250862
-1.966699 -1.773970
-9999 -9999
-9999 -9999
-9999 -9999
0.864011 -0.329031
-9999 -9999
-0.852407 -0.049890
0.546066 0.538775
-9999 -9999
-1.714070 -1.966106
0.563918 2.514510
0.717658 0.164079
0.462962 0.044614
-0.273990 2.348331
0.177062 -2.602588
0.307284 -2.547405
-0.768506 -0.318912
0.228252 0.419214
-0.251549 -0.484321
-0.763360 -0.100768
1.216274 -3.130000
-9999 -9999
-1.620617 4.069123
0.270224 0.595107
-0.313576 -0.600193
-9999 -9999
-3.857103 0.945835
1.461029 0.766393
1.441580 0.826599
-0.579991 -0.063037
-1.830446 -0.812783
0.247678 0.767225
0.370543 0.590163
1.435525 1.356808
-0.729341 0.143244
0.405783 0.739326
-0.547150 -0.396738
-1.885457 -0.998066
-0.699026 0.171959
0.777395 0.609277
-0.405777 -0.432637
-9999 -9999
-9999 -9999
-0.207616 -0.618495
-0.435673 -0.417472
-1.526057 -1.251023
-9999 -9999
-9999 -9999
-0.482264 -0.362773
1.776829 1.487909
-1.488486 -1.734502
-0.213666 -0.456165
0.442325 0.247364
0.810786 1.746873
-0.375474 1.545167
-0.178244 -0.353659
-1.737079 -1.491378
-0.573017 -0.472095
-0.343966 -2.582359
0.006738 -2.205208
0.254264 -2.024952
-0.719927 -0.009182
0.496756 0.131150
0.650067 0.310349
-0.466536 -0.449634
0.798090 0.132278
-0.935139 2.584608
0.821355 0.072317
-0.390793 -0.562840
-0.478121 -0.784832
-2.131024 3.439166
-0.504471 -0.035748
0.827389 0.524060
-9999 -9999
-9999 -9999
0.367858 0.851648
0.349110 0.580466
-0.681146 -0.067421
1.639750 0.945023
-9999 -9999
-0.302541 -0.521698
-1.351660 -1.515916
-1.782686 -1.173534
-9999 -9999
1.823953 1.126544
-0.588516 -0.371691
0.337959 0.667279
2.213922 1.973874
0.860393 -0.036492
-9999 -9999
-1.544630 -1.185955
-9999 -9999
-9999 -9999
-0.192971 -0.490727
1.603813 1.994012
0.407109 0.348427
-0.368997 -0.271129
0.778513 -0.076991
0.709132 -0.012880
-0.285820 -0.256286
-9999 -9999
-0.255424 -0.336436
-0.994603 -2.126068
-0.485365 -0.348798
-9999 -9999
0.618241 -0.313605
0.827244 0.032517
1.386684 2.597178
-0.576706 -0.040923
-0.334868 2.694141
-0.877790 -0.074268
-9999 -9999
0.894450 -0.015595
-0.560483 -0.433171
-0.363026 -0.364917
-9999 -9999
-1.231767 3.137146
0.862408 0.511081
0.591352 -0.222070
0.331426 0.378051
-9999 -9999
-0.069715 -0.900076
-9999 -9999
0.584850 -0.247513
0.605683 0.055416
-9999 -9999
0.451893 0.800673
1.460058 1.306212
-0.368484 -0.522023
-1.481575 -1.347074
0.367542 0.646442
-9999 -9999
-0.486886 -0.580773
-0.688745 0.041238
1.544724 1.312187
-1.099840 0.148114
-9999 -9999
0.725798 -0.161215
-0.595084 -0.014239
0.690058 -0.096497
-0.765460 0.111271
-9999 -9999
0.328680 0.234166
-9999 -9999
-2.338409 -1.749230
0.731389 -0.041169
-1.773889 -1.447440
-0.868147 0.230300
-0.205764 -0.232248
-9999 -9999
0.169926 0.381941
-9999 -9999
-0.481129 -0.259931
-0.746273 -0.178751
0.490175 -1.990888
-0.761938 -2.822292
-0.286257 -0.179455
-0.538884 -0.568070
-0.449858 -2.935691
0.568786 0.160161
-0.217728 -0.291948
-0.637149 -0.166181
-0.504090 -0.450702
-0.613855 -3.780696
-0.659141 -0.054163
-9999 -9999
-2.338519 3.769007
-9999 -9999
0.598579 0.104182
0.000715 0.445335
-0.160654 -0.788480
0.721257 -0.230791
0.385107 0.621162
-0.773381 0.016888
1.674285 0.893836
0.390727 0.747119
-0.694077 -0.085208
0.423962 0.818115
-0.439233 -0.771060
0.478259 0.716840
-9999 -9999
0.782974 -0.025501
-9999 -9999
-0.629737 -0.712192
-1.705956 -1.261031
-9999 -9999
0.827198 -0.258824
-9999 -9999
-9999 -9999
-0.377547 -0.453863
-9999 -9999
-9999 -9999
2.049421 2.046417
-0.278159 -0.322824
-0.342125 -0.454111
