-0.869696 0.461893
-1.022652 -0.116618
1.498833 -0.520642
-0.948172 0.137984
-0.913201 0.696267
1.795289 -0.691255
0.923922 0.035741
0.845931 0.895468
1.341988 -0.005403
-1.554065 0.491630
-1.218221 0.019678
1.928349 -0.112428
-1.510312 -0.544080
-0.783605 -0.251611
1.433018 -0.244538
-0.996927 0.665850
-1.630343 0.491766
1.100573 -0.136858
-1.516310 -0.226205
0.790359 -0.008273
1.209417 0.130716
0.796966 -0.334039
-0.719071 -0.497237
1.900168 0.484318
-1.069400 -0.186828
1.438536 -0.142827
-1.620393 -0.055639
-1.288582 -0.171674
1.324979 0.063087
1.213081 0.139000
-1.514679 -0.304249
1.164400 -0.128359
-1.460845 -0.048192
1.089692 0.159640
1.462478 -0.052447
1.190002 0.673109
-1.125137 -0.048949
1.173417 0.172250
1.243524 -0.339731
1.067169 -0.331814
-0.971438 -0.072659
1.319688 -0.102434
-1.715064 -0.109087
-1.632802 0.125584
0.832590 -0.087676
-1.383353 0.292874
-1.331226 0.536568
1.371045 -0.214574
0.768853 -0.419029
-1.323870 0.227784
1.339783 -0.869404
1.215643 -0.252400
1.403257 -0.754205
-1.391787 0.282724
0.891464 -0.204804
1.411619 -0.008524
1.253420 -0.167052
1.280946 0.192009
-1.135188 -0.154455
1.774599 0.349066
-1.803137 -1.006765
-1.137302 -0.161281
1.136740 -0.388275
0.867441 -0.578714
1.444117 -0.786388
1.244007 0.107982
1.869493 -0.708383
0.998044 -0.012433
-1.242230 -0.034981
0.991896 -0.225414
-1.108716 -0.149709
1.499779 0.344096
-1.087220 0.284901
-1.177624 0.329656
1.923138 -0.178672
-1.012730 0.210748
1.498257 -0.102055
-1.231991 -0.239733
1.773407 -0.256006
1.157832 -0.479618
1.550909 -0.180225
-1.514573 0.253374
-1.099664 -0.067444
1.028432 0.585232
-1.215735 -0.009701
-1.230088 -0.042459
-1.259275 0.717587
-1.499068 0.517737
1.593968 -0.259222
1.240794 -0.254314
-1.416312 -0.056489
-1.498535 0.441161
-1.326188 0.116069
1.258078 -0.613448
0.644457 -0.412025
-1.299822 0.112210
0.980116 -0.488096
1.138972 -0.095670
1.470652 -1.115647
0.961594 -0.159822
1.002619 -0.633195
-1.152373 0.186184
1.083416 0.104744
-1.578233 -0.373195
1.121794 0.133415
1.502721 -0.280016
-1.263960 0.345566
-1.754609 -0.059489
1.525639 0.192083
1.069216 0.066471
1.193377 -0.245824
1.023659 -0.289241
-1.220729 0.453018
1.011422 -0.078295
-1.924826 0.489119
1.145851 -0.407961
1.495824 0.011125
0.779167 -0.619806
-0.675530 -0.108781
-1.095964 0.699886
-0.949646 0.076126
-1.375856 0.304476
-1.574593 -0.102189
-1.038545 0.287737
-1.532559 0.015630
-1.248865 -0.038999
1.775759 -0.412426
0.930338 -0.168600
1.491928 -0.084682
-1.289351 0.173843
-1.107099 0.166711
-1.426011 -0.194404
-1.180169 0.143580
-1.199836 0.171029
1.332542 -0.323060
1.504737 -0.207482
-1.167370 0.145197
-1.039498 0.354234
-1.595387 -0.147574
1.737240 -0.429872
1.015886 -0.232789
-1.219447 0.462683
-0.965453 0.397743
1.153229 -0.058722
1.239116 -0.251546
-1.268614 0.043522
1.537320 -0.651412
-1.246980 0.457569
1.537617 -0.434617
-1.574338 0.435775
1.155754 0.175912
1.259594 0.669697
0.888316 0.040668
1.500449 -0.137665
0.750417 0.430574
-1.874681 -0.393545
1.520583 0.795357
1.175963 0.095260
-1.232117 -0.377623
-0.943882 -0.021649
-1.331014 0.659905
-0.946711 -0.003965
1.528441 0.401131
-0.891571 0.170612
-1.217529 -0.084273
-0.977984 0.200095
0.760337 0.545715
1.798864 1.161834
1.371729 -0.145704
1.286228 -0.272877
-1.451145 -0.041173
-0.834008 0.200143
-1.822861 0.250201
1.048028 0.140895
-1.487260 0.147508
1.097075 -0.153120
-1.243239 0.111474
-1.458371 0.327028
-0.911276 0.117833
-1.510334 -0.124046
-1.343192 0.124036
-1.202330 0.012274
-1.324757 0.574849
1.415434 -0.222845
-1.253452 0.219866
-1.004047 0.154200
-1.431900 0.044574
-1.304259 0.132856
1.379066 -0.247157
-1.356483 0.348858
1.151375 -0.315911
-0.981362 0.208974
1.288007 -0.279670
-1.241181 0.098614
-0.938236 0.696228
-0.823855 0.078018
-0.791773 0.836099
-1.936344 0.440423
0.891376 -0.127429
-0.818586 -0.405859
1.312288 0.112793
-1.738915 0.091933
-1.188328 -0.112172
-1.928618 -0.332836
-2.025286 -0.052053
1.367408 0.021786
1.197153 0.010991
-0.782088 0.240529
-1.330839 0.442110
1.424678 0.287324
-1.600926 0.146130
0.911314 0.147574
-1.238275 -0.039058
-1.046877 0.146398
-1.266890 -0.527418
-1.631739 0.109655
-1.154156 0.649885
1.327541 -0.454649
1.654680 -0.296564
1.290481 -0.085139
1.735960 -0.200223
-1.402823 -0.045617
1.719525 -0.454147
-1.123720 0.386140
1.334295 -0.521910
-1.321713 0.601276
0.991284 -0.350478
1.349335 0.062414
1.197693 -0.128321
-1.130365 0.221361
-0.910637 0.859923
1.178982 -0.518155
-1.399095 0.388275
1.283798 -0.377994
1.173036 -0.190633
-1.580167 0.440832
1.043318 -0.233603
1.179395 -0.834211
-1.012979 0.460811
0.814856 0.098596
-1.037539 0.316638
-1.418278 0.106005
1.594582 -0.538460
-1.228245 0.137814
1.488904 -0.082779
-1.342877 -0.364507
-1.143770 -0.212227
-1.434560 -0.490648
-1.530619 -0.283629
-0.888040 0.121455
1.232495 0.262698
1.263573 -0.257639
-1.229052 -0.433889
1.099354 -0.005437
-0.979952 0.043382
0.863325 -0.100492
-1.596525 0.103754
-1.596998 -0.091464
1.434934 0.428118
-1.012563 0.111188
-1.334753 -0.268925
-1.151601 0.134138
1.385562 0.556629
1.509881 -0.135924
-1.009847 0.081317
1.512271 -0.231952
1.474529 0.038635
-1.518015 -0.040460
1.561414 -0.208726
-1.215689 -0.256703
-1.722970 0.192478
-1.099978 -0.202577
-1.225923 -0.010032
1.418756 -0.211875
1.286579 -0.051304
-1.316588 -0.144357
1.398867 0.036557
-1.113710 -0.052673
1.341874 -0.461727
1.283563 -0.397878
-1.015044 0.063156
1.163927 -0.052159
1.666936 0.162507
1.798123 0.042062
-1.047371 0.122042
1.394493 -0.697105
0.962787 -0.288532
1.150750 -0.209970
-1.168894 0.357180
-1.267950 0.133545
-1.007044 0.901361
1.287537 -0.747240
-1.064791 0.330319
-1.659244 0.452886
-1.274262 0.182865
0.962632 0.215924
-1.476413 0.166957
-1.377016 0.291390
1.292206 -0.685002
-1.941395 0.697841
-1.604886 -0.385461
0.810945 0.019652
1.023037 -0.477484
0.978491 -0.410985
1.256961 -0.453513
0.901541 -0.422502
-2.049385 0.485068
1.001048 -0.264506
1.297943 -0.227329
-0.532779 0.571329
-1.252064 -0.391605
1.934489 0.075766
-1.158399 0.324475
-0.992498 -0.036648
1.771880 0.153784
-1.464984 0.055673
1.716076 -0.223383
-1.482316 -0.307754
1.540276 -0.027368
1.276571 -0.016637
1.372598 -0.105069
1.233270 -0.406042
-1.244180 -0.005638
-1.126117 -0.100472
-1.044221 -0.050586
-1.033163 0.068673
1.206273 -0.314590
1.351447 -0.332992
0.774541 -0.043070
1.325866 -0.106913
-1.488508 0.233335
1.459162 -0.183206
-0.811583 0.264718
1.386366 -0.155177
-0.758366 0.582658
-0.998224 0.396167
-1.077842 0.373192
-1.032138 0.115934
-1.256692 0.967805
-0.696043 0.239426
1.332847 -0.591898
-1.781282 0.108255
1.144417 -0.102423
-0.941099 -0.303551
-0.957089 0.161190
1.261342 -0.464974
-1.427975 0.215958
1.640102 0.077759
-1.525304 -0.769258
1.182651 0.129043
1.380030 -0.162240
1.189063 -0.540049
-1.105298 0.548457
-0.922869 -0.053389
-1.573852 0.199316
0.796147 -0.242728
-1.345172 0.229900
-0.968245 0.588653
1.342361 0.169857
1.307690 1.039733
1.025578 -0.126148
1.555575 -0.210486
-1.542546 -0.019726
-1.087615 0.048481
1.575751 0.398951
-1.135915 -0.165140
-1.427529 0.137803
1.122825 -0.158053
-1.408992 0.062316
1.439815 -0.532805
1.348222 0.003194
1.505233 0.232997
-1.362625 0.042900
0.965195 -0.002145
1.100887 -0.656565
-0.763954 0.205218
-0.913802 -0.034738
1.142730 -0.362468
1.610332 0.278565
1.817605 0.126860
-0.975868 0.113980
-1.143360 0.315349
-0.922632 0.234069
-1.357338 0.302646
0.816886 -0.400496
-1.086349 0.284111
0.949613 -0.584448
1.124759 -0.574578
-1.241592 0.427248
2.261219 0.110391
-1.079047 -0.015643
1.001748 0.201371
-1.489812 0.078985
-1.144453 0.209187
1.067187 -0.134551
2.026564 -0.282054
1.407486 0.061922
1.122365 0.047140
-1.706234 0.084987
-1.023004 0.106411
1.284707 -0.796909
1.210816 0.176832
-1.862795 0.323179
1.068553 -0.094397
1.450155 0.116416
-0.635285 0.495847
-0.856818 -0.717095
-1.946807 -0.108334
1.455944 -0.464629
1.373196 -0.158332
-1.491456 0.031387
-1.114995 -0.145258
-1.849372 -0.207073
1.126672 0.323960
-1.212224 0.363919
1.126368 -0.222583
1.596399 -0.387099
-1.157844 0.212316
1.236847 -0.070123
1.522348 0.267691
-1.618418 0.004034
1.203721 0.262390
-1.263816 0.710537
1.666410 -0.386944
-0.966922 -0.185109
1.186148 -0.178083
-1.609482 0.103524
-1.254539 0.128748
1.185994 -0.183290
-1.217866 0.840063
-0.771406 0.188804
1.410791 -0.150629
0.870976 -0.355491
-1.056517 0.025104
-1.580620 0.265742
1.112968 -0.407284
-0.821660 0.761103
-1.622053 0.556821
1.022278 0.052855
-1.002951 -0.355068
-1.200728 0.020022
-1.436655 0.618680
-1.175403 0.113334
-1.635525 -0.020328
-1.649520 -0.943444
1.020496 0.213380
-1.209153 0.508124
0.771564 -0.380728
-1.157523 0.725059
-1.062425 0.100584
1.863938 -0.745345
-0.669743 0.001381
-1.328543 0.087649
0.706721 -0.484356
1.328519 0.054781
-0.896506 0.820858
-1.174444 0.174319
1.443161 0.068974
-1.743430 -0.064328
-0.954374 0.003189
-2.147743 -0.009797
-1.186505 -0.103569
-1.590501 0.188826
1.125333 -0.276450
-1.291511 -0.121075
-1.269378 0.027631
1.483343 -0.002432
1.181482 0.434012
-1.566296 -0.092602
1.490389 -0.071326
-1.190658 0.419422
1.168145 -0.026328
-0.977241 0.121981
1.088504 -0.260829
1.785401 0.244085
1.399370 0.004133
-0.670229 0.245067
-1.413071 0.233003
-0.970559 0.114638
-1.281337 0.555389
1.104027 -0.340284
0.984222 0.050895
1.071523 -0.368169
-1.042271 0.218324
-1.353842 0.337011
1.897633 -0.051359
-0.994130 0.012356
-1.332283 0.163828
-1.099472 -0.146050
-1.806684 -0.028753
-1.198415 -0.292079
1.359784 -0.283252
-1.476663 -0.556511
1.351758 0.120320
-1.219210 -0.103872
-0.932101 0.427608
1.610938 -0.094277
1.057706 0.166454
-1.693624 -0.570772
1.058472 0.086721
-1.152232 -0.166542
-0.881743 0.221719
-1.111135 -0.261072
-2.236125 -1.124385
-1.295516 -0.089436
1.412945 -0.031228
-1.489534 -0.004433
1.184572 0.243495
1.765732 0.147599
-1.459135 -0.186429
1.379708 -0.027733
1.080016 -0.144054
1.187787 0.057040
-1.371139 0.160228
0.962365 -0.038840
-0.744310 -0.495576
-1.268739 -0.013707
1.070957 -0.049762
1.274686 -0.285015
1.375318 0.040928
-1.088434 -0.228244
-1.299990 0.466296
-1.504815 0.000881
1.627524 0.162391
-0.857267 0.003849
1.211623 -0.601762
-1.116469 0.123852
-1.242530 0.103893
-0.952541 0.450258
1.451952 -0.414311
1.427581 -1.200956
-1.021610 0.407087
1.461324 -0.516404
1.402060 -0.304125
-1.089463 -0.177103
1.623213 0.077106
1.186631 0.008348
-1.574552 0.308714
1.125494 -0.199439
-2.048273 0.265732
-1.276777 -0.749648
0.946710 0.144645
-1.085680 0.112706
-1.146740 0.526850
1.298719 -0.661795
1.267225 0.191351
2.260520 -0.864602
-0.987215 0.060820
-1.253411 0.298482
0.788338 -0.448243
-1.177454 -0.083953
2.176269 0.313694
1.133845 0.055245
1.377870 -0.405764
-1.286036 0.098744
-0.718455 0.338721
-1.781782 0.208053
1.194977 0.050464
-1.434994 0.495331
1.159537 -0.433356
1.450710 0.090264
-1.274156 0.402175
1.381574 -0.219848
1.326844 0.344632
-1.018990 0.058758
1.160069 -0.074077
1.096704 -0.754355
-0.957751 0.437866
-1.293786 0.249630
1.132753 -0.175893
1.765069 0.110144
1.639018 -0.376490
-0.861397 0.176165
1.280956 -0.588756
1.052784 -0.307804
1.197817 -0.449582
0.976666 -0.278280
-1.206552 0.265823
1.220659 -1.028781
0.841077 -0.020578
0.728428 -0.428644
-1.663103 0.478170
-0.881796 -0.062989
1.362595 0.230396
-1.727105 0.180256
-1.347529 -0.135395
1.410579 -0.180792
1.627672 -0.852089
1.401894 0.306879
1.254101 -0.048254
1.240332 -0.196289
0.783231 -0.104924
-1.199341 0.419397
-0.982529 0.036228
-1.434703 0.048648
-1.083146 0.008881
1.175282 -0.209250
-0.697419 0.129066
-0.999660 -0.346353
-1.901234 -0.498863
1.358652 -0.053317
-1.031183 0.436188
-1.838848 -0.348485
0.890107 -0.149817
1.968750 -0.185622
-1.493766 -0.113473
1.560955 -0.245262
-1.088772 0.259523
1.110455 -0.083284
-1.331673 0.234899
-1.289221 0.051918
-1.323077 -0.165439
1.468689 0.107986
-1.058896 -0.039748
1.268611 -0.388597
1.076222 -0.384054
-0.772031 0.124858
-1.297411 0.365247
1.380561 0.067047
1.282785 0.073330
-1.221210 -0.000345
1.376261 -0.603026
0.647495 -0.022954
1.009931 0.097437
-1.079637 0.198859
1.185655 -0.320747
-1.607566 0.624174
-1.100437 0.430961
-1.378316 0.608807
-1.652159 0.217065
1.075822 0.070698
0.635953 0.716238
1.049619 -0.100618
1.250717 -0.069517
1.115023 0.196252
1.986969 0.117923
-1.871353 -0.623516
1.401276 -0.019983
-1.209255 0.283372
-0.953207 0.321560
-1.206657 0.307767
-1.003622 -0.194297
1.491573 0.211370
-0.884143 0.027226
1.293271 0.017348
0.886782 -0.443767
1.193251 0.226082
1.189204 -0.895872
-1.061651 0.177472
1.250892 -0.457057
1.566926 0.082692
-1.161662 0.089875
1.708597 -0.574189
1.351031 0.080670
1.321363 -0.186765
-1.237562 0.446249
-1.354121 0.363005
-1.068855 0.055930
-1.403157 0.293843
-1.083776 -0.500669
-1.491985 0.131119
-0.998101 -0.000145
-1.074111 0.668896
1.042371 -0.407284
1.426540 -0.286277
1.077069 -0.266282
1.342965 -0.169394
-1.887188 0.073121
1.250319 0.008699
1.067848 -0.592025
1.060336 -0.654754
1.157300 -0.236683
1.186794 -0.216932
-1.215534 -0.058999
-1.288587 0.814629
-1.156945 0.018274
-1.332219 0.181123
1.672765 -0.312411
-1.019590 -0.058688
-1.613969 -0.358563
-0.947431 0.039161
0.821081 -0.231378
-1.014223 -0.064458
1.592759 -0.882131
-1.398202 -0.401130
0.961979 0.084937
1.284574 -0.067844
0.949384 -0.206040
1.174424 -0.573653
1.169950 0.000786
-2.220980 -0.097927
0.853525 -0.083546
1.258319 -0.270562
0.960067 -0.602506
1.174037 0.525207
-1.139254 -0.824411
-1.245908 -0.016459
1.463913 0.171812
-1.384673 -0.023595
-1.092547 -0.187322
1.752083 0.174858
1.164674 0.365151
1.647013 -0.228497
0.943564 -0.115576
1.266612 0.169205
1.470718 -0.001149
1.080458 0.092134
-1.204501 -0.430242
-1.274520 0.033305
-1.122896 -0.061186
1.547384 -0.083452
1.111466 -0.002002
-1.250164 0.260196
-1.309150 -0.149968
1.451781 0.201524
-1.424056 0.110518
-1.201690 0.131676
1.585589 -0.521708
-0.981869 0.311287
-1.147397 0.194136
