-1.382364 -0.071598
2.010654 0.050980
-0.277106 0.528334
-1.505244 0.070779
0.314787 -0.584394
1.647262 -0.065679
0.633957 -0.711730
-1.860701 0.011475
-2.019359 -0.045572
-1.881844 0.244440
-0.675098 0.792901
-1.772457 0.012030
-1.514855 0.017677
1.652592 -0.002786
-0.566037 1.117961
-1.949225 0.190121
1.531871 -0.052849
-0.498609 1.040058
-0.277381 0.885122
1.828033 -0.305055
-0.599783 1.232394
-0.138113 0.938571
-0.373260 1.485937
1.896445 -0.273478
1.666783 0.319532
-1.675650 -0.418629
1.663808 0.350155
-0.597955 -0.128699
-1.737659 -0.360390
-0.348247 0.101975
-0.571876 -0.086344
1.753676 0.184162
0.310553 -0.132397
-0.603368 0.111397
-0.610096 0.134531
1.948462 0.264057
-1.646860 0.036925
-1.656009 -0.088936
-1.746359 0.102186
0.347140 -0.328679
1.773115 0.104538
1.806292 0.125577
-0.532400 0.218390
1.755132 0.088396
-0.441547 0.449176
-0.275954 0.503042
0.436081 -0.528904
-0.348314 0.687323
-1.420967 -0.004756
-1.702271 -0.115748
-1.951451 0.034022
-0.573091 0.497250
-0.699616 0.694887
-1.552544 0.122763
0.558190 -0.704909
-0.438459 0.617410
-0.287258 0.669919
0.563598 -0.811483
1.913946 0.119107
-0.755462 0.883274
-0.210470 0.755290
-0.358801 0.718908
-1.666331 -0.132938
-1.659776 -0.121633
-0.223015 0.742516
0.273983 -0.796070
2.129629 -0.106619
-1.581304 -0.124285
-1.688258 -0.218300
-0.526145 1.106414
1.602221 0.076920
-1.806185 0.082971
-0.462750 -0.082598
1.572486 0.116834
0.285089 0.062024
-0.464145 -0.008387
1.644691 -0.029338
1.613900 -0.032041
-0.355127 0.077985
0.358208 -0.165398
-1.590950 0.156149
0.304080 -0.332982
-0.322661 0.342594
0.532701 -0.176284
0.233266 -0.262010
0.524978 -0.254484
1.585347 -0.158499
-0.380161 0.419863
0.347948 -0.293104
-1.780606 0.068139
-0.636924 0.320752
-0.614853 0.366419
-1.843964 -0.017096
0.267521 -0.542578
-2.025469 0.130024
-0.698404 0.647410
1.778533 -0.075619
1.811625 0.081705
-1.617897 -0.024195
-1.502695 0.062126
1.983285 -0.057899
0.353429 -0.583260
0.279968 -0.603110
0.782740 -0.579002
-0.537046 0.809418
-0.554820 0.861809
-0.328438 0.673167
0.718420 -0.915109
0.203296 -0.696805
0.396311 -0.707272
0.308322 -0.856505
1.654281 0.024058
-1.804579 0.227520
-1.706654 -0.234335
-1.764811 -0.158016
1.673340 0.080969
0.359590 -0.912431
-0.199132 0.796634
0.210898 -1.064168
-1.767547 0.089122
-0.364862 0.025173
-0.377584 -0.022064
0.258092 -0.018445
0.394323 -0.095490
-0.384748 0.191882
-0.466777 -0.055624
-0.601187 -0.097221
1.728160 0.089371
0.416308 -0.033707
1.613314 -0.080596
1.741551 -0.013795
-0.500359 0.281307
-0.223635 0.343138
1.766937 0.047630
0.602452 -0.223988
-1.574663 0.144749
-1.930218 0.026219
1.760545 0.061422
1.823338 0.122947
2.016961 0.080659
0.647913 -0.350672
1.926592 -0.018525
1.627396 -0.050938
-0.653229 0.611078
1.560427 0.017183
2.022661 -0.021550
-0.295842 0.563308
-0.242699 0.469393
-0.606299 0.655276
2.019051 -0.012680
1.876422 -0.080570
1.614497 0.116586
0.270208 -0.688136
1.845160 -0.130133
-1.855121 -0.223847
-0.373202 0.847621
0.275047 -0.610225
0.290145 -0.875556
1.963280 -0.067325
-1.921160 0.058860
-0.494539 0.934189
0.325343 -0.718312
-2.064537 -0.024672
1.946687 -0.228597
0.262405 -0.873828
1.721184 -0.083397
-1.622000 -0.185357
-1.859039 0.088789
1.616654 0.282872
1.653099 0.267858
-0.322220 -0.043830
1.710160 0.187286
0.437773 0.150544
1.596340 0.107980
-1.616635 -0.140029
-0.450245 0.148678
0.317116 -0.131207
0.373854 -0.347552
1.636906 0.034909
-1.647545 0.022562
-1.887675 -0.058555
0.498603 -0.085263
-1.576262 0.007867
-0.318515 0.360027
-0.335183 0.296015
-0.212297 0.410787
-1.830219 -0.121932
-2.022004 -0.152931
-1.605569 0.044742
-0.264920 0.482941
1.925764 -0.016732
0.574785 -0.554441
0.322647 -0.481890
1.811618 0.055822
1.753970 -0.046198
-1.740776 0.048926
1.965190 -0.014652
0.378888 -0.556577
1.936034 -0.163679
0.745421 -0.708021
-0.318048 0.698147
-0.534975 0.815037
-0.201628 0.678657
0.694030 -0.961616
1.564073 0.005279
1.776212 0.062267
-1.958926 0.158117
-0.274985 0.807977
-0.493079 1.041381
1.899021 -0.130192
1.725850 0.189221
-1.544462 -0.008871
2.058792 -0.165219
-0.344387 1.188557
-1.939562 0.211531
-1.690051 0.058734
0.435758 0.182857
0.307774 0.246331
-0.338578 0.030728
-0.357598 0.089073
-1.720874 -0.020917
0.503457 0.089487
-1.752402 -0.141051
0.578043 0.032336
-1.811128 -0.017356
-1.913144 -0.103210
-2.049632 -0.161383
-0.333454 0.335332
1.566927 -0.048322
1.836603 0.128467
-0.564554 0.277362
-0.345662 0.316951
0.437442 -0.291581
-1.504087 0.053194
1.695441 0.107906
-1.982899 -0.120526
-0.646714 0.379950
0.537753 -0.438418
-0.512044 0.508019
-0.738269 0.621403
0.610125 -0.532634
-1.693207 -0.133940
0.506671 -0.681871
-0.236244 0.624225
1.652048 0.110454
-1.614670 -0.008526
1.623416 -0.007978
-0.385909 0.605389
-1.977399 0.023150
0.317688 -0.732762
-1.895919 -0.123830
-2.014253 -0.079164
0.190177 -0.766098
0.611232 -0.935386
-0.623583 1.112635
0.553887 -1.027592
1.569070 0.060594
0.620747 -0.965605
0.336971 -0.909122
-1.874548 0.284824
1.710239 0.131298
-0.490759 1.130757
-2.075512 0.337714
1.607460 0.272129
-1.613051 -0.263456
0.391624 0.232860
1.613432 0.148826
1.607152 -0.091937
-1.628957 0.078664
1.657756 0.042713
-0.507587 -0.046031
-0.588755 0.050523
1.638004 -0.164655
-1.939637 -0.039273
-0.307361 0.256263
1.910591 0.165669
1.808374 0.022339
-0.284583 0.291620
0.594770 -0.354115
-1.732841 0.058465
0.652950 -0.259887
-0.600139 0.318848
1.641036 -0.011534
-1.937493 -0.141264
-1.662178 -0.011175
1.980482 -0.022827
1.939019 -0.022670
-1.616517 0.035388
1.534834 -0.081496
-0.514273 0.545547
-0.561550 0.652471
-0.519821 0.581611
2.011063 -0.088515
1.644647 -0.125423
-1.902036 0.220412
-0.716728 0.593221
0.696076 -0.806308
-0.352567 0.693988
1.869329 0.048718
-0.377003 0.789027
0.457069 -0.955689
-0.331049 0.732234
-0.552693 1.148944
0.294590 -0.762520
0.207514 -0.751062
0.636452 -1.094387
2.100560 -0.238367
-0.514026 1.142410
-0.628194 1.133900
0.192618 -0.938665
-0.071940 0.949442
-1.622957 -0.198431
0.342821 -0.075290
0.316816 0.210929
-1.577373 -0.071570
1.735716 0.148832
1.627661 0.025006
0.438725 0.038039
0.574872 0.054546
-1.621614 0.102173
-0.501890 0.062142
-1.924040 -0.003585
1.735633 -0.021230
-1.666145 -0.005312
1.823545 0.013470
0.592108 -0.190166
1.664931 -0.180984
1.581511 -0.025124
0.571029 -0.098520
-1.549783 0.135780
-1.635312 -0.040345
0.342426 -0.328202
-0.392282 0.429986
-1.948294 0.165876
1.893766 -0.078065
0.530781 -0.546915
-1.377935 -0.038959
-0.364937 0.483614
0.621530 -0.731580
1.843672 -0.088580
-1.948599 0.004223
0.612040 -0.686239
-0.493553 0.692780
-1.785752 -0.058254
0.273680 -0.722077
-0.573673 0.780644
-0.349834 0.677377
-1.657598 0.033073
0.212042 -0.702706
-2.033825 0.126401
-0.589503 1.128242
-0.268286 0.821945
0.399256 -1.064435
-1.957796 0.153266
-0.288151 0.981160
0.212801 -0.875359
0.602105 -1.161829
-0.172758 0.865926
0.498938 -1.378176
-1.727156 0.220140
-1.520961 -0.018948
-1.606394 -0.123033
-1.670430 -0.247054
-0.418190 0.049145
-0.452493 -0.060113
0.311999 -0.115445
0.365660 -0.028171
-0.376894 0.160001
1.648956 -0.045051
-1.911341 -0.134048
2.030866 0.192996
1.937762 0.175755
-1.580896 0.055664
-0.301641 0.256121
0.584270 -0.292514
1.568603 -0.088501
-1.565366 0.086488
-0.294693 0.398290
-1.638369 -0.045779
1.999342 0.231582
0.680064 -0.385533
-0.536882 0.527551
0.459307 -0.469236
1.426085 -0.078160
0.589635 -0.592499
-0.278361 0.519883
-1.980181 0.077545
1.785172 -0.099767
-0.604877 0.675433
-1.955203 0.098962
-0.240374 0.636194
-1.563399 -0.112935
0.268778 -0.706682
-1.852821 0.159845
0.694780 -0.754313
0.386391 -0.808160
0.522041 -0.904936
2.038844 -0.056665
2.066645 -0.244136
-0.523340 1.086921
-0.449845 1.079238
-1.988580 0.234910
-0.349308 0.930790
0.449415 -1.212458
-1.667751 -0.054050
-0.173053 0.816020
2.030629 -0.427424
-1.810859 0.183457
0.560862 0.119587
-0.259146 -0.074112
1.654385 0.151218
1.554867 -0.033426
1.625539 0.044136
0.316398 -0.053155
-0.559905 -0.057990
-0.427239 0.115877
-1.621598 0.143998
-0.627475 0.081814
-1.691141 -0.010796
-0.557307 0.188885
-0.239892 0.256261
-1.610744 0.001449
-0.615405 0.304351
1.496840 -0.036803
-0.391939 0.383368
-0.273915 0.427863
1.551347 0.075410
-0.619130 0.310985
1.552692 -0.023964
1.885491 -0.063097
-1.668397 0.112358
0.189942 -0.481288
-0.479587 0.499504
-0.548961 0.498717
-0.518066 0.600104
-1.470979 0.034029
-1.955087 -0.015196
1.646913 -0.172465
1.580420 -0.055182
-0.439563 0.523022
-1.620625 -0.106290
0.362057 -0.685623
-1.947750 -0.075168
2.016926 -0.131444
-1.779094 0.272758
-1.676140 0.002898
-0.126754 0.824642
0.532906 -1.047562
1.739995 -0.301074
-1.645517 -0.037754
0.686721 -1.166243
-1.612728 -0.014584
-1.980258 0.330043
1.587560 0.116827
1.960481 -0.338608
-0.422868 1.279015
0.453859 0.227726
0.302811 0.207565
0.333087 0.141365
0.493363 0.092829
1.592103 0.124131
-1.780832 -0.280714
0.432866 -0.078610
-0.373204 0.168165
-0.511394 0.024596
0.637485 -0.209803
0.606643 -0.109831
-0.535957 0.260184
1.596480 -0.073350
0.514100 -0.100780
-0.589278 0.189100
-1.528298 0.107708
1.607579 -0.040478
-0.612087 0.374925
1.812896 0.108965
1.683437 0.114296
0.452584 -0.342933
-1.634810 0.057828
-0.455215 0.570231
-0.237336 0.673391
0.533668 -0.605276
1.964662 -0.089257
0.358708 -0.620491
-0.279285 0.493789
-0.363198 0.634419
0.231806 -0.651420
-0.237998 0.609207
0.709280 -0.657760
-0.693140 0.759705
-0.344757 0.635776
-0.652897 0.765531
-1.930397 0.135994
-0.277973 0.686145
0.775908 -0.975095
-0.282851 0.838254
-0.589872 0.973558
1.555039 0.051289
1.657254 0.138619
-0.673736 1.171658
-1.529713 -0.002625
0.326575 -0.882762
1.720323 -0.242331
-1.638336 -0.020348
0.237771 -0.922226
-0.317858 0.039902
1.576563 0.073368
1.731647 0.207628
-0.384651 0.138388
-1.755089 -0.260304
-1.552657 -0.064333
-0.634429 -0.062699
-1.582455 0.033203
-0.519591 0.037517
0.683706 -0.210190
-0.265936 0.315299
0.343690 -0.343220
-0.181208 0.307986
1.805553 0.048886
1.619833 -0.117282
0.412851 -0.367911
1.571263 0.005677
-1.834717 0.036081
0.361318 -0.345192
-0.365360 0.375649
-1.884063 -0.032188
0.548027 -0.512557
1.910243 -0.107209
1.931697 -0.002276
0.597271 -0.574193
1.995216 -0.075677
-1.671031 0.034520
-0.233689 0.490227
0.581591 -0.784446
-0.314738 0.554548
1.847996 -0.209886
-1.840707 -0.120282
-2.015063 0.033995
-0.292500 0.675833
-1.553923 -0.116214
0.799285 -0.932073
0.612062 -0.814136
-0.701377 0.965095
1.678006 0.091713
-0.252774 0.947439
1.607731 0.037687
1.753217 0.108724
0.384406 -0.922237
0.177498 -0.826301
1.669430 0.158212
0.253944 -0.907560
1.999142 -0.284106
0.352533 -1.223967
0.470065 -0.064287
1.640961 -0.018046
-1.587420 0.054984
1.614449 -0.008097
1.762855 0.213660
0.282041 -0.070162
-1.732081 -0.180125
1.561558 -0.096354
1.827879 0.035520
1.772603 -0.045629
2.028683 0.165886
-1.968038 -0.130489
1.559391 -0.117545
1.828978 0.041646
0.654266 -0.219170
1.579170 -0.085983
0.330022 -0.260367
-0.286254 0.429436
0.241212 -0.249167
0.381224 -0.384773
-1.863988 0.040675
-1.973208 0.115668
-0.490835 0.559473
0.588828 -0.538074
-0.134971 0.336804
-0.530033 0.539570
-0.173223 0.547324
-1.519326 0.130023
-1.615427 0.029342
0.213941 -0.581838
-0.223024 0.659239
-1.815010 0.054500
-2.003352 0.127227
-1.512614 0.198936
0.598267 -0.810015
-0.583694 1.100810
0.460642 -0.908474
0.617056 -0.964325
0.576330 -1.092447
0.161639 -0.857383
-0.106582 0.843480
0.381170 -1.194238
-0.203784 0.979553
0.391209 -1.133983
-1.652909 0.060355
-0.221161 1.152588
-2.018315 0.589689
1.604125 0.001023
1.482824 0.123302
-1.598984 -0.098127
-1.655919 -0.350964
-0.351233 0.035352
-0.357658 0.075569
1.714841 0.214070
-0.386323 0.049436
-1.601288 0.084521
-0.477127 0.025188
-0.644025 0.155439
-0.329921 0.285129
0.601725 -0.177592
0.421344 -0.195933
-0.311700 0.313784
1.604413 -0.206930
-1.758638 -0.029648
-1.769221 0.004863
0.288693 -0.370461
1.620906 -0.017299
-1.735415 0.047681
0.434032 -0.388845
-1.633913 0.164056
-0.445763 0.633562
1.484773 -0.010465
0.564982 -0.596656
-1.648755 -0.017941
1.649189 -0.067526
-1.440536 0.117919
0.327992 -0.705052
-0.654030 0.672607
0.311195 -0.669447
0.401761 -0.640498
-2.032996 0.032465
0.243868 -0.681681
-0.624924 0.774485
-0.696447 1.000150
-0.196279 0.661254
1.629008 -0.035925
1.740268 -0.006616
1.568829 -0.037793
1.797080 -0.413221
-1.763189 -0.030098
-1.738687 -0.016408
-1.620872 0.115527
-0.415344 1.274211
0.138151 -0.896375
1.969915 -0.361989
0.195303 -0.874660
1.542483 0.102532
0.233990 0.025144
-0.467578 -0.185673
0.543477 0.147807
-1.769170 -0.309417
-0.474161 -0.073569
1.747873 0.187124
1.809821 0.103325
1.777341 0.045543
0.422874 -0.312717
1.641971 -0.003126
1.960101 0.198536
1.532008 -0.017911
0.571341 -0.139274
1.607509 -0.077188
1.723946 0.057854
-1.556014 0.075879
-1.844990 0.034733
-1.646320 -0.008985
2.045024 0.117052
0.681228 -0.327928
-1.980398 0.113882
-1.928160 0.166953
0.607508 -0.515944
-1.720011 0.015894
-1.734184 -0.029590
1.652271 0.005931
-0.302801 0.477216
1.635587 -0.044419
-0.653998 0.625206
0.588651 -0.717231
0.758456 -0.657776
0.291642 -0.622655
1.570581 -0.042362
-1.901958 -0.109157
2.013942 -0.054828
0.155262 -0.708425
-0.767279 1.008770
1.682541 0.065906
-0.586307 1.052639
-1.804766 0.207892
0.244307 -0.804918
0.335132 -0.898330
-1.578660 -0.021427
0.539889 -1.327052
-1.583457 -0.144678
0.397667 -1.342208
-0.233589 0.878326
-0.414208 -0.144955
1.659426 0.155159
-0.315665 -0.134549
1.747175 0.207730
1.681468 0.034086
0.305526 -0.113268
1.613227 0.120861
1.857273 0.129888
-0.333743 0.233938
-1.940655 -0.123318
0.324782 -0.326371
1.939586 0.216083
-0.229739 0.278855
-0.512681 0.124053
0.615337 -0.278181
0.556172 -0.203572
1.759265 0.076973
0.316539 -0.348350
-0.568355 0.249924
-0.436985 0.432245
-0.650291 0.366470
-0.572023 0.598922
-0.174272 0.559100
-0.597204 0.666437
