-9999 -9999
-0.451367 0.006434
2.799905 1.037652
-0.544666 -0.085821
-9999 -9999
1.833027 0.318481
-5.186849 -2.143116
4.243541 -1.016260
-9999 -9999
-0.883144 0.349277
-9999 -9999
-9999 -9999
-9999 -9999
-9999 -9999
0.614696 0.759609
-2.497255 4.431297
-1.022364 2.235352
-9999 -9999
-9999 -9999
-9999 -9999
-9999 -9999
1.132072 -0.040097
0.587973 0.111062
-0.339330 0.914974
0.218309 -0.095132
0.155730 -0.010764
-9999 -9999
0.060064 0.310143
0.736166 -0.142169
-0.144894 -0.015230
0.127451 -0.006268
-9999 -9999
-0.037345 -0.082336
0.079771 0.059366
-0.762991 0.055488
-0.727536 0.025431
0.342336 0.331905
-9999 -9999
0.261595 0.402366
-0.754272 -0.048102
-0.737550 0.027408
-9999 -9999
0.691182 0.004156
-9999 -9999
-0.666509 0.071841
0.927907 0.215396
-0.605366 -0.624386
-0.822714 -0.191169
-9999 -9999
-9999 -9999
1.016826 0.040406
-0.780363 0.077008
-9999 -9999
-9999 -9999
-9999 -9999
-9999 -9999
-9999 -9999
-9999 -9999
-9999 -9999
-1.082489 0.398265
0.529031 -0.163664
0.631102 0.276946
2.009399 0.998455
-9999 -9999
-9999 -9999
-0.859853 1.200956
0.694691 0.356542
-0.847506 -0.292307
-0.231391 1.080697
0.272461 -1.068725
-9999 -9999
0.560152 0.169110
0.732095 -0.093670
-0.153744 0.024077
0.027655 0.305087
-9999 -9999
0.188345 -0.033482
-9999 -9999
0.070163 0.363590
0.120831 0.105288
0.032434 0.145759
0.784947 0.024675
0.739242 -0.000636
0.734568 0.042294
-9999 -9999
-9999 -9999
-0.759902 0.019014
-9999 -9999
0.779412 -0.001573
-0.398468 -0.314420
-9999 -9999
0.720416 0.007651
-9999 -9999
-9999 -9999
-0.781699 0.012691
0.767972 0.027563
-9999 -9999
-9999 -9999
-9999 -9999
-1.296412 -0.494823
0.591290 -0.055688
-9999 -9999
-9999 -9999
-9999 -9999
-9999 -9999
-9999 -9999
-9999 -9999
1.024242 0.286394
-1.140923 -0.041420
0.602792 -4.946777
-7.330926 4.482162
-9999 -9999
2.107385 -2.817661
-0.164906 1.365536
-9999 -9999
-9999 -9999
0.370463 -0.107198
-9999 -9999
-0.057003 0.666079
0.614788 -0.278103
-9999 -9999
0.644197 0.039439
-0.201666 0.000258
0.218537 0.029248
0.723661 0.070900
-9999 -9999
-0.129107 -0.053834
-9999 -9999
-9999 -9999
-9999 -9999
-0.750556 -0.028001
-9999 -9999
-9999 -9999
0.765484 -0.029539
-9999 -9999
-9999 -9999
-9999 -9999
-9999 -9999
-0.688628 -0.202179
0.569439 0.369917
-9999 -9999
-0.832565 -0.329975
-9999 -9999
-9999 -9999
-9999 -9999
-9999 -9999
1.257331 0.240684
-0.570078 -0.167740
-2.147686 0.203152
-9999 -9999
-0.850056 0.556099
-9999 -9999
-1.615826 -0.065943
-9999 -9999
-9999 -9999
-9999 -9999
0.948085 0.264083
-9999 -9999
-0.963546 -0.500719
-0.561892 -0.581859
0.851362 0.261094
0.570157 -1.396706
-9999 -9999
0.854817 -0.051600
-0.569456 -0.010232
-0.881323 -0.089831
-9999 -9999
-1.523594 1.238681
-0.238015 0.061916
0.171078 -0.014426
-0.244038 0.018801
-0.222616 0.006356
-0.014109 -0.366478
-9999 -9999
-0.127925 -0.020211
-9999 -9999
0.115908 0.376700
-0.786825 -0.024737
0.124291 0.319980
-0.757469 -0.042123
-9999 -9999
-9999 -9999
-0.772029 -0.071189
-9999 -9999
-9999 -9999
-9999 -9999
0.659294 -0.005618
0.758249 0.089292
-9999 -9999
-9999 -9999
-0.946652 -0.121458
-9999 -9999
-0.785203 -0.045362
1.081559 0.510313
-9999 -9999
-9999 -9999
0.115308 0.046187
0.787744 0.326994
3.979497 2.931742
3.996588 0.031755
-9999 -9999
-0.637652 -0.525620
-2.397625 6.005503
-0.981503 -0.238796
-9999 -9999
-2.040487 4.808910
-3.455988 1.866086
3.002076 -4.553054
-9999 -9999
0.713035 -0.028786
0.181927 -1.466908
-0.808651 -0.220339
-0.427688 0.973476
-0.755776 -0.054140
-9999 -9999
0.616394 -0.981333
-0.738982 -0.014313
0.154210 0.014116
-0.204164 0.011080
0.255156 0.014004
-9999 -9999
-0.083529 -0.003535
-0.748018 0.039569
-9999 -9999
0.005211 0.076500
-9999 -9999
-9999 -9999
0.747152 0.013126
-9999 -9999
0.162840 0.440884
-9999 -9999
0.264972 0.400001
-9999 -9999
-9999 -9999
-9999 -9999
0.473263 0.291570
-9999 -9999
-9999 -9999
-0.636850 -0.741095
-9999 -9999
0.634872 -0.010585
-9999 -9999
-9999 -9999
-9999 -9999
0.566931 0.325312
-9999 -9999
-0.818262 -0.267217
-9999 -9999
0.789216 0.589827
-9999 -9999
-2.667221 6.174280
1.209684 -7.057364
-9999 -9999
-6.087616 4.982542
-3.980348 2.477572
-3.293588 4.694041
-9999 -9999
-0.797282 -0.297971
0.195036 -1.222187
-9999 -9999
-9999 -9999
1.935995 -1.413857
-9999 -9999
0.419204 -0.983011
0.019198 0.305519
-9999 -9999
-9999 -9999
-9999 -9999
-0.206224 0.038368
-0.091143 -0.029803
-9999 -9999
0.128594 0.348984
-9999 -9999
0.753143 -0.038884
0.099343 0.363685
-9999 -9999
-9999 -9999
-0.731704 -0.042188
0.180000 0.428197
-9999 -9999
-9999 -9999
-9999 -9999
-0.532915 -0.192156
-9999 -9999
0.753667 0.091423
-0.827232 -0.232843
-9999 -9999
-9999 -9999
-0.860173 -0.630111
-9999 -9999
-2.188934 -1.176007
-9999 -9999
-0.331922 0.261113
-9999 -9999
-9999 -9999
-9999 -9999
0.392865 6.964083
-9999 -9999
0.016594 0.003989
-9999 -9999
-1.783030 8.518816
-9999 -9999
-8.886806 0.249008
1.337316 -3.205420
-0.572627 -0.410092
-3.166684 1.187095
-9999 -9999
-9999 -9999
-9999 -9999
-2.189270 1.103746
-1.867309 0.265286
0.682052 -0.734157
0.703539 -0.170244
-9999 -9999
-0.705460 0.101485
0.196553 -0.040118
-9999 -9999
-0.123999 -0.340185
-0.754094 0.033506
-0.154451 -0.332483
0.176464 0.373740
-0.145209 -0.346453
0.049785 0.025903
-0.718722 0.082368
-0.293731 -0.392246
-0.721528 -0.004819
-0.726941 0.000444
-0.717330 -0.035731
0.767957 0.024356
0.381930 0.395608
0.731309 0.094634
-9999 -9999
-9999 -9999
-0.820932 -0.015879
0.563645 0.541035
0.638628 0.526443
0.928955 0.535765
-9999 -9999
-9999 -9999
-9999 -9999
-9999 -9999
-9999 -9999
0.033546 1.063825
0.427318 0.318857
-9999 -9999
-9999 -9999
-2.701927 5.969750
1.851472 -6.658859
0.105737 -0.453118
-9999 -9999
-9999 -9999
-0.779057 -0.466218
-0.998483 1.635067
-9999 -9999
1.868509 -1.648141
-2.819446 1.977288
1.651972 -1.378327
0.863287 0.100499
-0.499664 0.690176
-0.802445 -0.194894
-0.719958 0.107665
0.678774 -0.075682
-0.713233 0.091474
0.245360 0.002407
0.677696 -0.075661
0.690219 -0.030212
-9999 -9999
-0.123994 -0.348887
-0.192981 -0.376182
0.157938 0.347536
-0.125457 -0.405576
-9999 -9999
-0.308595 -0.375383
-9999 -9999
-9999 -9999
0.326156 0.341564
-9999 -9999
-9999 -9999
-9999 -9999
-9999 -9999
-9999 -9999
-0.864781 -0.336794
0.690165 0.127914
-9999 -9999
0.921259 0.305517
0.706733 -0.031191
-0.971898 -0.073082
-9999 -9999
-9999 -9999
-9999 -9999
1.290869 0.030491
-3.539208 1.763786
-2.110633 -7.130771
0.286660 3.514176
-9999 -9999
0.773226 -0.259434
-9999 -9999
3.735235 -5.675986
8.092203 -4.141388
0.998647 -5.105565
-0.636095 -0.284183
-9999 -9999
-0.631657 0.075357
-9999 -9999
-9999 -9999
-9999 -9999
-1.267923 1.418336
-9999 -9999
-0.729043 -0.021044
0.171922 -0.018628
-0.217062 0.030200
0.748300 0.017439
-9999 -9999
-9999 -9999
-0.697586 -0.004602
-9999 -9999
0.100270 0.370694
0.754545 0.025652
-9999 -9999
-9999 -9999
0.262426 0.394176
-9999 -9999
0.240323 0.405939
-0.753014 -0.023709
-9999 -9999
0.364000 0.333703
-9999 -9999
-9999 -9999
-9999 -9999
-0.682365 0.042321
0.727062 -0.034878
-9999 -9999
-9999 -9999
1.206955 0.468021
-9999 -9999
-9999 -9999
-2.101929 0.525772
-0.692660 -0.122152
-4.490169 -1.143919
-9999 -9999
-3.061412 -7.685365
-9999 -9999
1.369982 -6.149382
0.125005 -6.672925
1.096875 -0.256232
4.351241 -5.689386
-9999 -9999
-1.071744 0.067105
0.443346 -1.889343
-0.879487 -0.038389
-9999 -9999
0.900038 0.183638
-9999 -9999
-9999 -9999
-9999 -9999
1.168457 -1.548659
0.043100 0.319024
0.671584 -0.075432
0.224966 0.006523
-0.080289 -0.287681
0.047588 0.353876
-0.709063 0.025593
-0.161623 -0.001185
-9999 -9999
0.736478 -0.030154
-0.004746 -0.096384
-9999 -9999
-0.011712 -0.130067
-9999 -9999
-9999 -9999
-0.724333 -0.019862
-9999 -9999
-0.293822 -0.362277
-9999 -9999
-0.739765 0.142503
-9999 -9999
0.710018 0.048595
-0.791422 -0.404970
-9999 -9999
-9999 -9999
0.481051 -0.342918
-0.234697 -1.815918
-9999 -9999
-0.917611 0.975762
0.011682 -1.915374
-1.385473 -2.918694
-2.878683 3.402645
4.552426 8.264350
-9999 -9999
1.044702 -0.677247
1.630728 1.990866
-9999 -9999
-9999 -9999
1.775132 3.098398
-9999 -9999
-9999 -9999
-0.427564 0.793136
0.972921 0.882670
-9999 -9999
1.151029 0.623988
-9999 -9999
-9999 -9999
-9999 -9999
-9999 -9999
-9999 -9999
-9999 -9999
-9999 -9999
-9999 -9999
-9999 -9999
-0.676441 -0.220990
-0.126151 -0.003399
-9999 -9999
-9999 -9999
-9999 -9999
0.737910 0.023041
0.020223 0.072560
-9999 -9999
-9999 -9999
-0.780759 0.133246
-9999 -9999
-9999 -9999
-9999 -9999
-0.693349 -0.056452
-9999 -9999
-0.591705 0.375227
-9999 -9999
0.870439 0.038467
-0.723352 0.114217
-9999 -9999
-9999 -9999
0.848242 0.001626
-9999 -9999
-9999 -9999
-0.663464 0.193706
-0.762075 -0.812815
-9999 -9999
-9999 -9999
-9999 -9999
-9999 -9999
-9999 -9999
-9999 -9999
1.911220 -4.638497
3.565345 -3.232155
-2.510382 4.681269
-0.611796 1.539860
-9999 -9999
-9999 -9999
-0.432454 1.588793
-0.674750 -0.165110
-9999 -9999
0.743559 0.180176
-1.390495 1.379340
-0.731896 0.002112
-0.064041 -0.307610
-9999 -9999
-0.035773 -0.282423
0.690471 0.014269
-0.142295 -0.020513
-9999 -9999
-0.097993 -0.080118
0.082752 0.389775
0.138258 0.349489
0.052593 0.118648
0.732122 -0.000437
-9999 -9999
-9999 -9999
-0.201572 -0.432829
-9999 -9999
-9999 -9999
-9999 -9999
0.739543 0.046585
-9999 -9999
-9999 -9999
-9999 -9999
-0.696553 -0.186481
-0.768642 -0.621702
-9999 -9999
-9999 -9999
-2.651697 -0.837345
-9999 -9999
-2.036595 0.533498
-1.681650 -0.219475
0.623419 0.511924
-0.052890 0.326248
1.669496 8.508532
-9999 -9999
-2.765601 5.725651
2.046332 -6.700138
-9999 -9999
1.109253 0.277564
1.972722 0.847574
-3.049182 4.078737
-1.123794 1.563439
-0.623256 -0.299239
0.547485 0.193515
-9999 -9999
0.559757 0.122086
2.134936 -1.630680
-0.388544 0.694538
0.745920 0.223917
0.244236 -0.090423
-9999 -9999
-0.703061 0.106928
0.731637 -0.109650
-0.214913 0.100598
-0.696538 0.108410
0.128426 -0.010533
-0.129950 -0.050084
-0.730524 -0.030449
0.764944 -0.041463
0.731284 -0.032463
-9999 -9999
-9999 -9999
-9999 -9999
-0.236453 -0.400078
0.766034 -0.042980
-0.762144 0.002485
-0.359671 -0.314620
-0.745736 -0.002570
-0.793882 -0.118024
0.711384 0.065868
-9999 -9999
-9999 -9999
-9999 -9999
-9999 -9999
-9999 -9999
-9999 -9999
-9999 -9999
-9999 -9999
-0.713879 -0.199024
-9999 -9999
-9999 -9999
-9999 -9999
0.413647 0.367895
-1.229419 6.320189
0.842884 0.249367
-9999 -9999
-9999 -9999
-3.271624 2.938396
-9999 -9999
-9999 -9999
-2.242228 2.263899
-9999 -9999
-9999 -9999
-9999 -9999
0.005956 -1.036185
1.301851 -1.491514
-9999 -9999
-0.255287 0.090244
0.151606 -0.005330
0.686903 0.015354
-0.010293 -0.255460
-0.743816 -0.029451
-9999 -9999
-0.133829 -0.027496
0.102556 0.097330
0.143442 0.378465
-0.760566 0.007603
0.000651 0.112813
-9999 -9999
-9999 -9999
-9999 -9999
-0.227784 -0.468511
0.722499 0.010140
0.785344 -0.033370
0.387002 0.291484
-0.673608 0.098581
0.483444 0.348205
-9999 -9999
-9999 -9999
-0.966896 0.024403
-9999 -9999
-9999 -9999
0.982950 0.750644
-9999 -9999
0.684644 0.387994
-0.279452 -0.071377
1.919873 0.736733
-9999 -9999
-0.799208 -0.178537
-9999 -9999
-0.860880 -0.518210
-0.880605 -0.425645
3.808437 -6.221308
-9999 -9999
1.288047 0.812220
0.969442 0.817543
4.572637 -2.743107
-0.474832 -0.577594
-9999 -9999
-0.768645 1.158160
-0.888373 -0.591756
-2.227482 0.616591
-9999 -9999
-2.115051 -0.268690
0.640530 -0.382233
0.709770 -0.196870
-0.715267 0.165004
0.112043 0.255761
-0.106934 -0.248908
-0.745137 0.161615
0.095201 0.028380
0.738452 -0.153148
-0.749897 0.067098
-0.155314 -0.381597
0.132382 0.344693
-0.141773 -0.365100
-0.198434 -0.313450
-0.817377 -0.002245
-9999 -9999
-0.760780 -0.084908
0.705964 -0.033955
0.286809 0.360442
-9999 -9999
-9999 -9999
-9999 -9999
-0.504226 -0.512356
-9999 -9999
0.407221 0.637647
-9999 -9999
