0.009595 -0.260417
-9999 -9999
-0.887897 -0.013806
-0.995792 0.783919
-0.945856 0.873648
-1.055604 0.840808
1.120513 -0.758438
-0.874846 -0.049349
-0.799098 -0.109536
-0.908235 -0.058774
0.039561 -0.721220
-9999 -9999
0.852704 0.114325
-9999 -9999
0.868226 0.063852
-0.942858 -0.037857
0.208750 -1.173542
0.151128 -0.879900
-9999 -9999
-0.398393 1.396590
2.413766 -0.721209
-9999 -9999
-0.620612 1.358060
-9999 -9999
-0.360368 -0.523387
-0.276397 -0.391791
-0.406673 0.636858
-0.468187 0.662759
0.555957 0.902127
-0.795531 0.082388
0.451798 0.848650
0.833648 -0.034510
-0.608588 0.623669
-0.118081 -0.250614
-0.852951 0.102170
-0.320565 -0.711458
0.665839 -0.765209
-0.636431 0.718282
-0.094724 -0.084305
0.902630 -0.043810
-0.853636 0.046228
0.039750 -0.055399
0.802425 -0.702019
-0.756511 0.686751
-0.817929 0.715966
0.054089 -0.216169
-0.838477 -0.037176
-0.024695 0.196666
-0.940922 0.715479
-0.870562 -0.008724
-9999 -9999
-9999 -9999
-9999 -9999
-9999 -9999
0.848520 0.023521
0.860702 0.041649
-9999 -9999
-9999 -9999
-0.889027 0.028103
-1.303188 0.937353
0.929643 -0.039907
-0.777007 -0.081269
-0.878342 0.052932
0.957580 -0.063418
-0.050715 1.155063
-0.024950 0.928436
-1.720007 1.148461
-9999 -9999
-0.983068 -0.082037
-2.216455 1.164520
-0.880658 0.115528
-0.867228 2.105321
-0.460791 0.505647
-0.785690 -0.037547
-0.617720 -0.946982
0.826994 -0.008305
0.839394 -0.004385
0.413652 0.880143
-0.620077 0.598222
0.841393 -0.021729
-0.143650 -0.290384
-0.721190 0.641672
-0.075031 -0.159839
-0.088229 -0.114574
-0.328679 -0.803000
0.863854 0.064274
-0.876069 -0.018153
-0.150310 -0.665632
0.728113 -0.678710
-0.064597 0.034900
0.105635 0.630891
0.030459 -0.143431
-0.043434 -0.561375
-0.028015 -0.584412
-0.008576 0.207343
0.001928 -0.185945
0.873844 -0.032412
-0.014267 0.290395
0.876516 -0.080232
-9999 -9999
0.961507 -0.852234
0.939632 -0.066274
0.985317 -0.850141
-1.083299 0.769170
-0.835255 -0.000145
-9999 -9999
-0.879045 0.122248
0.819110 0.008580
1.432427 -0.907263
1.296841 -0.933876
-9999 -9999
-9999 -9999
-1.604327 1.148682
-0.729576 0.071816
-9999 -9999
-0.257671 1.457674
0.935894 0.023871
2.264545 -1.155554
-0.761208 -0.014984
1.316370 0.199212
0.397739 -0.516617
0.448758 -0.522678
-0.255214 -0.458968
0.875717 0.053870
-0.198792 -0.384147
0.823111 -0.022766
-0.344779 -0.871458
0.360346 0.877505
0.104973 0.245569
0.329978 0.833055
0.273896 0.829249
0.786276 0.044992
0.675124 -0.700006
0.825866 0.062537
-0.048195 -0.076488
-0.021055 0.010251
0.871623 -0.080202
0.015762 -0.048062
-0.122648 -0.578632
0.802204 0.021861
0.829329 -0.700796
0.040181 -0.154856
-0.870460 -0.016087
0.038260 -0.170408
-0.035185 0.288293
-0.917455 0.650385
-0.987962 0.811449
0.990091 -0.722422
-9999 -9999
-9999 -9999
1.116866 -0.788028
-0.840796 -0.028199
0.753903 0.060750
1.280256 -0.782039
0.870583 -0.039173
1.406179 -0.913471
-9999 -9999
-9999 -9999
-0.887827 -0.021430
-9999 -9999
0.026272 -1.078978
-9999 -9999
-1.796687 1.049648
-9999 -9999
-2.444685 0.904543
2.278621 -1.145458
-9999 -9999
-9999 -9999
-0.398221 0.524094
-0.453234 0.485827
0.428876 -0.581201
0.508475 1.002278
-0.150761 -0.360756
-0.801758 -0.016211
0.634558 -0.586835
0.657212 -0.646934
-0.111786 -0.253662
0.169290 0.221362
-0.270322 -0.762916
0.658513 -0.564204
-0.661894 0.671531
0.703027 -0.577765
0.079096 0.126143
-0.103912 0.005776
0.867837 -0.017577
0.852563 -0.658042
0.077467 -0.069175
-0.788365 0.575489
0.891742 0.007185
0.038295 -0.201694
-0.959848 0.618799
-0.940489 0.682060
-0.923696 0.742617
-0.021921 0.296594
-9999 -9999
0.889925 0.022108
0.862011 -0.053578
-1.028043 0.902403
-9999 -9999
-9999 -9999
0.840024 0.043641
-1.205880 0.893342
-9999 -9999
0.893469 -0.048708
1.479623 -0.793283
1.314034 -0.973666
-9999 -9999
-9999 -9999
0.840976 0.102218
0.069091 -0.870610
-9999 -9999
-9999 -9999
2.283244 -1.057119
0.823295 -0.002149
0.574358 -1.525052
-0.745146 1.971010
-0.713383 -1.027631
-0.213550 -0.438866
0.469168 -0.558786
-0.889930 0.026703
0.470161 -0.577758
0.849146 -0.001618
-0.402621 -0.926147
0.084435 0.222796
0.120652 0.273387
0.847836 -0.014137
0.107202 0.182762
-0.624690 0.573272
0.847931 -0.069042
0.218876 0.723758
0.036078 0.126640
-0.073968 -0.032498
0.066415 -0.055391
-0.839479 0.702584
0.073172 -0.023108
-0.850721 0.036537
-0.024702 -0.557214
-0.078949 0.121438
-9999 -9999
0.930673 -0.714888
-0.915601 0.708889
-9999 -9999
-0.032034 0.350797
0.837667 -0.011911
-9999 -9999
-1.071423 0.848472
0.871978 0.034187
-9999 -9999
0.762984 0.086807
-9999 -9999
1.318915 -0.835056
1.420684 -0.887019
1.535605 -0.839072
1.339789 -0.860878
-0.098880 0.985328
-0.846137 0.039513
0.036269 -1.139976
1.493005 -0.817611
-9999 -9999
-2.362578 0.872074
-0.892130 -0.091299
0.237574 -1.493569
0.704832 -1.685480
-1.153323 -0.411330
-0.731463 -1.097113
-0.753354 0.032216
-0.219731 -0.363364
0.562644 -0.584517
-0.524325 0.565451
0.818303 0.034672
-0.589508 0.589156
-0.609165 0.593104
-0.152772 -0.281490
-0.178610 -0.262040
-0.881350 -0.026892
-0.645073 0.573228
-0.886100 -0.028073
0.030556 0.057593
0.720630 -0.670125
-0.802924 0.621010
0.831425 0.048356
0.877232 0.054952
0.111374 0.636912
0.790999 -0.650490
0.908190 -0.675416
-0.070162 0.139746
-0.869769 -0.038457
-9999 -9999
-9999 -9999
-9999 -9999
-0.888228 0.922240
0.981098 -0.826639
0.805188 -0.106655
-9999 -9999
-9999 -9999
0.845139 0.014512
-9999 -9999
-0.895781 0.047478
-1.199880 0.963100
-9999 -9999
-9999 -9999
-9999 -9999
-9999 -9999
0.780479 -0.076714
-0.824533 0.055588
-9999 -9999
0.794211 -0.158005
0.167347 -1.371399
-0.089963 1.324240
0.979192 0.019867
-9999 -9999
1.236069 0.086483
0.828998 0.018246
0.831704 0.047977
-0.872927 -0.031124
0.515334 0.948957
0.144374 0.403338
-0.108797 -0.321470
0.313576 0.903245
0.655328 -0.631015
0.094589 0.256574
-0.910082 0.020315
-0.114141 -0.175530
-0.261493 -0.772356
0.912055 -0.059761
-0.043108 -0.110573
0.862416 0.006312
-0.821920 0.616868
-0.150992 -0.677631
0.044729 0.655951
0.794721 -0.686478
-0.791713 0.016172
0.881380 -0.032470
-0.965910 0.782692
0.849770 0.037005
-0.906624 0.049907
-9999 -9999
0.007853 -0.283857
0.945998 -0.858685
0.986431 -0.813034
-9999 -9999
-1.012838 0.870074
-9999 -9999
-0.842635 0.002005
1.192630 -0.762183
0.892962 0.013987
-9999 -9999
-0.816041 0.035765
-1.438603 0.835157
-9999 -9999
-9999 -9999
-9999 -9999
0.071697 -1.142384
0.752154 -0.008922
-0.864287 -0.046060
-0.911008 -0.120689
-0.955691 -0.078820
-0.896407 0.003546
0.871380 0.081230
-0.912017 -0.316589
-0.237579 -0.535241
-0.464147 0.513441
0.560591 1.058649
0.585406 -0.509511
-0.127385 -0.407550
0.591320 -0.545608
0.337452 0.931368
-0.358407 -0.839317
0.852054 0.024476
0.280104 0.862228
0.308303 0.844607
-0.785324 -0.010468
0.110929 0.084220
-0.729382 0.605709
0.747235 -0.655768
-0.155409 -0.680546
-0.163260 -0.671029
0.073764 -0.070337
-0.852134 0.680165
-0.060706 -0.540795
0.849737 -0.671581
0.083875 -0.161478
-9999 -9999
0.960059 -0.713482
0.842723 -0.055396
-0.905825 0.020057
-0.865602 0.081414
-9999 -9999
-9999 -9999
-9999 -9999
0.855032 -0.041427
1.119204 -0.829955
0.787737 0.046368
1.215809 -0.924372
-0.920316 0.052163
0.822223 -0.085904
0.860292 -0.062211
0.762841 -0.126636
-9999 -9999
-1.447228 1.188646
-9999 -9999
0.741881 -0.004474
-0.775248 0.092230
-9999 -9999
-0.254355 1.464061
-9999 -9999
-9999 -9999
-0.613773 2.316613
0.209811 0.539755
-0.554853 -0.947974
-0.428425 0.576035
0.607756 -0.598338
0.875178 -0.028141
-0.452471 -0.846627
-0.642577 0.672267
0.600011 -0.587598
0.849359 0.029692
0.120670 0.171403
0.640077 -0.610964
0.803133 -0.006890
0.098629 0.152323
0.071500 0.067188
0.895030 -0.042890
-0.873384 -0.007979
-0.881619 0.044222
0.043165 -0.018430
-0.113222 -0.554322
-0.095228 -0.564953
0.808534 -0.728501
0.965268 -0.796467
-9999 -9999
-9999 -9999
-9999 -9999
0.886375 -0.037543
-0.870015 0.035239
-9999 -9999
-9999 -9999
-9999 -9999
-9999 -9999
-0.003570 0.496136
0.834740 0.046967
-9999 -9999
-1.238644 0.996813
1.340910 -0.986233
-9999 -9999
-9999 -9999
-9999 -9999
-1.477660 1.157431
-9999 -9999
-9999 -9999
0.913411 -0.163175
-0.111244 1.397024
2.380368 -0.998672
-2.175841 1.106261
-9999 -9999
-3.552871 0.735755
-0.817973 0.015349
-0.448135 0.482160
-0.623907 -0.999867
-0.556417 -0.984817
0.844850 -0.016635
-0.425925 -0.858138
-0.107543 -0.258445
-0.109736 -0.227606
0.866193 0.030460
0.357220 0.832656
-0.621189 0.664437
0.601131 -0.576240
0.316693 0.702753
0.680128 -0.595937
-0.694703 0.668088
-0.029090 -0.039029
0.713975 -0.678523
-0.818911 0.703061
-0.013868 -0.001283
0.749173 -0.636694
-0.876070 0.008345
0.944158 -0.806490
-9999 -9999
-9999 -9999
0.958452 -0.743452
-9999 -9999
-9999 -9999
-9999 -9999
0.836989 -0.054244
-9999 -9999
-9999 -9999
-9999 -9999
-9999 -9999
-9999 -9999
-9999 -9999
-1.339530 0.929899
-1.491273 0.951658
-9999 -9999
-1.484657 0.999514
0.858005 -0.089518
1.758097 -1.097364
-9999 -9999
0.014908 -1.114854
-9999 -9999
-0.808695 -0.013756
-9999 -9999
2.658244 -0.631848
1.144637 0.426955
-0.812298 0.045477
0.222493 0.410916
-0.219478 -0.409888
-0.840532 0.006604
0.833630 0.016095
-0.409998 -0.846825
0.141487 0.267952
0.049069 0.188044
0.841055 0.025401
0.306883 0.828424
0.629655 -0.616262
-0.781714 -0.080896
0.856860 -0.061132
0.092891 0.076750
0.242853 0.691372
0.775122 -0.633766
-0.918478 -0.001659
-0.085545 -0.742592
-0.012357 0.082768
-0.782366 0.015320
0.856334 -0.705369
-9999 -9999
-0.879517 -0.030649
0.921643 -0.677343
0.848598 -0.064021
-0.899619 0.002407
-9999 -9999
0.873629 -0.068209
-9999 -9999
0.855799 -0.137310
0.959231 -0.046538
-1.067141 0.790936
-9999 -9999
-9999 -9999
-9999 -9999
-9999 -9999
1.473350 -0.941828
-0.863015 0.085756
-1.413577 1.063482
-9999 -9999
-1.685672 1.188483
-1.478391 1.008762
1.618278 -1.141240
-9999 -9999
0.904728 -0.146720
-2.309604 1.172312
-2.670701 0.798003
3.519722 -0.747451
-0.879678 -0.037279
-0.201942 -0.421459
0.883825 0.032531
0.869854 -0.016409
-0.545217 -0.893148
0.784019 -0.102686
-0.551662 0.657954
0.795228 0.016869
-0.891560 0.004410
0.152722 0.217281
0.839805 0.015756
-0.076911 -0.159684
-0.343348 -0.790872
-0.734300 0.642858
0.060471 0.054222
0.757566 -0.673887
0.679403 -0.766187
-0.124596 -0.703450
0.111782 0.547163
0.012918 -0.086833
0.794095 -0.758062
0.010601 0.554739
0.887767 0.033502
-9999 -9999
-9999 -9999
0.006774 -0.283391
0.928382 -0.034826
-9999 -9999
-9999 -9999
1.083402 -0.853077
-1.104451 0.919292
-1.138726 0.745400
-9999 -9999
-9999 -9999
-9999 -9999
-9999 -9999
-9999 -9999
-0.760821 -0.006217
-0.945260 -0.006969
-0.865108 0.053598
-0.045414 0.986561
0.081504 -0.941878
-0.820637 0.080916
2.305246 -0.972088
-9999 -9999
-9999 -9999
-9999 -9999
-1.013004 -0.485596
-0.268709 -0.611424
0.412937 -0.588401
-0.203352 -0.419367
0.528586 -0.636517
-0.462677 0.590479
-0.465900 -0.883255
-0.121645 -0.243848
0.120085 0.236945
-0.886875 -0.002068
0.329015 0.839596
-0.873315 0.028525
0.620773 -0.531128
0.363642 0.769599
0.800024 -0.045686
-0.229769 -0.695013
0.089234 0.020827
-0.768477 0.684302
-0.023239 0.054971
-0.825922 0.685322
0.843251 0.006678
-0.089756 -0.575654
-9999 -9999
-0.935674 0.657222
0.919755 -0.007104
-0.863733 0.015648
-0.864157 -0.022856
-9999 -9999
-9999 -9999
-0.023952 0.372939
1.040429 -0.862823
-9999 -9999
-9999 -9999
-9999 -9999
-9999 -9999
0.914838 -0.036732
-9999 -9999
0.124690 -0.741361
-1.325380 0.833698
-9999 -9999
-9999 -9999
-1.731803 0.954149
-0.763505 -0.061464
-9999 -9999
-2.550885 1.120470
0.229883 -1.355988
-0.162169 1.442743
-9999 -9999
3.778566 -0.481915
0.423683 -0.633639
0.147987 0.418153
0.231290 0.422973
-0.519858 0.644286
0.484593 0.975367
0.530900 -0.579023
0.374671 0.894099
0.116831 0.228872
-0.361915 -0.813207
-0.301527 -0.833864
-0.090181 -0.232748
-0.241684 -0.776117
-0.888498 0.038471
0.204797 0.708563
0.231636 0.744100
0.080571 0.002599
0.868161 0.000267
-0.940562 -0.045489
0.840506 -0.683833
-0.041435 0.105111
-0.016386 -0.534305
-0.007564 -0.576798
0.986660 -0.701668
1.012906 -0.715779
0.946251 -0.758707
-0.928962 0.757778
-9999 -9999
-9999 -9999
-0.844763 0.051990
-9999 -9999
-1.105942 0.917706
0.868252 0.040884
0.768188 0.043816
-9999 -9999
-0.005881 0.755471
-0.076377 0.756888
0.059119 -0.765828
-1.298614 0.865757
-9999 -9999
-0.874295 0.050669
-0.926296 -0.072062
0.025462 -0.964478
-9999 -9999
-0.923713 -0.029393
-9999 -9999
-0.109505 1.533611
-0.762942 -0.049565
-1.128099 -0.324287
0.792724 1.017346
-0.302762 -0.367003
-0.331947 -0.485438
0.184451 0.401809
-0.808428 0.049456
0.539035 -0.584365
0.198352 0.271672
0.615913 -0.657482
-0.396585 -0.832264
-0.652236 0.699480
-0.352813 -0.805580
0.584414 -0.578569
-0.614307 0.716892
0.219721 0.705568
0.853050 -0.061423
-0.777774 0.648527
-0.701467 0.700556
-0.055691 0.049028
-0.825610 0.042628
0.846287 -0.027205
0.005833 -0.108922
-0.035094 -0.593697
0.043761 -0.131806
0.929913 -0.048565
