0.225005 1.985773
-9999 -9999
-9999 -9999
0.885062 -0.089315
-9999 -9999
1.451618 1.206315
-0.958834 0.079690
-1.029454 -1.131343
-0.110121 -1.487822
-9999 -9999
-9999 -9999
0.059169 0.182117
0.105335 0.063629
0.047255 1.102717
-0.915292 -0.999043
-9999 -9999
-9999 -9999
-9999 -9999
-0.677521 -0.747687
-9999 -9999
0.524741 0.593398
-0.226132 -0.127334
0.442176 0.574772
-0.422412 -0.502286
-1.120463 -0.184066
1.340701 1.270331
-1.464231 -1.422752
-1.371921 -1.343248
-1.506424 0.024068
-1.067228 1.391197
1.608526 0.326518
-1.313168 1.532500
-1.053373 -1.823470
1.654092 0.163139
-0.959209 -0.110312
-1.998721 -0.729947
0.807407 0.036921
-2.555035 1.199811
2.661680 -1.216631
-2.213289 -1.023543
-9999 -9999
1.843770 1.028158
-0.950940 -0.018834
1.315738 2.061184
-9999 -9999
-1.060245 -0.079443
1.014000 0.018359
1.115680 1.905394
-9999 -9999
-0.220813 -1.672136
1.879378 1.172576
0.366331 1.679276
-9999 -9999
-9999 -9999
1.031916 -0.017951
-1.026268 -1.257249
-9999 -9999
0.007419 1.354218
-9999 -9999
1.042637 -0.081508
0.067053 0.094838
-0.064846 -0.201001
0.008449 0.247306
-0.087789 -0.180625
-9999 -9999
-9999 -9999
-0.089153 -0.075847
0.133479 0.196614
-0.458830 -0.563578
-9999 -9999
-0.488487 -0.551448
-0.138601 -0.177625
0.583974 -1.271384
-0.612364 1.140734
1.498218 1.380351
-0.753756 1.227305
1.619416 1.649528
1.484149 0.188880
-1.239218 -1.877351
1.246305 1.690557
0.966101 0.044509
-1.576519 1.519489
1.016218 2.119517
0.949783 0.032003
0.601671 1.991176
-2.535581 1.430820
-0.981679 0.075591
-1.003801 0.091466
-9999 -9999
1.799614 1.137167
3.031373 0.266876
1.348311 2.173230
3.012516 0.257879
-0.971830 0.018465
-9999 -9999
-9999 -9999
-0.236731 -1.876555
-9999 -9999
-0.201980 -1.827405
-9999 -9999
-1.060099 -0.027277
0.117630 1.529488
-1.247376 -1.097768
-9999 -9999
0.031755 1.462232
1.093282 -0.066648
-9999 -9999
-9999 -9999
-0.028729 -0.077120
-0.976421 0.105766
-9999 -9999
-0.996330 0.056926
-9999 -9999
-9999 -9999
-0.120845 -0.101094
-9999 -9999
-0.173985 -0.110623
-9999 -9999
0.489411 0.538917
-9999 -9999
1.166343 0.078379
-1.345784 -1.427878
-1.400383 -1.362518
-1.190674 -0.111511
1.461176 0.047672
-1.408748 -1.683348
-1.251305 -1.901401
-1.279625 -1.843374
1.520661 -1.533686
0.937613 -0.025581
0.983700 2.125599
-1.967946 -0.700263
-1.885757 -0.603108
2.055892 0.854530
-2.672147 1.090438
2.197536 1.103728
-9999 -9999
0.915240 -0.081413
-9999 -9999
3.143974 0.680816
-2.851644 -0.304223
1.010889 0.044618
-2.791896 -1.076334
-1.064281 -1.910662
-9999 -9999
1.822255 1.424488
0.289340 1.672373
-9999 -9999
-9999 -9999
-0.961294 -0.005803
-1.046425 -0.008073
1.038453 1.210689
0.075289 1.468472
1.007825 -0.016325
-9999 -9999
-9999 -9999
-9999 -9999
0.938153 0.825224
1.045501 -0.000178
0.866662 0.760762
-0.937846 0.009806
-0.666217 -0.847342
-9999 -9999
-0.957686 0.045551
0.957421 0.029436
-9999 -9999
0.531399 0.522128
-0.440008 -0.604484
0.609984 -1.245797
-0.617389 1.159523
1.550346 1.372955
-1.358419 -1.236677
1.051850 0.089121
-1.468453 -0.111644
1.555225 0.260665
1.233327 -1.581884
1.561084 -1.715610
0.968107 -0.031395
-1.145063 -2.069926
-1.000788 -0.145044
0.653924 1.992171
2.091808 0.708790
-2.039244 -0.871069
-2.897160 1.187354
-2.124939 -1.216911
-1.921863 -1.070456
-1.521089 -1.672068
-9999 -9999
0.949033 -0.027285
-9999 -9999
-2.729820 -1.017709
2.711470 0.750486
0.245160 1.863282
0.199013 1.580259
-1.010404 0.103716
-0.349819 -1.711367
-0.095641 -1.544356
-9999 -9999
1.319158 1.100716
-0.958017 -0.009637
0.106740 1.473253
-9999 -9999
-0.969625 -0.010248
-0.028015 -0.156802
0.866627 0.820800
-0.092558 -0.196483
-9999 -9999
0.816830 0.748314
0.703213 0.851406
-9999 -9999
0.121369 0.133085
0.962644 0.008094
-9999 -9999
0.593519 0.569267
0.489852 0.579973
-9999 -9999
-1.009082 -0.069879
0.996380 0.097886
-0.944095 0.015549
1.467174 1.203005
0.749718 -1.510808
1.002844 -0.050914
-1.628765 -0.178151
-1.651485 -0.078577
-0.948277 -0.017113
-0.942477 -0.009688
2.094596 0.370791
2.296449 -1.396702
0.957342 0.032565
1.967678 0.760730
2.640789 -1.215071
2.877735 -1.162952
-0.879419 0.224804
2.728335 -0.974215
-9999 -9999
1.336788 2.045302
-0.988937 0.079387
-9999 -9999
-2.780239 -1.107797
-1.179440 -1.907571
1.890746 1.560168
-9999 -9999
0.979409 0.028772
1.698379 1.284083
-1.529569 -1.295571
1.350299 1.195906
0.032304 1.414668
-0.952074 -0.033911
-0.994046 -0.032262
-1.055450 -0.025027
-0.897570 -1.085045
-9999 -9999
0.871271 0.879774
-0.936859 -0.854757
0.846445 0.916409
-9999 -9999
1.000383 -0.045515
0.669773 0.940299
0.143720 0.177743
0.986476 0.028262
0.214213 0.138792
-9999 -9999
0.464840 0.586354
-0.174035 -0.156328
-0.917337 -0.287407
-1.228160 -1.469051
0.851465 0.191753
-0.895801 -0.143171
1.443502 1.763985
1.523087 0.230640
-1.207282 -1.981263
1.120961 1.953344
0.929059 0.194137
1.651351 -1.292708
-1.046399 -0.058531
1.811374 0.825483
0.989412 -0.063858
0.324289 2.055761
-2.824817 1.098819
2.109066 1.137441
-9999 -9999
-9999 -9999
-1.368123 -1.834099
1.025190 0.017112
-9999 -9999
1.001670 0.123749
0.966558 0.018622
2.571463 0.972096
0.189384 2.002664
-9999 -9999
-9999 -9999
1.728963 1.125081
-0.963488 -0.028830
0.921600 -0.050832
1.372952 1.151303
-9999 -9999
-1.140183 -1.191318
1.106348 1.196286
0.962757 0.009669
-0.998045 -0.949955
0.029387 0.115300
-0.895112 -0.843311
0.882499 1.002286
-9999 -9999
-0.690257 -0.906693
-9999 -9999
0.691275 0.733309
-0.982364 0.015411
0.986641 0.049088
-1.030682 -0.016321
-0.870676 0.024055
0.446866 0.655200
0.998208 0.058924
1.034931 0.009444
1.243019 0.090299
0.679725 -1.242366
0.820382 -1.469723
-1.483592 -0.092590
1.397690 1.870366
1.633138 0.068006
0.981607 -0.001464
-1.566544 -0.081446
-1.954448 1.720621
0.510847 2.093801
0.598554 1.901995
1.055415 -0.054542
2.587791 -1.280534
0.901545 -0.207697
3.032256 -0.847986
-0.936880 0.049984
-3.111845 -0.164551
-0.939650 0.059388
1.432204 1.807576
-1.028749 -0.089625
1.162021 0.002034
-0.947973 0.144373
-1.055269 -0.086947
0.104162 1.653493
-1.030056 -0.040522
-9999 -9999
-9999 -9999
-1.028857 -0.029017
1.317441 1.212286
1.001140 1.243463
-1.208743 -1.093346
-9999 -9999
-9999 -9999
0.995423 -0.009617
0.813815 0.872587
-0.908869 -0.834171
-9999 -9999
-0.867026 -0.792870
-0.040895 -0.079591
-0.958139 -0.016095
1.053854 -0.019297
-0.569063 -0.649126
-0.470720 -0.597055
1.014158 -0.062721
-0.476032 -0.552805
-9999 -9999
-0.713504 1.138745
-1.216450 -1.462956
-1.200975 -0.313009
-1.222801 -1.466660
-1.507773 -1.800350
-1.240387 1.306998
-1.053503 -0.250939
1.559685 -1.501780
0.830895 1.910800
-0.855148 -0.180159
-2.190995 1.422407
0.278749 2.068206
-0.960717 -0.128698
0.327653 2.155532
1.001239 0.059095
-2.131210 -1.228065
-0.860361 -0.047266
-0.943282 -0.000815
-2.960512 -0.375917
1.097609 -0.055384
-2.991855 -0.518160
-9999 -9999
-0.728723 -2.073766
0.980231 -0.207759
-0.959561 0.002853
-0.995980 0.021908
-0.399607 -1.793619
-1.693245 -1.059339
0.978024 -0.076919
0.199190 1.466727
1.379593 1.109360
0.974658 -0.058383
0.022301 1.432760
-1.044322 0.120151
-9999 -9999
1.017255 0.932353
-9999 -9999
0.063316 1.121797
-0.978477 0.055625
-9999 -9999
-0.743193 -0.839974
-0.963055 -0.007931
0.110753 0.140890
-9999 -9999
0.553945 0.605576
-1.021062 0.070406
0.905294 -0.015033
-1.031839 0.065523
-0.637749 1.348600
1.334577 1.322623
1.493357 1.399567
0.994097 0.068814
-0.980382 -0.122955
-0.949342 -0.018439
-0.924721 -0.099988
1.651620 0.181586
-0.929638 -0.091571
-1.043589 -1.724648
-0.970564 -0.016313
-2.359194 1.315554
0.945805 0.024232
-2.560956 1.361085
2.692941 -1.303149
2.199502 1.078337
-9999 -9999
-0.140943 -1.818673
-3.037055 -0.203144
1.364065 2.052538
3.024273 0.272627
-9999 -9999
-9999 -9999
2.624325 0.811390
-9999 -9999
-9999 -9999
-9999 -9999
0.335525 1.752624
-9999 -9999
0.162890 1.464517
1.354557 1.133761
-0.950901 -0.052214
1.233193 1.163317
1.061373 -0.009138
-9999 -9999
1.030660 -0.068502
-9999 -9999
-0.972483 0.073353
-9999 -9999
1.003521 -0.029673
-0.015431 -0.114832
-9999 -9999
0.983497 -0.027658
-0.577822 -0.657608
0.998963 -0.019617
-0.247510 -0.115956
0.905248 -0.077978
-9999 -9999
-1.096103 -0.183230
-0.656462 1.005309
-1.254029 -0.104594
-1.314633 -1.302141
-1.526650 -0.093011
1.054801 0.040242
-1.542631 -0.295629
1.577881 0.106878
1.628187 0.126829
-1.613870 -0.219748
-2.050151 -0.554199
-0.530323 -1.987124
0.966310 0.016606
-0.999385 -0.026750
-0.930454 -0.077178
0.999143 -0.054660
0.876112 -0.041715
-0.005689 -1.930022
-0.901546 0.037717
-0.986180 0.050464
-0.987115 0.001336
-1.040348 -1.997665
-0.746123 -2.084871
-9999 -9999
-9999 -9999
-9999 -9999
-1.928990 -1.305079
1.713477 1.161961
0.042257 1.579666
-1.457215 -1.158093
1.271267 1.117935
0.947003 0.084447
1.012891 0.036754
-9999 -9999
-9999 -9999
-9999 -9999
0.783059 0.907727
-0.031467 -0.208219
-9999 -9999
-9999 -9999
-9999 -9999
-0.642407 -0.940945
-0.081590 -0.173769
-0.548927 -0.702006
-0.137733 -0.095430
-9999 -9999
0.456672 0.584572
-9999 -9999
0.982892 0.140725
-1.019382 0.000316
-0.922123 -0.036346
-1.095967 0.027259
-0.975974 -0.073811
-1.516397 -1.511504
1.330976 1.897543
-1.344034 1.601322
-1.463560 1.695329
0.926260 0.041314
-1.114053 -2.090233
2.347091 -1.337956
-0.667293 -1.915069
2.433546 -1.326888
-2.089018 -1.040533
-0.989351 0.171086
-0.865344 0.202660
-1.976320 -1.142681
-0.876160 -0.038667
3.014606 0.582476
-1.416305 -1.827025
0.931716 0.070535
-0.932220 -2.018175
-0.914510 0.024977
-0.146081 -1.953114
-1.068529 -0.014885
-9999 -9999
-0.968207 0.040760
-1.490943 -1.235437
0.972846 -0.006623
-9999 -9999
-9999 -9999
-9999 -9999
-9999 -9999
-0.978769 -0.093012
-9999 -9999
-9999 -9999
0.936443 -0.019844
1.040956 -0.025575
-0.957587 0.000090
-0.669473 -0.906910
-9999 -9999
-0.574678 -0.777003
-0.993057 0.046016
0.114657 0.139970
-1.015972 0.014903
0.480187 0.605972
0.077251 0.238384
-1.039780 -0.067306
0.567208 -1.045987
1.547384 1.304677
1.167171 0.064900
-1.683199 -1.437121
1.553285 1.549675
0.995869 0.064898
-1.388305 -1.770391
-1.524118 1.748263
1.090020 1.665687
1.061776 2.141444
-0.559253 -1.989216
1.851393 0.491829
2.171808 0.677774
-2.172794 -0.859750
-0.955937 0.092831
-3.081345 0.789813
2.682154 -0.991745
3.061592 0.235062
1.354661 2.044981
-0.949043 0.082049
1.032356 1.870675
0.814786 2.037192
-1.063723 -1.900104
-9999 -9999
-1.849934 -1.375680
1.028874 0.038651
1.684937 1.179347
-1.541719 -1.309637
-0.104368 -1.498890
-1.307902 -1.122099
-9999 -9999
-9999 -9999
-1.094989 0.038545
-0.907410 -1.102274
-1.001910 0.087594
-9999 -9999
0.035265 0.163782
-1.007731 0.033988
0.945002 -0.041506
-1.048039 0.042119
0.655589 0.907216
1.010805 -0.043761
-9999 -9999
-0.194624 -0.129728
-9999 -9999
-9999 -9999
-9999 -9999
-0.987729 -0.051692
-1.020465 -0.202399
-1.441489 -1.378066
0.952382 0.035190
-0.919866 1.386254
1.075149 -1.384411
1.652394 0.227049
-1.313363 1.539007
-1.658326 -0.173726
1.654080 0.199753
1.993502 0.439361
2.011064 0.582939
0.940360 -0.047475
0.499286 2.054335
-2.137355 -0.944938
2.888059 -1.122543
0.842868 -0.016129
-2.692489 0.793973
0.960752 -0.048021
1.270496 2.042207
0.975107 0.023421
-0.970552 -0.029179
-9999 -9999
1.076027 1.904987
0.307177 1.915343
-1.715335 -1.450959
0.251767 1.812954
-0.288417 -1.670180
-9999 -9999
0.889217 -0.032247
-9999 -9999
1.045768 1.239487
-9999 -9999
1.188560 1.183769
-9999 -9999
-9999 -9999
-9999 -9999
-9999 -9999
-9999 -9999
-9999 -9999
0.014055 0.153892
-9999 -9999
-0.104566 -0.091140
-0.958984 0.021821
-9999 -9999
-9999 -9999
0.851968 -0.101808
0.472647 0.654253
1.435274 1.598768
-0.984614 -0.102643
0.953534 0.093819
1.340946 1.263694
0.843101 -1.420462
1.492862 0.106682
-1.508377 -0.238601
-1.305563 -1.768459
-1.046354 -0.081190
0.879974 0.103372
2.134759 -1.607836
0.945499 0.048607
-0.554494 -2.003960
-0.415554 -2.101732
0.184376 2.079297
-1.053483 0.061808
2.970253 -0.663111
1.878719 1.045650
-9999 -9999
-1.013747 -0.057826
1.337906 1.665807
0.988446 0.019800
0.747847 2.090126
1.086556 -0.071666
0.224778 1.948942
-1.884063 -1.369324
-9999 -9999
-1.816741 -1.107361
1.466796 1.321593
-9999 -9999
0.002530 1.442469
-9999 -9999
-0.072038 -1.442279
-1.067187 0.064186
-9999 -9999
0.027479 0.217617
-0.840196 -0.911269
-0.034983 -0.173890
0.953804 -0.036464
-0.907965 -0.013441
0.730314 0.870206
-9999 -9999
-0.132386 -0.151081
-1.015439 0.012877
-0.966712 -0.011334
-0.603130 -0.482505
-0.931283 0.006651
-9999 -9999
-0.996566 -0.116660
0.968485 0.018562
1.294967 0.026148
0.937427 0.010877
1.760816 1.464885
0.985912 -0.009234
1.001375 0.058948
1.285251 1.746913
-1.639521 -0.089179
0.961996 0.014821
1.019029 2.042949
-0.544235 -2.075248
-0.651090 -1.832907
1.999385 0.782327
-2.035377 -0.814019
2.860059 -1.029888
-9999 -9999
0.993079 -0.111886
-1.389613 -1.743843
1.122655 -0.139605
1.422237 1.708526
-2.762106 -0.858517
-2.849488 -1.023217
-2.725641 -0.714356
