-1.242160 0.250017
-1.008935 0.022195
-1.202433 0.192340
0.922807 -0.231139
-1.037609 0.163693
1.042167 -0.328882
1.252047 -0.106629
0.966603 0.013379
-0.949934 -0.098652
-1.146527 0.054823
0.895056 0.014451
0.917704 -0.352487
-0.871722 0.178232
-1.039592 0.017958
-1.007819 0.110708
1.019425 -0.023138
1.090018 -0.227939
0.984764 0.078860
-1.124858 0.115908
-1.167624 0.094533
-0.964758 0.027403
-0.809098 0.154752
1.124410 -0.061856
-0.879828 0.133830
-1.283876 0.220310
1.089070 -0.359282
0.954449 -0.051071
-1.630275 0.203175
-1.283012 0.262790
-1.096235 0.070800
1.357284 -0.309340
1.177681 -0.065111
1.670793 -0.456768
1.445031 -0.202099
1.818877 -0.195881
-1.381320 0.084357
-1.546205 0.391486
1.140173 -0.331912
1.173455 -0.347362
-1.058250 0.091041
1.229555 -0.126307
-1.450851 0.304837
1.121120 -0.203285
-0.967960 0.067437
1.147037 -0.119923
-0.967876 0.139632
-1.059075 0.658977
-1.307020 0.380770
1.148351 -0.552079
0.959557 -0.187186
-1.206700 0.258103
0.903220 -0.288837
-0.966356 0.239856
-1.125924 0.180016
1.275595 -0.152163
0.961266 -0.003673
0.921492 -0.048093
-1.181487 0.183654
0.779599 -0.169081
-1.122960 0.237056
1.020533 0.001555
-0.821899 0.048497
-0.891371 0.050190
1.001620 -0.142568
1.025923 -0.170688
0.996449 -0.026976
-1.145259 0.225115
1.190519 -0.215035
-0.768152 0.158916
-1.110715 0.120375
0.917513 -0.224534
1.079149 0.046867
1.040505 -0.184265
0.934169 -0.171230
0.998650 -0.180645
-1.650057 0.190912
-0.985770 0.047286
1.369032 -0.360119
-1.312897 0.310248
-1.065919 -0.078769
1.106238 0.011320
1.158315 -0.029945
-1.706885 0.175630
0.852993 -0.096916
-1.104512 0.156682
-1.195805 0.376583
-1.130011 0.510045
-1.129265 0.391141
-1.170995 0.054075
-1.240835 0.060763
-1.049066 0.452826
-0.909161 0.285217
-1.100431 0.122149
1.122474 -0.114291
0.961783 -0.583560
1.380845 0.060162
1.164572 -0.114932
0.845587 -0.391732
0.992428 -0.455097
-1.113322 0.136855
-1.080331 0.140729
1.046959 -0.333831
1.095503 -0.326753
1.003900 -0.016987
-0.814624 0.246276
-1.056330 0.272999
-1.022313 -0.015494
-0.862110 0.476440
-1.061401 -0.052194
1.088854 -0.092146
1.078352 -0.055431
0.743485 -0.201128
-1.105070 0.092962
0.842536 -0.043072
-1.037595 0.214249
1.143050 -0.182558
0.730821 0.008709
0.970819 -0.063266
0.832688 -0.017741
-0.749351 -0.227638
-0.993638 0.137279
0.978264 -0.037714
0.994689 -0.138360
-1.184277 -0.151187
1.000916 0.008190
-1.165723 -0.115354
1.253048 -0.075523
1.102467 -0.062487
-1.684386 0.416649
-1.107557 0.019718
1.805891 -0.146842
-0.909276 -0.007779
-1.289510 -0.022828
-0.954675 0.098000
1.189829 -0.326655
-1.030716 -0.020830
1.268999 -0.250941
1.392897 -0.239777
-1.073588 0.451105
0.945816 -0.029971
1.172505 -0.025047
1.098902 -0.210212
1.084269 -0.203711
-1.266189 0.338990
1.157926 -0.210501
1.066962 -0.133940
-1.257904 0.125715
0.907862 -0.297879
1.189977 -0.056481
1.023825 -0.306039
0.982654 -0.396826
0.799334 -0.154311
0.910904 0.054641
-1.125709 0.200274
-0.976555 -0.011462
-1.112348 0.135820
1.002108 0.077306
-0.935385 0.078737
0.865309 0.001375
-0.781659 0.116999
1.095473 -0.071855
0.868642 -0.097159
1.228734 -0.234003
1.005756 -0.130972
-1.062202 -0.013613
-1.092484 0.071529
-0.883608 -0.006191
-1.065153 0.085554
0.931570 -0.104488
-1.050549 0.232467
-1.307344 0.418005
-1.154989 0.110376
-1.365402 0.345366
-1.375451 0.273018
1.303545 -0.347414
-1.255026 0.362798
-1.534646 0.537488
1.461109 -0.035718
1.662271 -0.150229
0.866611 -0.031432
-1.582102 0.514709
1.117630 -0.341221
1.136912 -0.122231
-0.977764 -0.060186
1.252450 -0.330243
1.349692 -0.179106
-1.113415 0.052194
-0.869552 0.350816
1.252173 -0.130611
0.991216 -0.168593
-0.987315 0.133184
1.449456 -0.254729
1.177505 -0.164098
1.098283 -0.109967
-1.087214 0.407516
-0.969869 0.236107
-1.054008 0.232895
0.929484 -0.400601
1.041172 -0.458893
0.672350 -0.171616
0.713885 -0.157139
-1.093286 0.150670
0.932604 -0.036030
-0.811894 0.451554
0.821245 -0.250510
-0.931174 0.191814
1.098501 0.016086
0.798780 -0.212042
-1.164594 0.166633
0.942008 0.040297
-1.087836 0.212393
-1.096574 0.139163
-1.045861 0.042448
1.111634 -0.021488
0.741770 -0.163196
1.085307 -0.115681
0.947633 -0.175369
-1.042489 0.438363
-1.008591 0.390019
-1.618758 0.377728
-1.298152 0.409941
-1.287090 0.354610
1.115255 -0.132681
-1.117750 0.265475
-1.518356 0.517584
1.402343 -0.314995
-1.214299 0.210724
-1.332740 0.303596
-1.229458 0.254892
1.049417 -0.449510
-1.181977 0.469036
-1.048304 0.408315
1.274253 -0.515246
-1.471654 0.317590
-1.004412 0.558611
0.899037 -0.230639
1.129890 -0.464897
1.175430 -0.065972
0.956433 -0.637584
-1.131089 0.320383
-1.295172 0.279802
0.782618 -0.318049
1.024738 -0.349975
-1.174831 0.025372
0.927221 -0.153779
1.005574 -0.419252
-1.165306 0.126349
1.015951 -0.040595
-0.773913 0.134540
1.106849 -0.202566
0.844492 -0.132038
0.853329 -0.478091
-0.884725 0.130200
1.139359 -0.203503
-0.795733 0.055994
0.789601 -0.247480
-1.026069 0.075618
-0.882192 0.075702
-0.949445 0.203912
0.793910 -0.186794
-1.101680 0.149828
1.090010 -0.122675
0.897505 -0.100800
1.123210 -0.191201
-1.015904 0.108464
1.165430 -0.214171
1.176815 -0.234324
1.087106 0.143987
1.346936 -0.214816
-1.151886 -0.055101
-1.454692 0.383139
-1.127009 0.044593
-1.095607 -0.006803
1.503658 -0.297875
-1.709302 0.095278
1.287907 -0.045919
1.610935 -0.344078
-1.026284 0.253452
1.141787 -0.122467
-1.041988 0.007323
1.262543 -0.260538
-1.307709 0.212101
-1.057471 0.136789
0.922597 -0.100531
-1.143508 0.068219
-1.119942 0.392121
1.244045 -0.061263
1.395154 -0.170557
1.188488 -0.057329
-0.882220 0.312598
1.098392 -0.319737
-0.883098 0.339916
1.008200 -0.140617
-1.151430 0.163332
1.218261 -0.125360
0.831815 -0.124376
0.948488 -0.039673
-1.133493 0.137180
-0.794830 0.233380
-1.149480 0.151980
0.770216 -0.192680
0.995079 -0.152829
-0.811665 0.083056
-0.879401 0.181467
0.944983 -0.302797
-1.020035 0.009525
-1.159141 0.221421
1.030411 -0.187538
0.742643 -0.124198
-0.900093 0.146931
-0.805395 0.105787
0.822836 0.067780
1.258235 -0.188637
-1.061643 0.264928
-1.282711 0.313015
1.183216 0.125058
0.884647 -0.027264
-1.058659 0.035911
1.069253 -0.100954
1.217606 -0.414508
-1.138654 -0.032751
1.518104 -0.111084
1.100632 -0.157026
-1.413491 0.122592
1.563931 -0.471331
0.993116 -0.124661
-1.069799 0.210966
1.089514 -0.164982
1.286546 -0.402853
1.452382 -0.286504
-1.061472 0.444289
0.988303 -0.167150
1.148974 -0.424069
-1.178711 0.301290
-1.093074 0.556252
1.340475 -0.185475
-1.347635 0.283729
0.827959 -0.104690
-1.142722 0.312530
1.068137 -0.091515
1.056088 -0.263136
1.105552 -0.345449
-1.084968 0.438561
0.901623 0.047050
-0.786409 0.211757
-1.032764 0.270421
-0.921272 0.012683
0.910283 -0.473550
0.862634 -0.103297
1.040470 -0.126592
1.011369 -0.060187
0.977496 -0.071391
-1.159559 -0.006504
0.890934 0.014338
-1.070794 0.058637
0.812529 -0.009654
-1.077686 0.086958
0.989799 -0.033534
-1.045597 0.054869
-0.828965 -0.221235
0.976152 -0.261841
0.896874 -0.309532
-0.926061 0.119677
-1.690312 0.343144
-0.969640 0.254053
-1.029905 0.035548
-1.416200 0.555645
1.115171 -0.121171
1.597731 -0.587186
-1.123795 0.228398
1.764220 -0.118922
1.375234 -0.149017
1.517328 -0.582056
0.946639 -0.173481
-1.124455 0.421904
1.061930 0.000148
-1.205363 0.049953
1.255036 -0.028343
-1.071741 0.484153
0.852022 -0.185183
1.119392 -0.285720
1.185004 -0.196833
-0.999605 0.122221
1.440398 -0.318721
-1.302220 0.049527
0.944810 -0.227238
-1.150617 0.373757
-0.894871 0.144883
-0.973129 0.207441
-1.033141 0.116292
1.047642 -0.266035
-0.828475 0.125172
-0.784635 0.112997
-1.122364 0.203023
-0.767488 0.231067
0.957576 -0.332510
0.807310 -0.136161
0.911405 -0.071154
-1.086357 -0.023556
-0.817999 0.183605
-1.018767 0.038412
-1.073459 -0.044156
0.980327 -0.220897
1.036850 -0.103682
-0.777554 -0.075445
0.942036 -0.090061
0.805471 0.027849
-1.142972 0.069081
0.969398 -0.101134
-1.060687 0.365475
1.314670 -0.453824
-1.277885 -0.003035
-1.033893 0.101790
1.114851 0.007950
-1.308257 0.523331
-1.097410 -0.014800
-1.622858 0.524180
1.050894 0.074250
1.274521 -0.147119
1.387752 -0.105087
-1.095261 0.151308
1.095885 -0.461904
-1.260604 0.313818
-1.047384 0.316204
1.254535 -0.001802
-1.197241 0.032777
1.108205 -0.484950
-0.860176 0.238083
1.160560 -0.441616
1.099662 -0.180130
1.107429 -0.169806
1.375382 -0.345707
1.119384 -0.385233
-0.946570 0.125010
-1.082260 0.376108
1.090213 -0.010476
-1.148906 0.052111
-1.273138 0.180927
1.145147 -0.134067
-1.108437 0.007474
0.918270 0.049865
1.148417 -0.042611
0.976971 -0.059518
1.119568 -0.208984
0.741044 -0.097067
-1.038126 0.165547
-0.858231 -0.058548
0.942245 -0.110170
1.108330 -0.171323
0.909067 0.097392
1.166224 -0.224098
-0.852813 0.113475
-0.763761 0.091692
0.979044 -0.047601
-1.000453 0.187886
1.135483 -0.122874
-1.308360 0.228918
1.017436 -0.116075
1.010483 -0.166851
1.234704 0.044420
0.954798 -0.058552
1.149620 0.016634
-1.232471 0.134952
1.185290 -0.419811
1.518296 -0.506905
-1.091193 0.035416
-1.128487 0.125469
0.815554 0.024388
1.542498 -0.283579
1.219352 -0.335169
-1.112978 0.084786
1.065835 -0.336260
-1.135788 0.470688
1.324535 -0.059482
-1.094975 0.220735
-0.922956 0.087378
-1.043228 0.315567
-1.102538 0.200208
1.242342 -0.612072
-1.048936 0.024745
1.069840 0.065318
0.991774 -0.042057
-1.166153 0.419964
-1.040739 0.071430
-1.249052 0.025170
1.062554 -0.145545
-1.223314 0.211162
0.999134 0.067038
0.885862 -0.038456
0.908361 -0.327006
-0.787549 0.164877
1.063856 -0.095984
-0.951188 0.149279
-0.917151 0.115981
-0.881335 0.062122
-0.879587 0.164651
-1.115879 0.142261
0.972763 0.034642
0.812023 -0.193995
1.055168 -0.071457
1.021086 0.028426
-1.029252 0.124737
-1.161411 0.046082
0.790860 0.083046
-1.415239 0.114760
-1.058437 0.142028
-1.336585 0.270928
-1.128293 -0.213115
-1.341605 0.188728
1.116947 -0.009857
-1.132983 -0.067033
1.055660 -0.065695
-1.576444 0.221997
1.170388 -0.059104
-1.716222 -0.053045
-1.392386 0.067044
1.560471 -0.342306
1.042612 -0.144707
-1.173086 -0.074439
1.031631 0.029726
-1.286390 0.338634
-1.514292 0.184399
1.078248 -0.230486
-1.014419 0.079214
-1.165622 0.004908
-1.186272 0.101302
1.158473 -0.113014
1.419501 -0.287894
-1.364932 -0.021446
-0.909688 0.294516
-1.216020 -0.015451
0.980096 -0.008479
-1.021060 0.097036
1.134061 -0.048231
-1.126943 0.221142
-0.813835 0.035734
-1.004803 -0.052156
1.113912 -0.119184
1.011284 0.114262
1.098426 0.033900
-1.071531 -0.045239
0.925924 -0.034909
-0.894243 -0.103343
-1.007197 -0.136516
-0.972173 0.064143
0.787879 0.061547
0.893541 -0.027681
-1.110700 -0.026950
-1.029379 -0.167849
-0.909839 0.129715
-1.118136 -0.062850
0.831561 0.232114
1.030226 -0.097996
1.103033 -0.249846
-0.981898 0.067296
1.093392 0.164458
1.058625 -0.046871
1.028582 0.057129
-1.376338 0.340343
1.352070 -0.381062
1.550772 -0.399473
-1.469866 0.229160
1.230019 -0.010307
-1.371865 0.052103
-1.192685 0.072285
1.033491 -0.082610
-1.213290 0.240170
-1.162161 0.114030
-1.254787 0.380209
1.174368 0.070482
1.111612 -0.035039
0.934953 -0.105620
1.224113 -0.266488
1.182929 0.086334
1.200361 -0.547822
1.419923 -0.051585
1.293068 -0.205435
-0.993544 0.073448
1.016191 -0.368139
0.963737 -0.102852
-0.915116 0.235435
1.131439 0.001976
1.021702 -0.335882
0.950444 0.005351
-0.838259 0.246776
-1.094974 0.307972
-0.817777 0.088928
1.081085 -0.225115
-0.832077 0.105400
-1.055448 0.124109
1.098203 -0.140521
1.059370 -0.077967
-1.064151 0.207507
-0.982877 -0.050809
1.209244 -0.204847
-1.126015 0.100128
1.021075 0.012172
-0.905054 0.169238
-0.750393 0.127497
-0.874334 -0.157052
-1.377251 0.103091
1.112287 -0.269704
0.996415 -0.127449
-1.113105 -0.138203
-1.295128 0.230076
1.403477 -0.322144
1.225703 0.027971
-1.257948 0.350642
1.733764 -0.452517
1.146680 0.159398
-1.256094 0.123879
1.394505 -0.066678
1.688995 -0.332419
0.985029 0.036828
-1.259929 0.370214
-1.112893 0.369239
1.216074 -0.041696
1.143668 -0.074441
-1.088133 0.303639
0.936534 -0.061776
-1.210219 0.326730
-1.019516 0.037826
-0.948864 0.075355
-1.101714 -0.050946
-1.365517 0.235245
0.901650 0.008062
1.108554 -0.141075
-0.945857 0.161343
1.169991 0.088182
-1.119095 0.375379
1.068460 -0.220997
0.969688 0.094221
-0.769537 0.103691
-1.164420 -0.000717
1.023615 0.157254
-1.202598 0.155504
0.898286 -0.097011
0.861010 0.117296
0.841692 -0.081184
-1.071905 -0.064380
0.968067 0.041952
-0.947224 -0.086774
0.926840 -0.130103
1.047983 0.031763
1.037556 0.135459
-0.907820 -0.009047
-0.991577 0.112167
0.877580 0.128978
1.424512 -0.300642
-0.916378 0.019066
1.025253 -0.080468
1.164921 0.127395
-1.325089 0.221166
1.245314 -0.295973
-1.338887 0.283266
-1.112411 -0.066240
1.072395 -0.008012
1.130340 -0.065282
-1.146609 -0.028314
1.285628 -0.086784
1.199760 -0.033727
-0.996680 0.048892
1.201837 -0.359264
-1.085543 0.278452
-1.211787 0.326302
1.349482 -0.169876
1.143870 -0.204381
0.947925 -0.327734
-1.091511 0.395631
-1.240542 0.285096
-1.127704 0.541823
1.294456 0.131244
1.155778 0.094215
0.861290 -0.303405
-1.246018 0.258523
-0.935904 0.241071
-0.945165 0.152190
-1.028741 0.273116
1.141276 -0.050770
-0.773045 0.102711
0.966136 0.098007
0.939139 -0.419508
0.755659 -0.171913
-1.125242 0.219564
0.824568 -0.060171
-0.826602 0.125655
1.093352 -0.062553
1.029892 -0.084657
0.992206 0.000037
-0.847204 -0.054337
1.134839 -0.256262
-0.871234 0.170327
-0.834049 -0.048256
-0.939244 0.094037
0.777568 -0.047291
-0.910267 0.020537
-0.960368 0.025432
-0.997050 0.289141
-1.328757 0.379530
1.672184 -0.165299
-1.311964 0.175921
0.998520 -0.015003
1.443372 -0.307327
-1.196257 0.283810
1.051688 0.056030
-1.548954 0.130329
1.688421 -0.143279
-1.379695 0.118457
1.581449 -0.255157
-0.980033 0.075981
1.236758 -0.378999
-1.033719 -0.028833
1.284899 -0.241260
1.452680 -0.302704
1.107806 -0.277981
-0.957639 0.114031
-1.034481 0.190899
1.173056 -0.378329
-0.958278 0.122525
-1.179346 0.100163
