-1.262757 1.305500
1.143395 -1.136690
-2.222160 0.441902
1.286219 -1.316384
0.415331 -1.314099
-1.672807 -0.137688
-2.786668 0.805310
1.085682 -2.239636
-1.312436 2.206902
-1.535161 -0.279064
2.388733 -0.506274
1.562668 0.021976
-0.761213 2.362644
-0.153799 1.931850
-0.244346 1.239610
-9999 -9999
0.259836 -1.435561
0.322078 -2.535250
-0.607412 2.590608
-0.202547 1.865196
-2.408635 0.431799
0.381496 -1.294194
-1.957350 0.873337
1.675517 0.019097
-0.962442 1.031677
1.471919 -0.148007
-1.382064 -0.003685
1.839771 -0.087739
0.938293 -0.980244
0.886787 -1.065514
-0.760096 0.923284
-0.940436 1.022581
0.399915 -0.892800
-1.948165 0.226317
-2.159997 0.199205
0.966439 -1.262006
1.364287 -0.073812
1.351198 -0.012935
-1.373818 -0.024656
-2.097840 0.172183
1.008249 -1.157370
-1.008398 1.185520
1.273747 -1.106595
-1.218391 1.039551
-0.594816 1.213799
1.535302 -0.008435
-0.787571 0.991362
0.793062 -0.892362
1.365148 -0.065160
-1.171516 1.138271
2.169254 -0.495490
2.170589 -0.170754
1.225461 -1.598520
-1.423371 0.005088
1.678554 -0.122357
2.584106 -0.950259
-1.395630 0.047519
1.589306 0.049383
-0.217660 1.379685
-0.292389 1.240755
-1.388045 0.069175
0.194546 -1.819213
-2.219327 0.743629
1.239651 -2.483041
-2.430018 0.751050
1.170838 -0.159650
-1.422955 -0.006765
1.657453 -2.870960
-1.164748 2.449303
1.322151 -0.041376
-0.714194 2.467080
0.054436 -1.716189
0.358081 -0.904114
-0.920142 0.854943
-1.415590 0.027006
1.851383 -0.052248
-1.385180 0.044693
0.223462 -0.965753
-1.944005 0.169960
1.417705 -0.074752
0.398307 -0.977881
0.838523 -1.191602
2.102323 -0.125721
-0.388808 0.984053
-1.044555 0.967166
0.917724 -1.050793
-1.063990 1.189336
0.366275 -1.022420
-0.428496 0.990161
1.481533 -0.003051
0.507262 -1.036896
-1.443529 -0.005958
1.258506 -1.382670
2.043766 -0.054776
-1.406842 1.078822
1.563202 0.077035
1.412860 0.016966
-1.160212 1.220404
-2.262379 0.446360
0.575163 -1.234433
-2.329841 0.379681
-2.486304 0.307829
0.185437 -1.626598
1.235839 -2.042783
-1.400288 0.000779
2.631717 -0.092508
-1.373447 -0.203181
-1.429710 0.003737
-2.225813 1.147994
0.058886 -1.729900
0.287882 -1.360695
-0.083965 1.786701
-0.123680 1.532534
-0.436942 2.426308
1.441149 0.225528
1.729156 0.207434
-1.456894 1.989229
-1.352865 -0.051032
1.972035 -0.871865
0.663257 -2.505240
-1.401402 0.216793
0.471284 -0.816706
-1.673458 0.242215
-0.314158 0.823901
0.851946 -1.016107
0.198703 -0.972312
0.171335 -0.782901
0.238606 -0.966126
-0.326045 0.948545
0.806199 -1.141282
0.877653 -1.254168
0.903720 -1.261669
0.369784 -1.039628
-0.900290 1.081865
1.035798 -1.180625
0.958778 -1.281053
2.035668 -0.188991
-1.054332 1.171669
-1.243915 1.134167
-0.581472 1.001744
-2.173325 0.306728
0.710688 -0.986528
0.816521 -1.015680
-0.788461 0.942208
-2.019709 0.310884
-0.594043 1.018477
-1.426503 -0.009238
1.363421 -1.417687
2.238214 -0.300990
-1.532624 -0.078674
0.310328 -1.485878
-0.140572 1.464013
1.327319 -2.081046
0.512118 -1.316333
-1.471764 -0.091741
-1.484748 -0.040466
2.163059 -1.125830
0.304561 -1.808011
-1.623768 -0.145271
2.677026 -0.876927
2.526387 -0.725655
2.008811 -1.142829
-0.691145 2.227663
-2.686498 0.949059
-0.452965 1.420033
1.139957 -1.680026
2.120092 -1.175938
2.121187 -0.888118
0.928526 -1.090698
-0.421706 0.915594
1.391899 -0.100381
-0.309724 0.740902
0.819244 -1.091982
1.376144 -0.052276
-0.685026 0.927224
1.456134 -0.137397
0.893878 -1.139244
-0.856684 1.098408
-0.867432 1.170816
0.353977 -0.923546
2.053087 0.016321
-1.984846 0.059702
-2.186937 0.071665
2.004997 -0.089870
2.055164 -0.201997
-1.447929 -0.089961
1.475463 0.045609
2.110320 -0.137014
-1.237293 1.360304
2.032945 -0.076825
1.415536 0.127578
-0.797836 0.809291
-1.444828 -0.189069
-0.641552 0.845328
0.458145 -1.022972
1.390883 -0.000747
0.411655 -1.216309
-1.500611 1.610639
-1.672406 0.020213
-1.120066 2.117289
-2.860441 0.515319
1.573201 0.264042
-0.405811 1.227457
0.334539 -1.329937
-1.540592 0.016128
-0.092192 1.875043
1.099191 -1.973058
1.799111 0.110413
-1.152067 2.068892
0.563504 -2.359713
2.104640 -0.878799
0.124747 -1.924399
1.477549 0.420529
1.872451 -0.156014
0.833161 -2.346477
-2.633716 0.927524
0.920419 -1.066721
-1.872040 0.170974
-1.397332 0.018938
1.767600 -0.062809
0.243791 -0.963928
-0.234419 0.962609
-0.265006 0.846443
-1.418502 0.015552
0.922484 -1.163486
-0.825095 1.115522
-0.255045 1.003146
-0.391870 0.968956
2.032680 0.126774
-0.919365 0.971497
1.395059 0.147761
-0.371126 0.998434
1.060546 -1.096479
-0.542430 0.898343
-1.306753 1.014747
1.436001 0.041940
-2.285021 0.209733
-1.369091 -0.077025
-1.574046 1.000268
-1.465957 -0.002529
-2.093921 0.293549
-0.544447 0.980419
-1.092711 1.725744
-1.467178 0.008525
-2.225983 0.410842
-1.460146 0.012598
-2.762662 0.792609
0.050979 -1.433692
1.394962 -0.262190
2.550934 -0.330722
-0.146647 1.416504
-2.272088 0.810961
2.207976 -1.379134
-1.505807 2.740503
-1.310723 0.124692
-9999 -9999
-1.012182 2.146869
-1.271666 0.209478
1.595247 0.010237
0.052678 -1.874514
-2.511650 0.498072
0.791415 -1.735672
1.918945 -1.116544
1.678768 0.068244
1.415332 -0.123700
0.883504 -0.920790
-1.703090 0.171674
-1.834578 0.083607
-0.208627 0.920712
1.455871 -0.079624
0.214679 -0.820471
0.172340 -0.955030
0.278361 -0.897322
1.997497 -0.221891
-0.205106 0.992063
-0.868731 1.240610
0.372625 -1.054982
1.988016 -0.130281
-1.448665 -0.010985
-2.059700 0.243769
-1.492912 -0.030792
-0.434575 0.982672
-0.552569 1.070529
1.455058 -0.126878
0.521294 -1.143722
1.989924 -0.114373
2.119980 -0.079028
1.289145 -1.064248
1.229992 -1.196483
-1.233587 1.084873
1.090863 -1.486030
-2.181743 -0.018205
-1.261027 1.561211
0.571977 -1.280129
-1.792904 -0.127222
1.482490 0.078170
1.327650 0.037389
-1.459913 -0.399878
-1.383524 1.743515
1.570224 0.187834
0.945686 -2.316888
-1.862195 2.454824
-1.325349 -0.157390
0.320724 -1.743934
-2.536949 0.379826
-0.814279 2.404323
-9999 -9999
0.190642 -1.922079
-1.470307 -0.516340
-1.281819 -0.237056
0.938798 -2.468460
2.533656 -0.602759
1.397642 -0.126868
-0.491564 0.830249
0.393263 -0.746529
-1.382243 0.048312
2.072328 -0.221109
0.911128 -1.147430
1.337940 -0.140163
-1.376567 0.063501
1.486195 0.065152
0.227381 -0.871538
-2.153737 0.173854
0.953774 -1.260727
1.080359 -1.019424
0.347628 -0.930368
-2.228595 0.126722
-0.999431 1.229392
1.048997 -1.124639
-1.400897 -0.096155
0.629671 -1.059905
1.417932 0.025277
-1.327839 1.334413
0.775549 -0.940935
0.792673 -1.005296
-1.431343 -0.039471
-0.632096 0.920014
-1.339832 -0.072230
2.178446 -0.400353
1.393997 -1.340787
-1.462287 -0.177386
1.444398 0.027242
0.234590 -1.388914
-1.447904 -0.059563
1.464989 -0.082293
-1.537799 -0.055793
-1.477182 -0.064469
-1.018883 1.867519
0.110178 -1.247141
1.811498 0.016717
-0.289207 1.347310
-0.162557 1.945225
-1.069342 2.038862
-0.604380 2.227761
-0.133973 1.292100
-0.060909 1.632696
1.134444 0.270738
0.568182 -1.486532
-1.961039 1.038135
1.556619 0.047573
1.914962 -0.294776
1.847574 -0.157393
-0.690556 0.818104
-1.415129 0.042569
0.804731 -1.038304
-2.119280 0.156854
0.233104 -0.813379
-0.884965 1.056637
2.126556 -0.220981
1.502476 -0.056402
-0.189655 1.008601
1.379852 -0.009918
-0.386802 0.949739
1.308305 -0.089527
1.039762 -1.202815
-1.424598 -0.031793
-1.043102 1.120160
1.032481 -1.147402
-1.475180 0.034203
-1.398880 0.016818
0.574615 -1.167696
-0.739937 0.886986
1.507473 0.139272
-1.377653 -0.077120
1.973300 -0.156539
-1.922072 -0.027294
0.425842 -1.033395
2.187778 -0.008007
-1.266466 1.622961
-1.560036 -0.115618
0.368836 -1.590047
2.496094 -0.767270
2.649807 -0.875174
-0.580582 1.553166
2.350381 -0.467865
-0.302268 1.188320
-9999 -9999
-0.177635 1.988281
-2.264580 0.564601
-3.095810 0.899675
1.479120 0.173852
-9999 -9999
0.756837 -2.432045
0.347557 -1.778111
-1.213489 -0.448966
0.361994 -1.276272
-9999 -9999
1.598105 -0.140985
-1.974161 0.156469
-0.522085 0.779393
-1.750300 0.147888
0.831735 -0.812905
0.278967 -0.908651
2.111027 -0.075173
0.754369 -0.889502
-2.067093 0.071885
-0.387048 0.887711
0.275164 -0.829795
0.293204 -0.979970
-1.986297 0.171024
-1.048847 0.980199
1.358152 0.029903
2.187197 -0.050254
-2.084155 0.103631
-1.021621 1.165932
1.428067 0.099490
-1.412174 -0.132952
1.413489 0.026621
1.462237 -0.037596
-0.744743 0.909254
-1.451988 1.042082
0.927791 -0.913627
1.112111 -1.239986
1.869441 -0.080616
1.179302 -1.582260
-1.427979 1.267302
1.394586 -0.003567
-1.554211 1.544557
2.939058 -0.664634
-2.497771 0.681591
0.195478 -1.483545
-0.414875 1.332253
-1.429464 -0.121959
1.311823 0.092453
1.004565 -2.376093
-3.108827 0.601629
1.356082 0.082188
-2.967917 0.756673
1.480507 0.194884
-9999 -9999
-1.460390 -0.293242
-1.768184 2.484181
1.381327 -2.000561
2.113631 -0.273875
0.132923 -1.306524
0.425732 -1.542743
1.974844 -0.348980
-1.835242 0.175355
1.376199 -0.064245
-1.809158 0.155454
-0.821797 1.019430
-0.150203 1.022550
0.723658 -0.984090
-0.839895 1.017760
-0.352470 0.974198
-1.396439 -0.044078
-2.172712 0.134069
1.957250 -0.265318
0.422732 -0.947186
-0.882222 0.977542
-0.314080 1.035356
2.086459 -0.156998
0.490503 -1.011068
1.423883 0.013784
1.273485 -1.101648
-2.031613 -0.024581
-0.615489 1.064762
2.041254 0.043407
-1.353783 -0.053982
-1.346308 0.861599
-0.505231 0.922003
1.142580 -1.122463
-1.366596 -0.188844
0.571453 -1.174253
1.255906 -1.629853
-1.365935 1.726256
-0.250201 1.472771
2.550455 -0.653530
-1.474254 0.105251
0.424786 -1.388274
1.428182 0.143509
-2.304291 0.499307
-9999 -9999
-0.297899 2.128829
-0.114605 1.470477
-1.305942 2.543398
1.202231 -2.096472
0.395240 -2.259070
-0.717462 2.329971
1.778165 0.202159
2.440846 -0.218962
0.954132 -1.477497
1.924614 -0.935696
-0.236061 1.890220
-1.427509 0.147875
-1.847727 0.161128
0.458464 -0.746681
0.279321 -0.762981
-1.358597 0.155757
0.931095 -1.104576
0.224700 -0.818330
0.887202 -0.995053
1.562394 0.048495
1.439967 -0.041716
1.386905 0.027346
-0.950952 1.253018
-0.361608 0.980320
-1.390750 0.079034
0.316104 -1.127280
-0.341176 1.067524
1.464364 0.073701
-1.045944 1.178530
1.213938 -1.161972
-0.582008 1.111832
2.168744 -0.327355
-0.722064 0.935667
0.787045 -0.996689
2.056019 -0.118062
-1.173050 1.229347
1.083653 -1.129779
1.131115 -1.622395
-0.521156 1.130780
-1.313874 0.118794
-2.501639 0.350106
0.271458 -1.606329
1.448616 0.107875
-2.671183 0.905028
2.430414 -0.226718
-1.343096 0.094322
2.287321 -0.717897
-9999 -9999
1.280362 -2.787778
-2.226166 0.754589
0.264896 -1.686831
-1.149631 2.191505
-0.400894 2.222669
-0.441054 2.398222
2.874390 -1.041387
1.313035 0.201305
-1.349703 -0.180976
-9999 -9999
0.604474 -2.397670
0.368406 -0.910215
0.467601 -0.828498
0.452409 -0.717962
-1.383566 0.027826
-2.079626 0.162997
0.246026 -0.997559
1.943458 -0.254676
-1.399163 0.028393
1.486453 -0.014974
0.296407 -0.896533
0.880580 -1.181935
0.353002 -1.044259
-0.338026 0.983581
1.388007 -0.046595
-0.949610 1.181393
0.949033 -1.218046
1.018029 -1.182523
-1.021514 1.173212
1.556795 -0.091505
1.238172 -1.140540
-2.202607 0.236726
1.247627 -1.022627
2.226450 -0.120785
-1.478625 -0.011955
-1.393646 0.004061
1.228023 -0.000027
2.093243 -0.467882
2.253329 -0.159664
-1.199721 1.694807
-1.451791 -0.057957
2.865234 -0.810290
1.154013 -2.022029
-1.344429 0.013443
-1.526739 -0.172801
-1.357538 -0.092383
-0.203355 1.210361
-0.695379 2.505758
-0.275635 1.842337
0.347365 -1.351904
-1.395532 2.785261
0.084908 -1.334722
-1.251523 0.211020
-0.756030 2.415076
-1.550084 -0.129728
-1.359999 2.049245
-1.945505 0.286779
-0.569710 2.418912
-2.449347 1.028367
0.294196 -0.882678
-1.415658 0.155714
-0.434079 0.756693
-0.828732 0.851076
-1.398497 0.176900
-0.889597 1.072087
0.177785 -0.756387
-2.075115 0.203597
-1.550874 0.017396
0.809037 -1.135078
-0.151756 0.978980
-1.990555 0.198204
1.433137 0.017001
-1.394921 0.064870
2.224511 -0.123398
1.454131 -0.090697
2.010741 -0.208234
-1.912361 0.190683
-0.511519 1.053542
-2.102539 0.087157
0.554695 -1.124413
0.695648 -0.974592
-2.114216 0.083802
1.965634 -0.086098
1.199798 -1.146464
0.602283 -0.821708
-2.163607 0.377517
1.507265 0.138805
-1.426273 -0.187527
1.501405 -1.670797
2.634080 -0.479423
1.331709 -2.075659
1.403005 0.186087
-1.775250 1.646717
1.354522 0.251773
1.327920 0.233851
-0.116865 1.382809
1.629099 0.135942
1.495127 0.152298
0.242878 -1.939610
-1.331722 1.911520
-0.627197 2.149929
1.533311 0.142978
3.356599 -0.505809
-0.581367 1.261604
1.111504 -1.587377
1.337893 0.097771
-0.369089 1.642144
0.761070 -1.053750
1.436284 -0.177474
0.687062 -0.889625
-0.261660 0.805818
2.062285 -0.261470
1.420973 0.005643
1.373012 -0.111958
2.028463 -0.228105
-1.569709 0.057416
0.241428 -0.940925
-2.078758 0.181573
-0.304475 0.929464
-2.057142 -0.003542
1.960282 -0.176527
-1.445168 -0.024730
-0.991218 1.232083
-1.404085 -0.065146
-0.530564 0.939314
1.434293 0.095695
-0.642813 0.997183
1.312286 -1.349947
1.374876 -0.955262
1.538419 -1.047152
-1.937941 -0.008068
-1.229712 1.230198
1.993986 -0.115721
0.379509 -1.187641
1.352931 -1.250367
1.334876 0.018388
0.416104 -1.446525
-0.367824 1.567238
-2.546301 0.726239
-2.673434 0.667554
-1.579103 -0.130409
-2.305521 0.438316
1.114927 -1.981149
-1.416920 0.171998
-0.252326 1.808470
1.471757 0.200569
1.337115 -2.534933
2.455436 -0.681504
-0.677481 2.282143
2.110500 -1.079129
1.592862 -2.603111
0.215464 -1.455744
-2.016411 0.415730
-9999 -9999
-1.812061 -0.107580
-0.324332 0.862891
1.443452 -0.075428
1.744899 -0.125847
-0.308548 0.764950
-0.208156 0.935975
-0.202939 0.951932
-0.723424 0.943985
-1.380041 0.023779
-0.306186 0.952634
2.035715 -0.214897
0.255422 -1.006056
1.422989 0.010848
1.362114 0.075767
0.370551 -0.945456
-1.406234 -0.049821
2.058136 -0.129477
-2.011649 0.141374
-1.961692 0.171879
-1.276222 1.121179
-2.032886 0.026946
1.319654 -1.363718
-1.306443 0.998562
1.455155 0.086950
0.811691 -0.897483
