-9999 -9999
0.684358 -0.066594
0.665611 0.118345
-9999 -9999
1.379972 0.198393
0.616569 -0.048735
1.492100 0.002608
-9999 -9999
-1.340245 -0.140311
-9999 -9999
-9999 -9999
-9999 -9999
0.539288 -0.231695
-9999 -9999
-0.488999 -0.593399
-0.492708 0.380547
0.634588 -0.329475
-9999 -9999
-9999 -9999
0.628874 -0.400803
-0.469050 -0.758914
-0.543036 0.372802
1.503887 -0.022382
-9999 -9999
0.006372 -0.639076
0.567486 0.506909
-0.511208 -0.500269
1.470449 -0.041503
-0.732822 0.993693
-9999 -9999
1.518086 -0.033687
0.606314 0.305825
-1.511425 0.107353
-1.670363 0.053159
0.655538 -0.743276
-0.584706 -0.230261
-0.619209 -0.272744
1.476777 0.064827
-9999 -9999
-0.632984 0.470370
-9999 -9999
0.616882 -0.437634
-9999 -9999
-0.622653 -0.104545
-1.569552 -0.120102
0.464937 -0.211829
-9999 -9999
1.642392 0.132313
-0.424428 -0.112233
-9999 -9999
-9999 -9999
-9999 -9999
1.417946 0.114683
-0.551234 -0.125255
-9999 -9999
1.489061 0.028343
-0.475959 0.219521
1.621675 0.033752
1.607431 0.082925
-0.628103 0.150612
0.515043 -0.297408
-0.566680 0.371120
-9999 -9999
-9999 -9999
0.689321 -0.351845
-9999 -9999
0.447298 0.562266
-9999 -9999
0.461139 -0.338263
-1.596819 -0.235573
0.608426 0.711385
-0.596471 -0.753029
-9999 -9999
0.928209 -1.155552
0.480927 0.600096
-9999 -9999
-0.499919 -0.478056
-9999 -9999
-0.742109 0.833512
-9999 -9999
0.752702 -0.903527
-0.582583 -0.343658
0.591728 0.236180
-9999 -9999
-0.628100 0.531460
-9999 -9999
-0.596568 -0.143804
0.599631 -0.489796
0.617086 0.088474
1.607802 -0.002305
0.548243 -0.325084
-0.699552 -0.144632
-0.561827 0.164766
0.592933 -0.161717
-1.628541 -0.069771
0.541920 -0.090237
-1.406046 -0.154425
0.539455 -0.030239
1.539645 0.172680
-0.560827 0.131897
0.532264 0.034011
-0.483341 -0.194851
-0.573330 0.213836
-0.500722 -0.189209
-9999 -9999
-0.495394 0.241701
-9999 -9999
-0.531945 -0.310059
-1.410759 -0.056549
-9999 -9999
-9999 -9999
-0.508646 -0.452788
-9999 -9999
-1.450682 -0.160318
0.443556 0.663201
-1.541648 -0.060706
0.513982 -0.291476
-0.516227 -0.739922
-1.577039 0.094178
1.499971 0.185613
-9999 -9999
1.387869 0.053618
-9999 -9999
-0.826315 1.057413
-0.514304 -0.490334
0.637100 0.540488
-9999 -9999
-0.699351 0.900934
-1.530374 0.090865
-0.606220 -0.315084
1.595442 -0.088079
0.550207 0.267402
0.580653 0.233657
-0.517575 -0.242333
0.629935 -0.555977
0.613711 0.200155
-9999 -9999
0.615056 0.172102
-0.545467 -0.060545
-1.538673 -0.213209
-9999 -9999
0.622674 0.022628
-0.649964 0.028975
-1.629099 0.048825
-9999 -9999
0.624398 -0.195996
-9999 -9999
-0.584219 0.158845
-9999 -9999
-9999 -9999
0.484404 0.149017
-0.557394 -0.191536
-1.396847 0.011656
0.657448 0.239971
0.612378 -0.288171
-9999 -9999
-0.591231 0.230426
-9999 -9999
-9999 -9999
-1.415990 0.067105
-0.534341 -0.541889
-9999 -9999
1.527476 0.168640
-9999 -9999
-9999 -9999
-0.573745 -0.584089
-0.676861 -0.837950
0.327580 -0.449093
1.395766 0.002276
0.533414 0.594256
-0.026269 0.617254
1.408556 -0.001903
1.419112 0.017336
-0.815985 1.187376
-1.475456 0.073536
0.606583 -0.922543
-9999 -9999
-9999 -9999
-0.684605 -0.364513
-1.413079 -0.048608
-9999 -9999
-0.627423 -0.247749
-9999 -9999
0.570408 0.133307
-1.601640 0.101357
-0.543954 0.524751
-0.541389 0.314013
1.585823 0.089931
0.532482 -0.132900
-1.700535 0.045910
-9999 -9999
0.556599 -0.103803
-0.476990 0.023259
0.564323 0.085792
-0.639269 0.058074
-1.482168 -0.144622
0.558534 -0.122344
-0.418035 -0.148733
-0.619255 0.075735
-9999 -9999
-0.414238 0.207173
0.458061 -0.282943
0.575621 0.513256
1.654484 0.127245
-1.377640 -0.119844
0.584959 -0.350299
0.632016 -0.210707
1.478292 0.068429
-9999 -9999
-9999 -9999
0.491200 0.639689
-9999 -9999
-0.442135 0.303806
-1.497820 -0.242878
0.513431 -0.533376
-9999 -9999
-0.045011 0.813588
0.816024 -1.164066
1.045071 -1.136867
-9999 -9999
-0.519362 -0.450019
-9999 -9999
0.597622 0.339564
-0.629547 -0.365116
-0.635686 -0.315323
-9999 -9999
-1.720171 0.112500
1.454442 0.044704
0.666831 -0.501691
0.593211 0.275369
1.564662 -0.050299
-9999 -9999
-9999 -9999
0.680143 0.171995
0.678310 0.077746
0.642292 -0.228702
-0.475989 0.164539
0.580065 0.044685
-0.656125 0.079280
-0.561366 0.167543
-9999 -9999
-0.604896 -0.022408
0.690177 -0.064125
-0.508567 -0.102783
-9999 -9999
-9999 -9999
0.537435 0.310295
1.539963 -0.006891
1.415301 0.105918
-1.534784 -0.097326
0.517614 0.364652
-0.540063 -0.359972
-1.483839 -0.118422
-9999 -9999
-9999 -9999
0.529482 -0.290475
1.670279 0.194580
-9999 -9999
-9999 -9999
-0.535928 0.345977
-0.598868 0.428002
-9999 -9999
-1.479230 0.165768
-0.707319 -0.782891
1.477087 -0.060231
-0.587018 -0.552781
-0.881629 1.131049
1.414684 0.061801
0.740418 -0.977538
-1.718420 0.054054
-0.729122 0.858212
-0.584374 -0.333994
0.756117 -0.902464
0.798448 -0.776236
0.583085 -0.812201
-0.676850 0.677230
-0.560800 -0.312916
0.615921 -0.579188
1.612440 -0.081103
-0.597160 -0.142302
-9999 -9999
-0.572099 -0.141636
-9999 -9999
-0.629487 0.253491
-0.503909 0.145932
0.650883 -0.218075
-0.547463 -0.001838
-0.605484 0.190966
-9999 -9999
-1.553029 0.010934
-9999 -9999
-1.605899 -0.134999
-0.532348 0.096947
-0.532710 -0.126102
-0.607266 0.155037
-9999 -9999
-0.456166 -0.245253
0.589207 0.265247
0.575747 -0.279924
-1.629349 -0.138241
-0.411471 -0.372489
-9999 -9999
0.429623 0.513182
-0.457370 0.350286
0.595312 0.554288
-9999 -9999
0.481901 0.723211
0.375131 -0.544057
-0.363409 0.323212
-9999 -9999
-0.686682 -0.657263
-9999 -9999
1.411212 0.029922
-0.000933 0.650769
-1.552638 -0.119245
0.528795 0.487091
1.459423 0.014701
0.604913 0.498716
-0.564107 -0.342681
-1.580349 -0.034910
0.646607 -0.840037
-9999 -9999
-0.664180 -0.266561
-0.726462 0.599003
-1.595039 -0.026606
-9999 -9999
0.680513 -0.608323
-0.595235 -0.135685
-0.636287 -0.066109
1.604645 0.077923
-9999 -9999
-1.479861 -0.098853
-0.595339 -0.029765
-0.719115 -0.030710
1.487498 0.045067
-0.577839 0.106203
0.485072 0.062799
-9999 -9999
1.612559 0.055289
-0.402058 -0.080899
0.645462 -0.103650
-9999 -9999
0.451854 0.170952
-0.527557 0.243395
1.382243 0.022513
0.584968 -0.281009
-1.663580 -0.078900
-0.433773 -0.378777
0.352171 0.416324
1.620313 0.036079
-1.603401 -0.086560
-9999 -9999
-1.627037 -0.239726
-9999 -9999
1.505626 0.163025
-9999 -9999
1.412939 0.123634
-0.629870 0.398931
-0.488586 0.602942
0.657682 0.678336
1.535483 0.061532
0.017359 -0.528293
-9999 -9999
-0.937433 1.113517
-0.530958 -0.335814
1.649942 0.039211
-1.439920 0.102107
-0.568816 -0.442611
-0.620504 0.880670
-9999 -9999
-9999 -9999
-0.562145 -0.239966
-9999 -9999
-0.623881 0.490574
-0.662079 0.649518
-0.573553 -0.149127
-9999 -9999
-9999 -9999
1.612554 -0.027829
-0.595142 0.256482
-9999 -9999
-9999 -9999
-9999 -9999
-1.689436 -0.005137
-1.509439 -0.217052
-1.579796 -0.006907
-0.644816 0.015335
-0.602303 0.033831
-1.492729 -0.172607
-1.633038 -0.082565
-0.454616 -0.182368
0.483686 0.243886
-0.450934 -0.247950
0.575354 -0.280477
-9999 -9999
-1.619667 -0.185622
-9999 -9999
1.696247 0.098533
-0.469290 -0.621138
0.509380 0.476065
-9999 -9999
-9999 -9999
-0.536199 0.257007
-0.506041 0.398235
-9999 -9999
0.621486 -0.408141
0.571577 -0.506888
-1.388282 -0.109499
-1.536845 0.016316
-1.365083 0.150887
-0.975485 1.150776
-9999 -9999
-0.676485 0.936414
1.699804 0.016886
-1.450729 -0.039452
1.560990 -0.135482
-9999 -9999
0.719772 -0.738231
-1.684194 0.187904
-9999 -9999
-0.677842 0.449396
-0.578393 -0.259860
0.614804 0.190653
-0.680477 0.587954
0.555336 0.102452
-0.559230 0.347667
-0.534452 0.296759
-0.568508 0.299970
1.507652 0.089251
-0.630865 0.183534
-9999 -9999
0.641158 -0.008263
-9999 -9999
0.608544 -0.163431
-0.631176 0.031433
-0.625441 0.156800
1.426612 0.152729
-1.623834 -0.027620
-1.522727 -0.035299
-9999 -9999
-1.349034 -0.092353
-9999 -9999
-0.607584 -0.353482
-0.673712 0.249403
-9999 -9999
0.605266 -0.350919
-9999 -9999
-9999 -9999
-0.596970 0.362444
-0.502629 0.320155
0.527683 -0.537853
-9999 -9999
0.478502 -0.335215
-1.326766 -0.181389
-9999 -9999
-1.457158 -0.095484
1.535522 -0.034788
0.514703 0.615268
-1.499387 -0.141312
-1.506318 -0.036337
-0.796580 0.988874
-0.654234 -0.539891
1.481375 -0.016055
-0.576818 -0.356265
-0.667456 -0.293010
-9999 -9999
-0.651268 0.697948
-0.657070 -0.194861
-1.614886 -0.037685
0.578575 0.243813
0.656971 0.148455
0.616193 -0.539553
-9999 -9999
-0.638413 -0.110241
-9999 -9999
-0.617944 -0.082131
-0.659177 -0.074332
-1.642346 0.006938
1.509912 -0.049652
0.670001 -0.052286
1.469095 0.110076
0.546229 0.033234
-0.692434 0.059596
-9999 -9999
-0.429405 -0.118722
1.604989 0.171247
-9999 -9999
0.412664 0.254966
-9999 -9999
1.552318 -0.066905
-1.717008 -0.115766
-1.710014 -0.135053
0.500406 -0.241116
-1.625946 -0.001999
-9999 -9999
-0.528771 -0.543540
1.662856 0.046907
0.475275 -0.418785
-0.505361 -0.548090
-0.578198 -0.663996
0.505919 0.566359
-0.629517 -0.692900
-0.548614 0.489416
-0.519408 -0.737055
-1.064098 1.458482
0.922705 -1.072050
-0.472340 -0.642358
1.499370 0.087869
-1.390053 -0.118337
-1.776054 -0.115010
0.565621 0.401815
-0.542008 -0.324790
-0.595111 -0.428241
-9999 -9999
-9999 -9999
-0.578219 -0.359274
-1.536495 -0.086785
-9999 -9999
0.599198 -0.542449
0.646525 0.128576
0.640560 0.068664
-1.564432 -0.010535
1.580397 -0.004246
-9999 -9999
-1.599896 -0.194317
0.623445 -0.006680
-9999 -9999
0.605783 -0.064501
-1.484036 -0.160588
1.623449 -0.079582
0.616485 0.069498
0.616390 -0.104310
1.399047 0.129906
-1.670335 0.007731
-9999 -9999
-1.537478 0.035832
0.478842 -0.174011
-9999 -9999
-0.618093 0.281243
-9999 -9999
-9999 -9999
0.530467 -0.328604
1.472017 0.219922
0.501545 0.432326
0.650834 -0.295374
-0.608402 0.345633
1.525119 0.300146
0.462049 0.715851
1.261240 0.117085
-0.441182 -0.855088
-0.453337 0.452052
-0.414720 0.662799
-1.426456 -0.009849
0.872217 -1.147451
-9999 -9999
1.508124 0.050672
-0.838078 1.039116
0.877446 -0.986339
0.598327 0.364188
-1.503965 0.089197
0.736420 -0.884676
-9999 -9999
0.704182 -0.733656
1.429698 0.036638
-0.627084 -0.167248
0.541665 0.282074
0.602546 0.188314
0.657637 -0.472961
-9999 -9999
1.599356 0.028816
1.547549 0.023108
-0.649507 0.256198
-0.548738 0.193725
-9999 -9999
-0.567494 0.175372
1.601294 0.080657
0.492807 0.025736
-1.512532 0.002027
-9999 -9999
-9999 -9999
0.539067 -0.028437
-9999 -9999
0.647851 -0.158751
-9999 -9999
-0.464541 -0.239794
-9999 -9999
1.661222 0.161829
0.551754 -0.211545
-9999 -9999
-9999 -9999
0.588744 -0.306270
-9999 -9999
-9999 -9999
-9999 -9999
-0.466698 -0.766809
-1.488500 -0.139195
0.510582 -0.322527
-0.376646 -0.810891
0.517986 0.738987
-9999 -9999
-9999 -9999
0.517805 0.481151
-1.546081 -0.153126
-0.010719 0.627411
-9999 -9999
1.698034 0.028462
1.431293 0.012419
-9999 -9999
-0.657228 0.881076
1.626613 0.092624
1.587157 -0.064946
0.621859 -0.655577
1.524798 0.172560
-0.568797 -0.207846
-0.631957 -0.217054
-0.609496 -0.141727
1.511272 -0.042032
-0.677715 0.392645
-1.566054 0.013422
-0.626661 0.222796
0.593631 -0.003530
-0.643297 0.007909
-9999 -9999
-9999 -9999
0.550291 -0.044127
-0.499611 -0.105327
-0.458899 -0.021197
-9999 -9999
1.402011 0.095304
1.619647 0.078732
-0.498101 -0.260028
0.508227 0.191423
0.441178 -0.192592
1.561173 0.066995
0.532985 0.378384
0.641063 -0.202424
-0.444121 -0.319130
-9999 -9999
-0.504716 0.379090
0.566782 -0.313841
0.544786 0.622905
0.472177 0.537662
1.497997 0.211663
-0.628342 -0.630717
-9999 -9999
0.490919 -0.370226
0.438242 -0.575664
1.527991 0.018006
-0.913444 1.235305
0.525400 0.526688
-1.555325 -0.126488
-9999 -9999
-1.530906 -0.039500
-9999 -9999
-9999 -9999
-0.543151 -0.357589
-1.576885 0.078915
-1.545585 -0.028957
-0.698812 0.766627
-9999 -9999
-0.653856 0.568704
-0.628461 0.474165
-9999 -9999
-9999 -9999
-9999 -9999
-9999 -9999
-9999 -9999
-0.609491 0.213969
-0.567047 -0.046341
1.623893 0.111652
-0.558676 0.130223
-0.655774 0.157133
-0.506227 -0.018148
-9999 -9999
-9999 -9999
0.602129 0.056169
0.403379 0.168097
-1.596740 -0.051782
-1.484887 -0.114646
-9999 -9999
0.469602 0.260497
-0.599221 -0.287043
-0.557902 0.173785
1.693281 0.198361
-9999 -9999
-1.569029 0.055779
-0.577702 0.212310
0.550846 0.373650
-1.697012 -0.177749
0.398875 0.550853
-0.544000 0.353195
-1.527263 -0.197422
0.494606 0.617493
-0.459427 -0.701239
0.609251 0.607625
0.454389 -0.460182
-0.596832 -0.672868
-0.041037 0.578962
-1.539674 -0.063919
-9999 -9999
1.383030 0.044464
-0.723329 -0.502506
-9999 -9999
1.466173 -0.027175
0.712596 -0.855206
0.487694 0.378614
-1.674455 0.031157
1.561667 0.156868
-0.532427 -0.255812
-9999 -9999
-1.583214 0.092957
1.552721 0.013440
0.555910 -0.429861
0.630695 -0.323417
0.552339 0.060657
-9999 -9999
1.549749 0.090859
1.636572 -0.007788
0.509122 -0.102657
-9999 -9999
