-1.017708 -0.660370
-0.972437 -0.247534
1.537437 -0.049941
-0.672342 -0.632419
-0.719496 -0.601528
1.453094 0.672302
1.230431 0.024457
-1.158715 -0.087477
1.416701 0.041083
-1.387352 -0.214371
-1.199236 0.278992
-1.847282 -0.327378
0.960611 0.443384
-1.523556 0.268642
-1.054211 -0.481560
-1.353036 0.048778
1.154083 -0.331135
1.188982 0.673112
-0.826990 -0.466579
-1.171124 0.122562
-1.254913 -0.715374
1.155779 -0.166706
1.012046 0.048968
-1.247483 -0.639916
-0.865090 0.036037
0.266079 0.355847
-0.581266 -0.555621
0.499377 0.167378
1.093989 0.292234
-0.864546 -0.331760
1.202141 0.196876
-1.291290 -0.247220
0.855734 0.535760
-1.185502 -0.725974
-0.891402 -0.154254
-1.308042 -0.201171
-0.642800 -0.395161
-0.237955 -0.410764
1.434339 -0.231089
-0.352713 -0.276958
-1.251434 -0.239922
-1.150712 -0.260937
0.520775 0.463957
0.552094 0.343488
1.202763 -0.003174
1.218625 -0.327354
-0.670038 -0.253364
-1.309089 -0.121643
0.706851 0.784524
0.812251 0.542535
-0.846386 -0.691509
-0.679632 -0.622501
-0.643789 -0.323498
1.480698 0.537594
-0.856780 -0.548297
1.135259 0.623279
1.149053 0.390674
-1.338616 -0.159901
1.298738 -0.654602
-1.583447 -0.461033
-1.029174 0.091087
-1.174573 -0.384841
1.226718 0.308855
-1.094085 0.170018
1.249320 0.482396
1.377395 -0.368130
1.104821 -0.260588
-1.377264 -0.446164
-1.036972 0.055923
1.273941 0.637090
-0.803778 0.052312
-1.399535 -0.290868
0.985877 -0.035510
-0.977859 -0.189367
-0.480874 -0.453938
1.244471 0.228104
0.304353 0.455872
0.344319 0.446046
1.152526 0.093383
-0.707913 -0.542226
-1.268632 -0.024015
1.193855 0.300284
-0.691927 -0.225184
0.765126 0.421926
-0.652090 -0.276792
-1.073597 0.031367
-1.375434 0.237117
0.513428 0.337446
-1.251564 0.028479
-0.512215 -0.321707
0.546107 0.258159
-1.001111 -0.026801
0.733435 0.533377
1.110097 -0.456189
0.610236 0.198569
-1.735790 -0.133516
1.153015 0.680745
0.724785 0.515321
0.960951 0.842090
0.686309 0.658576
1.290840 0.036009
1.219655 -0.155486
0.844370 0.724397
1.147117 0.731039
1.070223 0.585078
1.286319 -0.110032
1.391115 0.098869
-0.887285 -1.388978
0.952850 0.892909
-1.322509 -0.013833
-1.019241 -0.210441
1.088202 0.100792
-1.211701 -0.805825
-1.271488 -0.511006
0.882400 0.617175
1.281823 0.352830
-1.247865 -0.306166
-1.090794 -0.413096
-0.834918 -0.417701
1.134349 1.143140
0.463172 0.029184
0.555437 0.380178
0.517447 0.572486
-0.536099 -0.347524
-0.434726 -0.410148
0.380589 0.714083
-1.218474 -0.086622
-0.712841 -0.141333
1.387441 0.037685
-0.997613 -0.419446
0.946534 0.002671
1.277317 0.123137
0.558760 0.301301
0.439168 0.370034
-1.291390 0.425877
1.004996 -0.021448
0.476741 0.799661
-1.281926 -0.127986
-0.511589 -0.294778
-0.436004 -0.209768
0.842848 0.559208
-1.432862 0.142677
1.038768 0.208722
-1.170277 -0.462753
-1.699526 0.060861
1.199036 -0.177479
-1.064651 0.248666
1.102534 -0.049608
1.102755 -0.071574
1.203810 0.697385
1.351292 0.027438
1.396426 -0.183137
-1.116654 -0.608731
1.232638 -0.372710
1.422126 -0.072350
-1.140495 -0.209875
-1.076836 0.011675
1.220881 -0.417633
1.263682 -0.081032
1.083516 0.567070
1.365533 0.329976
1.398718 -0.519972
-1.141033 0.234677
1.394998 -0.130095
-1.021487 -0.342898
0.992545 0.005218
-0.919956 0.228746
-1.112448 -0.627115
0.501117 0.055767
-0.997140 0.134840
0.962226 0.078642
-0.451772 -0.278124
0.241214 0.324723
-1.098549 -0.032727
-0.713422 -0.506779
-0.667697 -0.544743
-1.369220 -0.061869
1.345176 -0.172751
1.063451 0.104184
-0.701457 -0.415000
0.760544 0.315005
-1.137823 -0.004869
-0.839845 -0.438251
0.604458 0.220460
0.555023 0.602900
0.551015 0.426819
0.562526 0.197682
-0.638577 -0.226282
-1.073388 -0.050378
-1.229655 -0.136358
0.631665 0.169035
1.123709 0.272042
-1.885585 0.110339
-0.773281 -0.345809
-1.478410 0.044816
0.770642 0.689360
1.253345 0.285401
-1.290084 0.485892
0.750500 0.647404
0.888019 0.710605
-1.257690 -0.143054
1.444401 -0.479505
-1.559172 -0.044340
-1.509324 -0.806198
1.213373 0.186416
-1.026110 -0.516456
-0.905755 -0.466560
0.949094 0.153243
1.172965 -0.175705
-1.002434 -0.573737
-0.822214 -0.448220
-1.457971 -0.637217
1.098616 0.250958
-1.062259 -0.302213
-0.903353 -0.102891
1.602039 0.753511
-0.936396 0.111618
-1.018264 0.199554
1.074766 -0.003404
-1.198226 0.029922
-1.174725 0.066820
-0.579182 -0.342578
0.644727 0.480498
0.659298 0.211580
-1.278471 0.053610
1.509700 -0.000972
1.032950 -0.005642
0.566292 0.189097
1.228451 -0.153528
-0.463413 -0.264038
0.621654 0.441754
0.494368 0.328415
-1.480550 0.150632
-1.159305 0.133023
1.156243 -0.083293
-0.619647 -0.252128
1.063511 0.011775
-1.182955 0.419566
0.945612 -0.279585
0.867681 0.301122
1.722027 -0.208413
-0.995128 -0.266043
0.762272 0.418590
-1.058382 0.212013
-1.118093 0.190241
0.999687 0.807296
-0.943686 0.042464
1.225355 0.400090
1.074387 0.615173
1.414272 0.133871
-1.299337 0.430137
-0.865115 -0.902650
-1.047142 0.192032
-1.223967 0.193105
1.283896 0.082968
0.879466 0.632651
-1.179487 -0.347087
1.449963 -0.304178
0.879490 0.413628
0.914707 0.044395
0.993211 0.063449
0.849157 0.592956
1.057638 0.452741
-1.376618 -0.698204
0.935780 -0.130479
0.458201 0.227010
-0.621056 -0.471594
0.493910 0.242068
-0.960834 0.233925
-0.937865 -0.049088
0.790987 0.465953
0.577324 0.218801
-1.302557 -0.023334
-1.174368 0.092005
0.846247 -0.066281
-1.127513 0.092857
-0.661838 -0.362823
-0.516066 -0.255162
-1.309599 0.133902
1.150548 -0.010491
1.377235 -0.270450
1.272993 -0.063275
-0.286544 -0.345524
-1.015546 0.162825
1.008114 0.008312
-1.129461 0.525874
-0.715802 -0.144396
-1.405708 0.000324
1.774411 0.192704
1.035344 0.266571
0.823470 0.677678
-0.651712 -0.648273
0.483309 0.653136
1.291152 -0.213823
1.334852 -0.161241
0.713458 0.819904
1.269619 -0.398752
-1.536842 0.029699
1.117964 -0.188511
-1.305477 -0.358653
1.315882 0.121363
-1.239880 -0.673491
0.953204 0.086512
0.960503 0.868996
1.456428 0.584749
1.056470 0.128407
1.082738 -0.272265
-1.304371 -0.343228
-0.937157 -0.258894
-0.958664 -0.631391
0.657708 0.012012
0.974070 0.238765
0.475827 0.041847
0.962491 -0.256188
-0.519677 -0.408417
-0.413891 -0.351962
-0.441754 -0.169820
-1.109873 -0.014398
-0.728774 -0.704161
-0.789560 -0.213847
0.889995 0.241353
-1.332321 0.351465
0.725544 0.052313
-0.778996 -0.226103
0.559717 0.376250
-0.494801 -0.261358
-1.092831 -0.388142
0.578541 0.224455
0.581719 0.507979
1.104571 -0.092236
1.025338 0.055426
-0.971259 0.239342
0.579599 0.314394
-1.241540 0.396255
0.742769 0.245405
1.613324 -0.139272
1.280477 0.080430
-1.078584 -0.156264
-1.150197 0.015309
1.039569 0.073047
1.277877 0.138758
-0.925670 -0.848852
-0.801470 -0.537612
-0.961495 -0.618802
-1.181638 -0.451624
1.177395 -0.437050
1.232803 0.306252
1.146504 1.143120
-1.150996 0.210141
1.317318 0.444863
1.169010 0.769819
1.348995 0.050139
-0.845252 -0.362427
-1.162239 -0.060853
1.079527 0.258008
1.265846 0.078506
1.212116 0.262493
-1.018981 -0.180624
1.176318 0.526883
1.381751 0.804797
1.053071 -0.000261
-1.012147 -0.186043
0.437997 0.454651
-1.212307 -0.170180
-1.157268 -0.032640
0.916919 0.284578
-0.699301 -0.432512
0.613570 0.238284
1.384002 0.077683
1.450328 -0.068743
-0.621041 -0.164663
-1.351268 -0.060151
-0.663469 -0.230870
1.184374 0.003176
1.228089 -0.201384
1.196363 0.081934
1.324992 -0.110238
-0.503124 -0.338445
1.173183 0.066125
0.520040 0.074000
0.700222 0.553456
-0.965260 -0.038436
-0.871171 -0.150818
-0.977713 -0.583502
-0.805790 -0.672728
1.055884 -0.101361
1.034697 0.804436
1.046257 0.040221
0.503676 0.432101
1.343728 -0.095415
0.827819 0.526116
-1.500661 -0.127647
0.954614 0.616827
-1.218062 0.091906
-1.147364 0.048738
1.021249 1.583053
0.714611 0.568119
1.374314 0.668175
-0.959924 -0.843356
-0.944005 -0.306801
-1.344730 0.190106
-1.286607 0.006871
-0.978594 -0.450423
-1.121770 -0.770610
0.962286 0.256422
0.846392 1.004743
0.980298 0.184928
1.458703 0.728510
0.561697 -0.024292
-0.525306 -0.351300
-0.893721 0.144348
1.139208 0.112022
0.460859 0.449593
-1.154947 0.000073
-1.214808 0.146508
-0.798435 -0.292342
-0.867527 -0.271899
-1.178864 -0.407626
0.706540 0.178753
1.068044 0.074102
0.658871 0.427612
0.378996 0.408154
-1.099115 -0.456462
-1.141538 -0.144066
-0.655656 -0.901735
0.726619 0.297972
-0.625104 -0.223455
0.984087 0.156117
1.082486 -0.045280
-1.188309 0.309498
0.708991 0.362640
1.072084 0.415455
-0.950614 -0.744359
-0.811985 -0.117843
0.870256 0.659949
1.149629 -0.084719
0.876226 -0.045096
-1.469193 0.601219
1.077083 0.207388
1.090397 0.137818
1.267227 -0.109357
1.305898 0.278044
1.441430 -0.061470
0.565906 1.191997
-1.185977 0.059574
-1.224130 -0.550930
-1.039063 -0.575899
1.051879 0.702982
-1.094315 -0.229226
1.132892 -0.143259
-0.889945 0.171878
1.027047 0.516449
1.289575 0.487365
1.171022 0.871672
0.989600 0.053178
1.226739 0.418368
-0.379338 -0.207575
-1.001282 -0.068922
0.918922 0.098625
-0.443641 -0.181624
-0.346927 -0.529566
0.438594 0.546291
0.602654 0.381031
1.088460 0.055555
1.037834 0.412848
0.902275 0.661422
0.945432 0.076026
0.647011 0.181153
1.155109 -0.128794
-1.101072 0.080381
-0.948898 -0.489314
1.116239 -0.053818
-0.703391 -0.587467
1.177127 -0.019328
1.064467 0.270817
0.985355 0.108575
-0.695902 -0.214125
-1.052683 0.132604
-0.591177 -0.075627
1.080656 0.515238
-0.811796 -0.695712
-0.983870 -0.229755
-0.918922 -0.505437
-1.169326 -0.048947
-0.676700 -0.549167
1.323112 0.477095
1.206254 -0.045182
-1.044534 -0.555791
0.930973 0.422598
-1.355028 0.326558
1.221579 0.101802
1.536648 0.458503
-0.825134 -0.577779
1.063187 -0.241016
0.972608 -0.101223
1.104570 -0.105574
-1.388092 -0.397210
-1.160921 -0.362821
-0.847268 -0.173142
1.251078 0.214770
1.006766 0.449015
-0.897394 -0.028174
-0.981753 -0.063564
1.066335 0.363017
-0.587594 -0.086623
-1.032517 0.094190
-0.988066 0.013471
0.495004 0.241376
-1.105593 0.022962
-0.556137 -0.464634
1.158402 0.189294
-1.032773 0.034236
-1.331407 0.002090
-1.440770 0.070091
-0.702922 -0.050892
-0.924763 -0.203118
0.526337 0.333548
-0.401389 -0.335791
-1.142386 0.311420
-0.692841 -0.346711
1.200011 -0.015997
1.314960 -0.015236
0.733105 0.259802
-0.691486 -0.301098
1.032218 -0.061295
1.061191 -0.173739
0.888965 0.028490
0.877657 0.504438
1.031462 0.817052
-0.942936 -0.080253
-0.694547 -0.806352
-0.601409 -0.669142
-1.041938 -0.154135
1.297934 -0.079083
-1.256763 -0.387068
-0.885134 -0.641347
-0.825002 -0.566682
-1.581121 -0.414754
-1.527407 -0.260029
-0.889956 -1.585777
-0.794067 -0.998425
-1.238592 -0.886281
-0.775619 -0.661540
1.270454 0.296387
-1.518090 0.120080
1.205070 0.638862
-0.984193 -0.601850
1.478972 0.819104
-0.997955 -0.975604
-0.859687 -0.912037
0.987178 0.379825
1.117496 1.063712
0.561050 0.013679
0.450547 0.206111
0.538856 0.268171
-1.312338 0.053573
0.206481 0.440433
1.034683 0.259698
-1.247100 0.002235
-1.145623 0.050271
0.672958 0.407956
-0.969518 -0.771370
-0.993470 -0.102152
1.051880 0.180851
-0.743035 -0.336585
0.514155 0.337493
-0.932921 -0.459021
-1.303052 -0.132773
-1.122008 0.090550
1.181482 -0.103476
1.042198 0.157116
0.917909 0.051573
-0.737920 -0.682694
1.126758 -0.182291
-0.698015 -0.335839
-1.482633 -0.200086
-1.576464 0.120005
-1.001115 -0.497183
0.653586 0.685815
1.055688 0.200498
-1.119003 -0.069870
-1.296727 -0.039935
1.246785 0.187749
1.478055 0.104859
1.224984 -0.015573
1.490304 0.212230
1.030093 -0.204389
1.568359 0.754147
-0.970937 -0.685709
-1.398200 -0.700149
1.217763 0.149502
1.238080 0.068595
1.293281 0.406611
-1.137876 0.065471
-0.922029 -0.464817
-1.589020 -0.431159
-1.473504 -0.948233
1.040196 0.634682
0.938364 0.449006
-1.164376 -1.225571
0.351207 0.074795
0.975716 -0.353541
0.691268 0.479445
1.166153 0.150129
0.433265 0.213395
-0.495845 -0.545144
1.157553 0.002505
0.673124 0.404041
0.986094 0.324999
-1.059365 -0.536792
-0.783058 -0.076209
-0.855063 -0.262950
-1.294029 0.251454
-1.154076 0.126466
-1.151973 0.192526
1.090439 0.119448
0.636259 0.597975
1.441288 -0.291725
0.526808 0.304451
0.933101 -0.147182
0.796852 0.544659
-1.105535 -0.374177
-0.689404 -0.243275
1.191013 0.001553
0.693353 0.671635
-1.043299 0.025373
0.761416 0.460944
0.646126 0.573786
-0.686444 -0.573460
1.224534 -0.135414
0.695416 0.700907
1.110950 0.004162
1.115958 0.577956
1.229373 -0.027391
1.376543 -0.066746
0.825940 1.233681
-0.944230 -0.300374
-1.207660 0.308965
0.842793 0.446171
1.157329 -0.087600
1.194457 -0.367023
-1.249862 0.166763
0.805310 0.311373
1.043817 -0.097911
1.306985 0.611506
1.060954 0.096197
1.049313 0.138646
1.206711 0.662273
-0.522726 -0.081892
-0.257792 -0.494761
0.424943 0.478702
-1.135467 -0.335034
-0.915301 -0.217923
-0.378285 -0.482709
1.238859 0.018153
1.036666 0.236672
1.282451 0.033278
-1.308737 -0.152740
1.291811 0.036758
-1.054481 -0.222300
-1.088889 -0.061181
-0.431204 -0.319547
1.158882 0.001821
1.170210 0.013238
1.346963 0.042708
-0.801073 -0.260299
0.570922 0.318491
0.460697 0.210392
0.600477 0.414822
-1.006019 -0.038763
0.967611 0.048160
-1.496000 -0.053818
-1.688929 -0.106458
1.157651 -0.125934
1.245538 -0.152697
0.764822 0.837398
-0.551766 -0.476655
1.275387 -0.180972
0.916799 0.588643
-1.308449 0.191247
1.213284 -0.202548
-1.462345 0.153762
-1.227911 0.325931
-1.133702 -1.393465
-0.727228 -0.459654
1.474380 0.681688
-0.986773 -0.384671
1.346737 -0.268597
-1.135435 -0.387973
-1.321688 -0.590383
-1.026601 -0.055298
1.040233 0.101570
-0.886768 -0.365890
-1.114118 -0.324393
0.812082 0.332972
-1.276110 -0.950532
-0.904630 0.049417
-0.964671 -0.067599
0.469543 0.452597
0.429170 0.340413
-1.033001 -0.123129
-0.548037 -0.597730
0.627319 0.685454
-1.126208 -0.123060
-1.014233 -0.526407
1.445878 -0.063966
-0.832923 -0.132065
-0.693751 -0.410263
-1.073386 0.159140
-0.465444 -0.203997
-0.867168 -0.563773
-1.121729 -0.133748
1.358459 -0.050862
-1.325341 0.084711
0.979446 -0.009327
-0.904043 -0.051513
0.831890 0.588832
-1.096986 0.019368
0.666984 0.189062
-1.386599 0.136238
