-9999 -9999
-0.484707 -0.088944
-9999 -9999
-0.424391 -0.003186
-9999 -9999
-9999 -9999
-9999 -9999
-0.602494 -0.167773
-9999 -9999
-9999 -9999
-9999 -9999
-9999 -9999
-0.404473 2.298636
0.377989 0.185808
-9999 -9999
-0.185509 1.799558
-9999 -9999
0.550591 0.317614
0.946015 -1.038781
-1.470017 0.115745
-9999 -9999
-0.482952 -0.121337
-9999 -9999
-9999 -9999
-0.138035 0.497041
-0.692965 -0.533534
0.709099 0.616770
-0.000049 0.405759
0.087070 -0.220979
0.048747 0.471204
-0.330579 -0.676331
-0.066150 0.127371
-9999 -9999
-9999 -9999
-0.055986 0.140082
-9999 -9999
-9999 -9999
-9999 -9999
0.067526 0.032600
-9999 -9999
-0.048676 -0.140795
-0.505647 0.079516
-9999 -9999
-0.437156 0.012265
-9999 -9999
-9999 -9999
0.077354 0.358394
-9999 -9999
0.025848 0.443772
0.445547 0.046404
0.602059 0.005969
-9999 -9999
-9999 -9999
-9999 -9999
-9999 -9999
0.456871 0.197684
-9999 -9999
-9999 -9999
-9999 -9999
-9999 -9999
-9999 -9999
-9999 -9999
-9999 -9999
0.323029 0.105718
-9999 -9999
-1.899858 2.056214
-9999 -9999
1.547438 -0.246586
0.587770 0.435338
-3.320801 -0.061447
0.422800 0.085364
0.939825 0.923305
0.454078 -0.093505
-0.656788 -0.627276
-0.513444 0.079723
-0.573338 -0.013093
-9999 -9999
0.504965 -0.094285
0.502273 -0.008540
0.477499 -0.083115
-9999 -9999
-0.181484 -0.670731
-0.547701 0.062356
0.441809 -0.019139
-9999 -9999
0.087808 0.131625
-0.501892 0.005407
-9999 -9999
-0.058946 -0.161096
-9999 -9999
0.556143 -0.008688
-0.063548 -0.236792
0.597592 0.045712
-9999 -9999
-9999 -9999
0.048089 0.394422
0.377943 0.006814
-9999 -9999
-9999 -9999
-9999 -9999
-9999 -9999
-9999 -9999
-9999 -9999
-9999 -9999
-9999 -9999
-9999 -9999
-9999 -9999
-9999 -9999
-9999 -9999
-9999 -9999
-9999 -9999
-1.380228 2.815818
-9999 -9999
1.782582 -2.630778
-0.375505 -0.115393
3.197855 -0.136993
-9999 -9999
-0.756774 -0.074251
-9999 -9999
-9999 -9999
-0.473036 -0.737782
-0.139146 -0.414774
0.527809 0.780061
-0.134064 0.393125
0.133470 -0.279693
0.123127 -0.152171
-0.103502 0.133752
-9999 -9999
-0.494664 0.066515
-0.490207 -0.027249
0.082122 0.741066
-0.000466 -0.545968
-9999 -9999
-9999 -9999
-9999 -9999
-9999 -9999
-9999 -9999
0.179862 0.182931
-9999 -9999
-9999 -9999
-9999 -9999
-0.520417 -0.037238
-9999 -9999
-9999 -9999
-0.431079 0.049104
-9999 -9999
-0.507548 -0.058060
-9999 -9999
-9999 -9999
0.394969 0.199167
-9999 -9999
-9999 -9999
-9999 -9999
-9999 -9999
-9999 -9999
-9999 -9999
-9999 -9999
-9999 -9999
-1.102039 3.003972
2.011549 -2.500543
0.303695 -0.177397
-2.115332 2.054990
0.589297 0.270736
-9999 -9999
-9999 -9999
-9999 -9999
0.444090 -0.052493
0.841641 0.882010
0.228011 0.273129
-0.486204 0.103102
0.579135 0.751044
0.539326 0.777092
-0.349023 -0.658301
0.076762 -0.180439
0.497224 0.043505
0.136147 -0.174872
-9999 -9999
-9999 -9999
-0.085445 0.055351
0.064650 -0.020068
-9999 -9999
-9999 -9999
-9999 -9999
0.110200 0.059054
-9999 -9999
-9999 -9999
-9999 -9999
0.045787 0.247196
-9999 -9999
-9999 -9999
-9999 -9999
-9999 -9999
0.485163 0.047358
-9999 -9999
-9999 -9999
-0.521641 -0.101808
-9999 -9999
-9999 -9999
-0.500694 -0.004370
-9999 -9999
-0.576512 -0.057180
0.440530 0.135676
-9999 -9999
-9999 -9999
0.588407 -2.165247
1.230638 -2.607875
-9999 -9999
-9999 -9999
-0.235648 0.005535
0.289819 0.119588
-1.111390 0.887196
-9999 -9999
-1.468808 -0.374073
-1.380901 -0.354063
-3.022181 -1.905511
-0.309456 -0.194732
0.097090 -0.376244
0.057006 -0.398843
0.440902 -0.017187
-0.145237 0.396227
-9999 -9999
-0.292671 -0.667641
-9999 -9999
-9999 -9999
-0.484555 0.056042
-0.059507 0.023751
-9999 -9999
-9999 -9999
0.086072 0.015582
-0.600219 -0.117720
-9999 -9999
0.504697 0.044688
-9999 -9999
0.053853 0.144196
-9999 -9999
-9999 -9999
-9999 -9999
-9999 -9999
-9999 -9999
-9999 -9999
-9999 -9999
-9999 -9999
-9999 -9999
-9999 -9999
-9999 -9999
-9999 -9999
-9999 -9999
-0.523481 0.052838
-9999 -9999
-9999 -9999
0.593580 0.094482
-9999 -9999
-0.372146 -0.078381
0.537412 0.135908
-9999 -9999
-9999 -9999
-9999 -9999
-9999 -9999
-9999 -9999
0.500994 0.001967
-9999 -9999
-3.257192 0.343696
-9999 -9999
-9999 -9999
-0.301642 -0.278857
0.224202 0.327872
0.550984 0.766452
0.477961 0.049566
-0.003216 -0.447563
-0.134827 0.226233
-0.479286 -0.007151
-0.487160 0.029186
-9999 -9999
-0.520511 -0.004272
-9999 -9999
-9999 -9999
-0.512360 0.004357
-9999 -9999
-0.078292 -0.118191
-9999 -9999
-9999 -9999
-9999 -9999
-9999 -9999
-9999 -9999
-0.573001 0.039031
-0.507941 -0.023751
-0.022472 -0.252219
-0.422617 0.018776
-9999 -9999
-9999 -9999
-9999 -9999
-9999 -9999
-9999 -9999
-9999 -9999
-9999 -9999
-9999 -9999
-9999 -9999
-9999 -9999
-9999 -9999
-9999 -9999
0.353756 0.154470
-0.380654 -0.070501
1.007018 -3.100103
-0.357760 -0.156767
-0.030123 1.701950
-9999 -9999
-9999 -9999
3.095803 -0.240389
3.371941 0.661990
-9999 -9999
-9999 -9999
-0.445253 -0.268081
-0.541602 -0.651924
-0.237889 -0.327696
0.563702 0.777865
0.538620 -0.076144
-9999 -9999
-9999 -9999
0.217767 0.664805
-0.509544 -0.021492
-9999 -9999
-0.040658 0.110975
0.454313 0.034556
0.024865 0.547472
-9999 -9999
0.521684 0.070503
-9999 -9999
-0.092521 -0.123948
0.066131 0.090695
-9999 -9999
-9999 -9999
0.110976 0.235519
-0.513815 -0.036081
-9999 -9999
-9999 -9999
0.490305 0.073047
-9999 -9999
-9999 -9999
-9999 -9999
-9999 -9999
-9999 -9999
0.498480 -0.068812
-9999 -9999
0.601553 0.134856
-9999 -9999
-9999 -9999
-9999 -9999
-9999 -9999
0.271082 -2.430058
-0.715861 2.946124
0.970196 -2.981166
0.293830 -0.071457
-9999 -9999
-9999 -9999
-2.742105 1.456937
1.832125 -0.320338
-9999 -9999
3.255521 0.405908
-9999 -9999
0.348225 0.139086
0.123878 -0.456041
0.092123 -0.425973
0.113237 -0.370960
0.661267 0.732737
-0.410787 -0.679806
-0.427710 0.077543
-0.531440 0.033322
0.068378 -0.134937
-0.471415 0.038785
-9999 -9999
-0.165889 -0.715653
-0.074791 -0.562838
-9999 -9999
-9999 -9999
-9999 -9999
-0.071748 -0.022211
0.027997 0.126510
-0.544683 0.013166
-0.566970 0.029681
-0.086676 -0.252190
-9999 -9999
-9999 -9999
-0.112066 -0.352260
0.019583 0.350482
-9999 -9999
-0.563344 0.026298
0.053030 0.558720
-0.518820 -0.123890
-9999 -9999
0.435935 0.028270
-9999 -9999
-9999 -9999
-9999 -9999
-9999 -9999
-9999 -9999
-0.354736 0.024043
-9999 -9999
0.638128 -0.129686
0.475146 0.020652
1.245909 -2.953534
-9999 -9999
-0.644671 -0.065564
2.599886 -1.723136
-9999 -9999
1.815123 0.221162
0.503678 -0.172124
-1.376486 -0.430151
-0.297245 -0.059524
-0.638049 -0.521527
-0.643593 -0.508698
0.610966 0.695219
-0.137789 0.357613
-0.359090 -0.723083
-0.042131 -0.439996
-0.523123 0.038578
0.263632 0.655814
-9999 -9999
-0.120536 0.122839
-0.539354 0.018427
-0.003560 -0.576812
-9999 -9999
-0.023172 -0.005784
-9999 -9999
-9999 -9999
-9999 -9999
-9999 -9999
-9999 -9999
-9999 -9999
-9999 -9999
-9999 -9999
0.053303 0.339654
-9999 -9999
-9999 -9999
-9999 -9999
-9999 -9999
-9999 -9999
-9999 -9999
-9999 -9999
-9999 -9999
-9999 -9999
-9999 -9999
-9999 -9999
-9999 -9999
-9999 -9999
-9999 -9999
-0.301865 0.008844
-9999 -9999
-9999 -9999
0.411078 -0.286370
0.487016 -0.160187
-0.537957 0.062778
0.452238 -0.186466
-1.437853 0.221352
-0.614654 -0.008663
-0.610290 0.003800
-2.311644 -1.556130
-0.389759 0.028225
-0.510671 0.022341
-0.134767 -0.420420
-0.060728 0.294851
-9999 -9999
-9999 -9999
-9999 -9999
-0.227400 -0.677028
-0.121305 0.104728
0.131664 0.677188
0.109180 -0.109441
-9999 -9999
0.110572 -0.017471
-0.041973 -0.096195
-0.073288 -0.024918
0.509388 -0.007790
-9999 -9999
-9999 -9999
-0.527660 -0.016169
-9999 -9999
-9999 -9999
0.078225 0.317277
-0.020972 -0.370118
-9999 -9999
-9999 -9999
0.515328 -0.005311
0.068016 0.473801
-9999 -9999
-9999 -9999
0.531236 0.027312
-9999 -9999
-9999 -9999
-9999 -9999
-9999 -9999
-9999 -9999
-9999 -9999
-9999 -9999
-9999 -9999
0.774022 -3.180849
1.034719 -2.848695
0.446613 -0.145243
-1.534151 2.356509
-9999 -9999
-1.485857 0.599131
1.649997 -0.201445
-1.727620 0.106002
-3.916938 -0.606829
0.971365 0.769833
-0.144426 0.409496
0.645347 0.710504
-0.101569 0.282818
0.048555 -0.444716
-0.099906 0.245679
-0.090631 0.231312
-0.088661 0.136918
-0.238247 -0.658465
0.461744 -0.044795
0.560384 -0.083154
0.507624 -0.014871
-9999 -9999
-9999 -9999
-9999 -9999
0.556179 -0.030193
-9999 -9999
-9999 -9999
-0.046351 -0.231363
-9999 -9999
-9999 -9999
-9999 -9999
-9999 -9999
-0.045544 -0.290904
0.491145 0.120631
-9999 -9999
-9999 -9999
-9999 -9999
-9999 -9999
-9999 -9999
-9999 -9999
-9999 -9999
-9999 -9999
-9999 -9999
-9999 -9999
-9999 -9999
-9999 -9999
0.461127 -0.084217
-0.543117 -0.090873
-9999 -9999
-0.442131 0.164901
0.850725 -2.596173
4.052954 -2.670858
-2.489814 1.898070
0.370223 -0.013039
-1.446907 0.093841
-9999 -9999
-9999 -9999
0.420278 0.126696
0.485856 0.696238
0.480597 -0.093038
-0.106137 -0.444161
-0.044421 0.327528
-0.494328 0.020393
-9999 -9999
0.515314 -0.024878
0.248978 0.709199
-9999 -9999
0.082716 0.705390
0.086516 -0.097062
-9999 -9999
0.486579 -0.011778
-9999 -9999
-9999 -9999
-9999 -9999
-9999 -9999
0.529641 0.044652
0.560896 0.005729
0.474143 0.016577
-9999 -9999
-9999 -9999
-9999 -9999
-9999 -9999
-9999 -9999
-9999 -9999
-9999 -9999
-9999 -9999
-9999 -9999
-0.025461 -0.750088
-0.443526 0.031563
-9999 -9999
-9999 -9999
-0.501708 0.241267
-9999 -9999
-9999 -9999
-9999 -9999
-0.072655 2.979902
-9999 -9999
-9999 -9999
0.526435 -2.854619
-9999 -9999
0.287916 -0.094710
1.191263 -0.719186
-9999 -9999
1.447154 -0.365288
-1.779754 -0.062123
0.954418 0.617336
-0.129749 -0.300468
-0.260091 -0.307296
0.457916 0.825725
-0.173240 -0.473110
0.456809 0.031871
0.288151 0.739117
-0.486016 -0.015554
0.191561 0.757767
-0.112345 0.044060
-0.114825 0.135278
-0.158804 0.097991
0.027494 -0.027620
-9999 -9999
-9999 -9999
0.070193 0.027486
-0.116387 -0.020896
-9999 -9999
-9999 -9999
-0.055618 -0.294662
-0.430969 -0.031827
-9999 -9999
-9999 -9999
-0.120933 -0.319604
-9999 -9999
-9999 -9999
-9999 -9999
-0.039942 -0.560717
-0.443464 -0.071686
-9999 -9999
-9999 -9999
-0.458794 -0.099835
-9999 -9999
-9999 -9999
0.446475 0.108692
-9999 -9999
-9999 -9999
-9999 -9999
-9999 -9999
-0.824418 3.243004
-9999 -9999
-9999 -9999
-1.652287 2.324833
-2.504810 1.729525
1.426242 -0.486311
3.338994 0.276554
-9999 -9999
-9999 -9999
-2.079804 -1.528093
-0.203077 0.490371
0.481683 -0.086188
-0.495046 -0.774685
-0.517844 -0.777867
0.332716 0.714613
0.537767 -0.046045
-9999 -9999
0.246034 0.707655
-9999 -9999
-0.138957 -0.678370
-0.097422 0.102289
0.133765 -0.042339
0.100630 0.025666
0.061420 0.038927
0.544510 0.016104
0.088470 0.058422
-9999 -9999
-0.496531 -0.010487
-9999 -9999
-9999 -9999
-0.470591 0.045292
-9999 -9999
-9999 -9999
-9999 -9999
-9999 -9999
-9999 -9999
0.557576 0.018492
-9999 -9999
-9999 -9999
-9999 -9999
-9999 -9999
-9999 -9999
-9999 -9999
-9999 -9999
-0.473231 -0.276136
0.386113 0.120526
-0.386282 -0.058336
-1.344498 2.879336
0.077829 -2.261390
-9999 -9999
-1.427737 2.282218
-2.048104 1.963643
-9999 -9999
-9999 -9999
0.355735 0.159896
-9999 -9999
1.417152 1.272255
0.308308 0.238323
-0.592314 -0.673748
0.451690 -0.076978
-0.164895 -0.420062
0.571239 0.770883
0.356367 0.682060
-0.484742 0.026104
0.494929 -0.016004
0.170659 -0.101019
0.449655 0.008692
0.191796 0.680820
-0.096121 0.099378
0.033762 0.565920
-9999 -9999
-9999 -9999
0.508287 -0.028542
-9999 -9999
0.080795 0.130754
-9999 -9999
0.505337 0.001504
-9999 -9999
-0.488875 0.009933
-9999 -9999
0.037181 0.366653
-9999 -9999
