-0.828525 -0.057787
0.812992 -0.055535
0.821608 0.023528
0.821761 0.026239
0.849799 0.028233
-0.816303 -0.020607
-0.849356 0.005105
0.883367 0.023719
0.881668 -0.012036
-0.820917 -0.011016
0.838323 0.025949
-0.798005 0.009536
-0.838284 0.011339
-0.881144 0.025673
-0.891666 -0.001889
0.822395 0.007678
-0.833507 0.048928
0.777322 -0.000415
-0.796345 0.002375
0.771677 0.003022
0.789515 -0.019808
-0.889501 0.017040
-0.867787 0.039474
0.819612 -0.071765
-0.867675 0.018742
-0.825606 0.014600
-0.823888 0.024749
-0.788875 0.003730
-0.863922 0.021896
-0.841620 -0.044550
0.814284 -0.003057
0.802103 0.014933
-0.805048 0.019533
-0.800215 0.022598
-0.795526 -0.015557
-0.812961 0.014796
-0.821229 -0.024726
0.839483 -0.000565
-0.810451 -0.045571
-0.819138 -0.013437
0.819339 0.034930
-0.802792 0.021591
-0.830473 -0.036566
-0.858021 -0.016884
-0.815098 0.007063
0.823980 0.068329
-0.793555 0.021005
0.786289 0.021722
-0.844650 -0.047568
0.818781 -0.016881
-0.818283 -0.030731
-0.834096 -0.015954
0.802264 -0.015559
-0.766620 -0.011177
0.857721 0.018027
0.810234 0.000182
-0.857408 -0.003674
0.845466 0.026225
-0.796897 -0.025301
0.825888 0.006100
-0.868042 -0.020816
-0.791287 0.008972
0.766385 -0.024053
0.864780 -0.012094
-0.786242 0.025775
-0.835321 -0.011976
0.828795 -0.001348
-0.793011 -0.003791
0.875704 -0.009948
0.850276 -0.002525
-0.825996 0.052687
0.863239 -0.016774
0.831818 0.009353
0.847267 0.029497
-0.842675 -0.001244
0.793519 0.011671
0.800904 0.025316
0.863829 0.022641
-0.771448 -0.043803
-0.819311 -0.003026
-0.793378 0.013322
0.797283 0.007353
-0.827494 -0.000485
-0.829207 -0.009398
-0.812207 -0.020911
0.803098 -0.014510
0.828965 0.011692
-0.819072 0.003611
0.804001 0.011669
0.792231 -0.032994
0.810794 0.056923
0.871700 0.014932
0.793342 0.005463
-0.819319 -0.059900
-0.789846 0.017205
0.803118 0.058281
-0.810475 -0.005168
-0.839528 0.004600
-0.811500 0.000592
-0.810916 0.019980
-0.783882 0.014779
0.806048 -0.014451
0.842340 0.018178
-0.865893 -0.019038
0.839760 -0.035097
0.767481 0.003910
-0.842390 -0.034965
-0.811361 0.020679
0.858211 -0.002841
-0.831379 0.010497
-0.792074 -0.007979
-0.834066 0.016701
-0.778030 0.066717
0.829161 -0.006141
0.831724 0.004223
-0.792877 -0.007362
0.788588 0.007269
0.846524 0.039286
-0.808500 0.036095
0.879823 -0.037423
-0.827743 0.002474
-0.786636 -0.021315
-0.827558 0.007738
-0.805693 -0.005424
-0.798117 -0.007807
-0.830855 -0.035902
-0.798010 -0.024018
-0.794335 0.005007
0.794926 0.021021
-0.803854 0.009585
0.816684 -0.008490
-0.832982 -0.019322
0.813341 0.030384
0.812332 -0.007233
0.789705 0.000837
-0.817990 -0.028826
0.813554 -0.009811
-0.789118 0.020156
-0.824497 -0.014901
-0.827532 -0.030608
0.803303 -0.014869
-0.793482 -0.030968
0.841135 0.042040
-0.803571 -0.005534
-0.810447 -0.024705
-0.803001 0.004637
0.836747 0.054233
0.828177 0.021919
-0.831942 -0.063075
0.773437 -0.017852
0.790174 -0.016594
-0.829783 -0.045096
0.838459 0.035424
-0.772823 -0.030059
-0.860107 -0.064643
-0.795716 -0.025985
-0.880603 -0.057501
0.811629 0.029001
-0.819024 -0.031418
-0.881012 -0.005844
0.846929 0.000550
0.826406 0.023609
0.807757 0.009951
0.778006 0.031433
-0.882670 -0.065025
0.852673 0.034753
-0.784517 -0.071155
0.844950 0.001477
-0.835467 0.030904
-0.803596 -0.002610
-0.854282 0.027178
-0.789028 -0.000277
0.804472 0.005019
-0.833770 -0.042104
0.832893 -0.003374
0.777243 0.014317
-0.813265 -0.030916
-0.808360 0.001228
0.815196 0.044918
-0.825104 -0.048594
0.799694 0.003021
0.813814 -0.015906
0.775901 0.016417
-0.848949 -0.025045
0.799255 0.045998
-0.805933 -0.046068
-0.828259 -0.032975
0.832837 0.031774
0.823356 0.043015
-0.783336 -0.016944
-0.851617 -0.070929
0.826494 0.055808
-0.814643 0.003647
0.813412 -0.024314
-0.826956 -0.033409
0.777947 -0.016721
-0.838306 -0.041373
0.791396 -0.001532
0.785013 -0.013548
-0.809175 -0.006851
-0.779784 0.025334
0.865115 0.047352
0.806379 0.006896
-0.803258 0.026497
0.834028 -0.007039
0.829917 -0.002611
-0.788787 0.023400
0.855181 -0.016797
0.861805 -0.041588
0.811527 -0.018862
0.805371 -0.029228
0.811108 0.018989
0.838117 0.044267
-0.834415 -0.015826
-0.832223 0.028717
0.834953 -0.001993
0.847412 0.015625
0.824729 0.032612
0.830512 -0.012294
-0.796005 -0.007725
-0.810724 0.005205
-0.835157 -0.028942
-0.794914 -0.004143
0.838355 -0.002227
-0.790278 -0.033297
0.791507 0.003750
-0.792445 0.008107
0.855815 -0.017501
-0.799441 -0.055866
-0.803004 -0.020719
-0.783515 -0.010560
0.829886 0.031631
0.797243 0.015701
0.807278 -0.008391
0.801118 0.004935
0.852418 0.038931
0.830063 0.021256
0.804724 0.006237
0.840516 0.052911
-0.834045 -0.034093
0.788995 0.005345
-0.827642 0.016070
-0.842875 -0.019247
-0.808708 0.019625
-0.816588 -0.037715
-0.781039 0.001241
0.804171 -0.036699
-0.821858 0.030046
-0.872909 0.012126
0.791512 -0.018655
-0.880728 -0.074090
-0.824724 0.032753
-0.878049 -0.005501
-0.855519 -0.009440
0.834046 -0.005048
0.827963 -0.013391
-0.848838 0.030636
0.856929 -0.007324
0.803442 -0.040334
-0.811604 0.010427
0.763578 0.007649
-0.838402 -0.007295
-0.806920 0.029063
0.880664 -0.039318
0.827552 0.005765
0.811399 0.017247
0.842536 -0.006958
0.792812 0.020784
-0.837608 0.022045
-0.832161 0.004607
-0.782880 0.009537
0.809746 -0.045149
0.790947 0.016856
-0.780232 -0.012373
0.824099 0.014112
0.817082 -0.004685
0.787619 0.027650
0.822999 -0.005674
-0.794059 0.012511
-0.836401 -0.006907
0.823824 0.022795
-0.813519 -0.033126
0.831832 -0.017081
-0.872013 0.006861
0.822282 0.012947
-0.825931 -0.034488
-0.829722 -0.037271
-0.787170 -0.026353
0.819579 0.042229
-0.832238 -0.051664
-0.826717 -0.033845
0.827846 0.020203
0.806541 -0.029146
0.839523 0.040262
0.810518 -0.037749
0.805586 -0.024848
-0.811964 -0.001391
-0.831150 -0.049232
-0.795818 0.020072
0.834785 -0.007644
0.846527 0.042352
-0.889019 0.004638
-0.819556 0.010877
0.786233 -0.014239
-0.801291 0.035914
-0.847823 -0.011936
0.828925 -0.045044
0.778764 -0.015237
-0.853419 0.018744
0.812441 -0.010369
0.820836 -0.059230
-0.871223 0.041390
0.858572 0.001982
-0.806127 -0.056154
0.809920 -0.020069
0.779475 0.049995
0.822008 0.013083
0.834488 0.054001
0.821396 0.000882
0.812776 0.034282
0.773219 0.035479
-0.784949 -0.029710
0.826845 0.013109
-0.843671 0.013996
-0.798713 -0.051679
-0.846177 0.021425
0.768689 0.018362
-0.839626 -0.024496
0.792538 -0.009041
-0.790818 -0.022214
0.824635 0.024259
0.835310 0.002725
-0.798892 0.001849
0.815954 0.045281
0.809034 0.010679
-0.819030 -0.055196
-0.804392 -0.004729
0.823483 -0.045574
-0.838275 -0.020358
0.828381 0.005644
-0.827861 -0.007545
0.845989 0.016409
-0.829459 0.011627
0.906119 0.019614
-0.873538 0.031584
-0.792848 0.009822
0.794728 -0.009940
0.788159 -0.008876
-0.890407 0.004304
-0.848336 -0.000470
-0.879263 -0.007951
-0.796833 -0.005446
-0.813376 0.003784
-0.784525 0.001552
0.799154 -0.018002
0.785832 -0.024814
0.842679 0.021758
0.879233 0.009536
0.762876 -0.040118
0.792346 0.010441
0.855477 0.029274
-0.805448 -0.029439
0.852955 -0.031263
-0.806075 0.016126
-0.797764 -0.008589
-0.879165 -0.015050
-0.780495 0.007856
0.804984 -0.018880
-0.812113 0.005238
0.783656 0.003974
-0.808849 -0.046513
0.860396 -0.010491
0.790208 -0.002723
-0.815500 0.012646
0.831321 0.047492
-0.838995 -0.006213
0.816962 -0.001570
0.786947 -0.003464
-0.807695 -0.000359
-0.858082 0.009508
0.811355 -0.020624
-0.820984 0.017682
-0.815315 -0.018857
0.826294 0.040889
-0.825448 -0.035302
-0.838720 -0.005326
-0.815829 -0.015856
-0.869013 -0.025034
-0.779750 0.009432
-0.842717 -0.001091
0.805876 -0.006113
0.866160 0.027921
0.855549 0.010263
0.794843 -0.009117
0.862792 0.051177
-0.795827 -0.011071
-0.855273 -0.038585
-0.811052 -0.010922
0.836404 0.041683
0.861034 -0.018860
-0.788746 0.056424
0.813833 0.015830
-0.861126 0.028721
-0.845916 0.033649
-0.855355 -0.001134
0.810637 0.019678
-0.829731 0.016419
0.886716 0.025057
-0.858274 0.012115
0.825035 0.017353
0.847243 -0.030277
0.783542 0.022821
0.842854 -0.015023
0.833224 0.038095
-0.800121 -0.003900
0.825197 0.008410
-0.821783 0.017160
0.786110 0.046389
0.793899 -0.017564
-0.847560 0.022559
0.799755 -0.000220
-0.810592 -0.021592
-0.773692 -0.064363
-0.826631 -0.018672
0.801594 -0.018339
-0.786125 0.022574
0.827243 0.014818
-0.841928 0.024625
0.819043 0.005281
-0.810224 0.009367
0.806984 -0.029875
0.785177 0.044087
0.792221 -0.021543
-0.840436 -0.035190
0.793668 0.001269
0.871967 0.011561
0.838495 0.030833
0.819766 -0.027265
-0.799482 0.033393
-0.822249 0.006083
0.838645 -0.021309
0.846682 0.009943
0.799870 0.026706
-0.778618 0.007203
-0.892660 0.001415
-0.794942 0.023630
-0.855498 -0.000041
-0.853396 0.009295
-0.803907 0.016255
0.836972 -0.038069
0.791034 0.008927
0.806240 -0.023282
0.839757 0.001667
0.861862 -0.014201
-0.740219 0.019343
-0.796278 -0.023260
0.810224 0.002120
0.786464 0.000786
-0.868590 -0.000790
0.770012 0.017500
0.813310 0.005176
0.815049 0.031384
0.783879 0.024073
-0.806152 -0.023500
0.806676 -0.007682
0.814264 -0.005287
0.817092 -0.016304
0.824328 0.001291
-0.786647 -0.023738
-0.813893 -0.010678
-0.795632 -0.053559
-0.826240 -0.013129
-0.796106 -0.004779
0.803747 0.014058
-0.834075 -0.011823
-0.862798 -0.026053
0.801213 0.000875
0.826816 0.045905
0.845023 0.058257
0.827038 0.027489
0.825252 0.013392
-0.852001 -0.003742
-0.841108 -0.001155
-0.842402 -0.045502
-0.806113 0.013704
-0.805898 -0.010908
-0.816409 0.004190
-0.891059 -0.034896
0.879021 -0.010471
-0.782965 -0.017514
0.821357 0.032381
0.848931 -0.004932
0.895308 0.022520
-0.775109 0.016746
0.869297 0.015195
-0.822594 -0.010416
-0.800610 0.019977
-0.848613 -0.020474
-0.883284 0.029376
-0.809644 0.041831
-0.924688 0.015414
0.840620 0.015155
-0.774700 0.012497
0.856891 0.003238
0.834632 0.054125
0.799777 -0.002501
0.839760 -0.012718
-0.773964 -0.033270
0.785846 0.022841
0.832872 0.014292
0.802637 0.031820
-0.835705 -0.020230
0.786425 0.006855
0.830097 -0.013994
-0.811421 -0.002056
-0.854468 0.009318
-0.790722 -0.025643
-0.807921 -0.016204
0.784427 0.043303
0.830622 0.046613
-0.802389 -0.025506
0.790097 0.023423
-0.792308 0.019809
-0.840764 0.011037
0.833256 0.040512
0.805870 -0.015926
0.823966 0.023014
-0.813238 -0.012058
-0.786755 0.005205
-0.835699 0.022610
-0.793793 -0.002660
0.799920 -0.034014
-0.811609 -0.018564
-0.799118 -0.021524
-0.821031 -0.022107
-0.807393 0.017774
-0.816998 -0.007699
-0.803581 -0.018114
-0.801644 0.012570
-0.845395 -0.038863
0.865517 0.019824
-0.807736 -0.031471
-0.862899 -0.013242
-0.853702 -0.030961
0.844352 0.016025
-0.876830 -0.005694
0.790806 0.030287
0.794537 -0.006157
-0.848746 -0.050396
0.801550 0.043736
0.814891 -0.017048
-0.827858 -0.042989
-0.821622 0.040601
-0.813534 0.012897
0.835811 -0.020990
0.782998 0.014306
-0.855245 0.019609
0.820304 -0.010135
-0.806732 -0.028155
0.816533 0.012972
-0.797768 -0.032163
-0.820794 0.000427
-0.809494 0.014393
-0.837634 -0.010015
0.807531 0.039288
0.803928 0.017478
-0.809715 -0.019528
-0.806794 -0.054633
-0.808029 -0.013124
-0.808329 0.012324
-0.794259 -0.031601
-0.867567 0.010822
-0.829327 -0.047690
0.811489 0.036332
-0.791113 -0.025505
0.815448 0.081594
0.812701 0.016432
0.840398 -0.017169
0.835988 0.000759
0.849517 -0.008407
-0.803241 -0.036689
0.834585 0.019644
-0.763348 0.016142
-0.866781 -0.059656
0.861742 -0.016547
-0.842307 -0.049708
0.851026 0.073135
-0.791385 0.025983
0.886687 0.016579
0.885508 0.011153
-0.826486 -0.009993
-0.816829 -0.009734
0.749848 -0.033590
-0.859864 0.011218
-0.803973 -0.019713
-0.833488 0.025461
0.832370 0.030721
0.853108 0.012329
-0.809746 0.038632
-0.790894 0.010970
-0.847215 0.015925
0.816660 0.012005
-0.821228 -0.003396
0.802237 0.004265
-0.807370 -0.046020
0.835433 0.021919
0.815809 0.017581
0.806011 0.020659
0.792213 0.032908
0.833624 -0.008442
-0.789902 0.043143
-0.846214 0.019067
-0.813424 -0.029534
0.815786 0.038492
-0.793517 -0.046300
-0.799106 -0.033033
-0.824621 -0.012361
-0.807559 -0.008039
-0.815741 0.020993
-0.849773 -0.006601
-0.853548 -0.034860
-0.819545 -0.013693
-0.849700 -0.041348
0.791497 0.048900
0.833246 0.050404
0.822222 0.004171
0.781745 0.013003
-0.869550 -0.037507
-0.825377 -0.034554
-0.790537 -0.016674
-0.815845 -0.009182
-0.848994 -0.016318
-0.883755 -0.010368
-0.847720 -0.048519
-0.817196 -0.027899
-0.845190 0.007985
0.841215 0.038773
0.825571 0.012300
0.819255 0.008269
0.850845 0.006888
-0.745759 0.045180
0.895585 -0.034865
0.840442 -0.013502
-0.756815 -0.021392
-0.821223 -0.004619
0.826926 0.015517
-0.788975 0.061169
0.866701 0.001900
-0.776746 -0.000232
0.818969 0.043684
0.878877 0.012436
0.841079 0.005844
-0.800785 -0.007783
-0.828889 -0.015015
-0.783642 -0.042305
-0.813174 -0.006386
0.791116 -0.011059
-0.817720 -0.031241
-0.800676 -0.074163
-0.855376 -0.000428
-0.809127 -0.081885
-0.820056 -0.046739
-0.786183 -0.008945
0.830455 0.036138
0.794518 0.035783
-0.790686 0.010897
0.808797 0.055407
-0.822195 0.003432
0.819297 0.033206
-0.804966 -0.031113
0.832051 0.013118
0.794592 0.030964
-0.794972 0.031588
0.823704 -0.025266
-0.809756 0.008078
0.849357 0.035746
-0.795986 0.024622
0.801731 0.021422
0.765163 -0.029041
0.898279 0.021416
-0.822908 0.055296
0.842939 0.013784
-0.796839 0.013243
-0.795033 0.007343
-0.870839 -0.031959
-0.818406 -0.002468
-0.836696 0.013681
-0.824764 0.000610
0.855435 -0.050082
-0.814597 0.012244
-0.844603 0.029395
0.803001 0.031726
-0.843538 0.033751
0.824933 0.017681
-0.857578 0.037668
0.775086 -0.017122
0.868921 0.004073
0.780856 0.039861
-0.851487 -0.019585
-0.814262 -0.022257
0.792034 0.015322
0.848435 0.015581
-0.802631 -0.009764
-0.820071 0.033064
0.809730 -0.000432
0.816448 0.012477
0.800662 -0.023674
0.831077 -0.000025
-0.806748 -0.033512
0.803251 0.020103
0.820630 -0.001007
0.822793 0.043770
-0.805956 0.025142
-0.808885 0.019095
0.814357 0.009213
0.868014 0.055940
0.825248 0.033023
-0.796143 -0.010372
-0.787116 0.027587
0.805424 -0.000619
