-9999 -9999
0.326884 -0.429267
-1.156103 0.119111
-9999 -9999
0.445267 -0.466971
-9999 -9999
-9999 -9999
1.129773 -0.144546
-0.417554 0.173641
-0.455955 0.251186
0.418774 -0.098441
0.547660 -0.200992
0.565412 -0.281066
-1.261307 0.242871
-0.484441 0.581510
-1.209036 0.001599
1.286607 -0.240883
-0.562425 0.421132
-9999 -9999
-0.274802 0.744439
-0.300552 0.896069
-0.729380 0.068538
-9999 -9999
-0.461026 0.734499
-9999 -9999
-0.906827 -0.078265
0.536605 -0.634826
1.203002 -0.119779
-9999 -9999
-9999 -9999
1.165970 0.165228
1.221089 -0.080856
-0.418544 0.065538
0.419024 -0.167941
-9999 -9999
-9999 -9999
0.570418 -0.549342
-9999 -9999
-9999 -9999
-0.516365 0.445025
-0.446812 0.203185
0.398658 -0.201007
-1.272407 0.059453
-1.351600 0.065631
0.456960 -0.220125
0.419327 -0.379858
0.474671 -0.413035
-9999 -9999
-9999 -9999
-0.531859 0.200620
-9999 -9999
-9999 -9999
-0.363087 0.071828
-0.549524 0.220642
1.258802 -0.151737
-0.600061 0.678589
-0.357645 0.341618
0.467563 -0.684872
1.194452 0.164743
-0.571108 0.042284
-1.218616 -0.097355
-0.492215 0.112510
0.419812 0.148876
1.165137 0.074518
0.401603 -0.647147
-1.086000 -0.282268
1.274368 0.122952
-9999 -9999
0.467264 -0.874559
0.687353 0.138158
-0.224076 0.682217
-0.166773 1.102738
-1.084580 -0.139885
-0.330666 -0.100536
1.038129 -0.059530
-0.358417 -0.132199
-9999 -9999
-1.148865 0.043949
-1.044715 -0.086298
1.217322 -0.032059
-0.429879 -0.054513
1.209435 -0.042568
-1.199538 0.029179
-0.371462 0.030907
-9999 -9999
0.368003 -0.406812
-9999 -9999
0.515974 -0.101826
1.274333 -0.007131
0.603139 -0.416123
-9999 -9999
1.257130 0.204462
-0.412740 0.174677
-9999 -9999
-9999 -9999
0.507590 -0.437601
-1.138388 0.028457
-0.261487 0.361943
0.299364 -0.268269
0.480762 -0.087740
-1.213720 -0.230093
-9999 -9999
-0.484431 0.219604
-0.505553 0.064189
-0.375665 0.390283
0.470286 -0.026695
-1.307132 -0.009409
-1.359308 0.177102
-1.221257 -0.105359
-9999 -9999
-9999 -9999
-0.669381 0.488880
-9999 -9999
-1.130546 -0.136465
-0.487522 0.485328
0.322817 -0.706486
-0.329743 0.977259
-9999 -9999
-9999 -9999
0.604450 -0.840242
-9999 -9999
-0.300808 -0.096585
-0.549903 0.547207
0.445842 -0.723466
-1.099578 -0.045710
0.479639 -0.501254
0.475395 0.170776
-0.429964 -0.072643
1.274663 0.046520
0.568538 -0.610463
0.379723 -0.066315
-0.464102 0.247700
-9999 -9999
0.426814 -0.132446
0.514684 -0.435998
0.433696 -0.114624
0.552004 -0.181493
0.549621 -0.338231
0.394724 -0.283801
-9999 -9999
-0.420739 0.180116
1.302868 -0.057992
-0.405487 0.382497
-0.599339 0.368193
-9999 -9999
1.166119 -0.025600
-1.157145 0.081369
0.456607 -0.195885
-1.251658 -0.032732
-9999 -9999
-0.265925 0.601733
-9999 -9999
1.044906 0.132258
0.380107 -0.673877
-0.537608 0.595957
-1.365249 0.028649
0.504196 -0.696490
-0.512103 0.183563
0.455735 0.034364
-0.431290 0.660336
-0.545208 0.814350
-0.573220 0.451172
-1.300093 -0.077405
0.329736 -0.803505
0.767670 0.158717
-0.345559 0.809091
-9999 -9999
1.091894 0.228425
0.493793 -0.548886
0.479726 -0.585500
-0.410431 -0.096854
-0.435995 0.845281
-0.450405 0.639493
-9999 -9999
0.593159 -0.513256
0.374505 -0.468905
-0.438760 0.178230
0.552970 -0.679529
-0.396006 0.622828
0.500948 -0.310747
0.451540 -0.473127
-0.374170 0.460849
0.398679 -0.355503
-0.492021 0.170804
-0.675115 0.458422
-1.133752 0.094328
-1.164078 -0.022062
0.491876 -0.196043
1.275159 0.092291
0.591684 -0.378484
-9999 -9999
-9999 -9999
0.343699 -0.402095
-0.341070 0.425365
-0.450741 0.544948
-1.225273 -0.251662
-9999 -9999
-0.364314 0.600996
0.387850 -0.147699
-0.463620 0.022902
0.418895 -0.462623
-1.185565 0.078710
-9999 -9999
0.585625 -0.194634
0.337736 -0.505999
-9999 -9999
1.214777 0.174313
-0.536231 0.026958
0.537547 0.059436
0.423296 0.109400
-9999 -9999
-9999 -9999
-0.726391 -0.123760
-0.650648 -0.008755
-9999 -9999
-0.862487 -0.308518
-0.504203 0.584909
-0.154890 -0.069616
-9999 -9999
-0.483888 0.768546
-0.302312 -0.084172
-1.275914 0.104913
-9999 -9999
0.343612 0.025840
0.401226 -0.115170
1.155390 -0.062113
-1.286195 -0.015340
0.990979 0.190157
-1.318988 0.171805
0.423358 -0.125317
0.526220 -0.429351
0.537172 -0.500202
-9999 -9999
-9999 -9999
-9999 -9999
-0.456502 0.362887
0.355496 -0.338838
-1.284280 0.058081
-1.058858 0.177295
-1.294916 0.035509
-9999 -9999
0.366445 -0.462532
1.299215 -0.137255
-9999 -9999
0.499402 -0.419279
-0.534116 0.170767
1.107985 -0.168189
-1.313223 -0.131307
0.301489 -0.361159
-0.393324 0.612669
1.216735 0.022062
-9999 -9999
-9999 -9999
-0.422452 0.089686
-0.389488 -0.098870
1.262582 0.032972
-9999 -9999
-0.063256 0.710943
-0.465146 -0.084012
-1.307366 0.043568
-9999 -9999
-9999 -9999
-9999 -9999
1.025158 0.058954
-9999 -9999
-9999 -9999
0.610174 -0.656144
0.301857 0.145170
-1.050296 -0.060297
0.506226 -0.624291
1.141364 0.089273
0.327984 0.025653
-0.543000 0.564360
1.245563 -0.072694
-1.197578 0.057692
-0.449665 0.016597
-9999 -9999
-0.492483 0.490175
0.573182 -0.414865
-0.417639 0.192956
-0.354751 0.219068
0.464559 -0.249543
-0.366335 0.280629
0.412563 -0.275557
-1.165347 0.018170
-9999 -9999
-0.506898 0.417001
-0.363740 0.476931
-0.396457 0.288024
0.438012 -0.464351
-0.423344 0.478411
-9999 -9999
-1.132576 -0.185864
-0.485883 0.701901
0.434479 -0.070086
0.456410 -0.620514
0.988151 0.259285
0.419023 -0.002492
1.091199 0.057019
-9999 -9999
-1.121440 0.014862
-1.422918 0.050388
-0.464229 -0.116377
-9999 -9999
1.215955 0.095178
0.520117 0.157626
-9999 -9999
-1.372766 -0.072912
0.019991 -0.665062
0.456464 -0.953324
1.213240 0.200214
0.127523 -1.027637
1.000982 -0.063000
-0.546796 0.572985
0.428987 -0.583535
-1.334302 0.110390
-0.620706 0.736923
-1.335585 0.030801
-1.113029 -0.161555
-9999 -9999
-9999 -9999
-0.403391 0.578718
-0.541058 0.061126
-0.980115 -0.176181
0.534342 -0.473869
0.337719 -0.079764
-0.424209 0.143070
0.359486 -0.096154
0.576642 -0.224885
0.451314 -0.229266
1.196108 0.027304
-0.450554 0.275775
1.224411 0.029444
-9999 -9999
-1.056636 0.101681
0.503553 -0.307093
-9999 -9999
0.451990 -0.136944
-9999 -9999
0.464398 -0.105148
0.503498 -0.051947
-9999 -9999
-9999 -9999
-1.155549 -0.134693
-0.428240 0.100085
-0.456696 0.663335
-9999 -9999
-9999 -9999
-0.511513 0.142782
1.363800 -0.184155
-1.174217 -0.145354
-0.518540 0.516613
-0.555375 -0.000765
0.463594 0.129211
1.386945 0.065899
0.252873 -0.726716
0.744903 0.177507
-0.574236 0.916404
-0.217930 0.903898
1.217927 -0.015447
-0.634436 0.588183
0.297066 -0.036870
-1.067538 -0.075343
-1.270621 0.069019
-9999 -9999
0.571836 -0.660345
-9999 -9999
0.400225 -0.045009
0.395627 -0.038225
-0.429564 0.552954
1.148416 0.080546
-0.436836 -0.012216
0.506587 -0.388339
-1.241257 0.017140
-9999 -9999
0.523517 -0.131866
1.251754 0.031522
-1.192400 -0.058141
-1.256384 -0.025601
-9999 -9999
0.339081 -0.281421
0.441572 -0.276952
0.458519 -0.373228
-9999 -9999
-0.434899 0.377189
0.452043 -0.446968
0.521310 -0.600909
0.564072 -0.417208
1.225130 0.108257
-0.537648 0.124725
0.490939 -0.553263
-0.391151 -0.034458
-9999 -9999
-9999 -9999
-9999 -9999
-1.418905 0.194173
0.497853 -0.021405
-0.515869 0.574546
-0.433651 -0.008696
0.530684 -0.523603
0.532081 0.094210
-1.130681 -0.204321
-0.607404 -0.052668
-1.393731 0.080403
1.201568 -0.085712
-9999 -9999
-9999 -9999
1.150143 0.099529
-0.043642 0.521534
-0.301046 -0.061244
-0.374990 -0.053749
-1.302690 0.073799
-0.548900 0.724762
0.463995 -0.669887
-0.496352 0.500831
0.377693 -0.066884
-9999 -9999
-0.499283 0.559274
0.468322 -0.537216
-0.350696 -0.119944
-1.352221 0.202163
-0.355397 0.512065
-0.487242 0.022763
-9999 -9999
-9999 -9999
0.555948 -0.373554
0.426360 -0.367753
0.480067 -0.258938
-1.219447 0.042799
-9999 -9999
1.024961 -0.134495
-0.430198 0.450005
1.104345 0.114471
0.386432 -0.401013
-9999 -9999
1.509434 0.141986
-1.165836 -0.141531
0.555855 -0.145917
1.185686 0.017547
-9999 -9999
-0.332729 0.333499
-0.537891 0.142832
-9999 -9999
-1.320508 -0.077501
-0.480024 0.011385
-1.287771 0.099992
-1.214748 -0.228035
-0.534331 0.005831
1.220000 0.060229
0.720226 0.241537
-9999 -9999
0.506607 -0.706505
-1.208944 -0.136987
-0.737418 -0.213308
-0.793211 -0.000981
-1.567363 -0.611590
-0.336840 0.655149
-0.543946 0.589138
-9999 -9999
-0.471446 -0.011247
-1.131868 0.030163
-9999 -9999
-9999 -9999
-9999 -9999
-0.544045 0.136357
-0.325754 -0.007206
-1.220256 0.031986
0.506938 -0.264854
0.595867 -0.064980
-0.393790 0.530916
0.570032 -0.065416
-1.250265 -0.074648
1.274818 -0.151648
1.206741 0.142816
-9999 -9999
1.402069 -0.004311
0.305067 -0.239383
1.343032 -0.088058
1.092266 -0.101362
-0.477471 0.407595
-1.141701 -0.021893
-0.372589 0.382948
0.507876 -0.204716
1.394640 0.100044
-9999 -9999
1.225550 0.071973
-9999 -9999
0.409814 -0.048539
-0.416531 0.448103
-9999 -9999
-9999 -9999
-0.442910 0.704633
-0.460195 0.070998
-9999 -9999
-0.398305 -0.167218
0.676684 -0.638885
-9999 -9999
-1.134464 -0.247761
0.588989 0.151342
1.336828 0.136758
0.778683 0.112107
1.424233 0.094138
-9999 -9999
-0.446963 0.762482
-9999 -9999
-0.304416 0.003781
-9999 -9999
-0.529061 1.030180
-9999 -9999
-9999 -9999
-0.554169 0.550550
-0.359281 0.011374
-9999 -9999
-0.567840 0.558653
-1.060468 0.097948
-0.368347 -0.003836
-9999 -9999
-0.423848 0.112668
0.533530 -0.479783
0.440437 -0.347495
-9999 -9999
0.353271 -0.184058
-9999 -9999
1.251814 0.122313
-1.123987 0.025495
-0.623468 0.259949
1.157473 -0.159215
-1.256291 -0.045187
0.274485 -0.378925
-0.395713 0.373661
-9999 -9999
-0.440687 0.166724
1.212566 0.172532
-1.282246 0.007708
-0.419912 0.500836
-9999 -9999
-0.494286 0.467503
-0.419644 0.060287
1.229994 0.074593
1.432316 -0.221108
-9999 -9999
-1.436815 0.183949
-1.214817 -0.214790
-9999 -9999
-9999 -9999
0.607746 0.094545
1.336186 0.116575
-0.205260 0.798331
-9999 -9999
-0.653177 -0.176245
-0.176828 0.687727
0.074015 -0.931659
0.383612 0.186255
-9999 -9999
-0.521052 0.642973
-0.513679 0.848467
-0.217831 -0.153144
-9999 -9999
1.010544 0.156937
0.558088 -0.603336
-9999 -9999
0.391712 -0.641764
-9999 -9999
0.489406 0.032789
-1.467907 0.142184
-9999 -9999
1.425573 -0.027361
-0.417383 0.406599
-9999 -9999
-0.388312 0.191176
-0.449361 0.317454
-0.721450 0.290335
-0.366373 0.410537
-0.535291 0.286014
0.315968 -0.426808
0.469860 -0.361928
-0.386581 0.392241
-0.358398 0.425114
0.538708 -0.544116
-1.415101 -0.010684
-9999 -9999
0.399829 -0.462597
-0.435026 0.172318
-0.510692 0.532829
-0.389796 0.353788
-0.453509 0.556399
-9999 -9999
-9999 -9999
-0.482791 0.606386
0.633356 -0.143330
1.204007 0.127254
0.497126 0.034268
-9999 -9999
-0.516228 -0.171371
-0.441524 0.618711
0.309255 -0.666383
1.147429 0.019375
1.211859 0.024443
-0.848352 0.300867
1.594112 0.172482
0.867656 0.131775
-0.621754 0.775519
-1.113662 -0.015974
-0.451652 0.738721
-1.250829 -0.116412
0.611752 -0.529308
-1.055287 -0.310058
-1.237128 0.058608
-1.169247 -0.020421
-0.537505 0.595068
-9999 -9999
1.058223 0.294553
-0.477132 0.130886
-0.429520 0.471485
0.458889 -0.120834
1.319610 0.056369
0.498597 -0.421856
-9999 -9999
-0.494853 0.295974
0.494411 -0.190291
-0.313516 0.396570
0.582686 -0.494224
-1.118542 0.113450
0.547698 -0.372054
0.359472 -0.490016
-9999 -9999
1.150434 0.024021
-9999 -9999
-1.218024 -0.157576
1.325560 -0.047838
-1.132609 0.112372
0.465354 -0.157908
1.113827 0.190189
1.243758 0.006383
-0.487533 0.012597
-1.215226 0.035052
-9999 -9999
-9999 -9999
-9999 -9999
0.688170 -0.649201
0.554280 -0.681228
1.112392 0.185814
0.630274 0.299891
-1.265698 0.048526
-0.778630 -0.223299
-9999 -9999
-9999 -9999
-0.413432 0.905296
-0.579188 0.652457
-9999 -9999
0.596962 -0.621412
0.383384 -0.801318
-9999 -9999
-0.468623 0.608709
-0.439790 0.449408
0.449247 -0.598432
-1.333279 -0.134006
0.321172 -0.094610
0.451750 -0.116681
-9999 -9999
1.449418 -0.038745
-0.402257 0.042121
0.464886 -0.512078
-9999 -9999
0.579546 -0.254881
-9999 -9999
1.148068 0.103078
-1.255949 -0.135201
0.375639 -0.314998
0.390068 -0.265598
-0.451579 0.350189
-1.317309 0.001307
0.363141 -0.441277
-0.427200 0.165234
0.513958 -0.549675
-1.366654 -0.158626
-9999 -9999
0.585169 -0.149436
1.182560 -0.052457
-0.414634 0.155076
-9999 -9999
-0.360694 0.109889
-9999 -9999
-9999 -9999
-9999 -9999
-9999 -9999
0.493830 -0.478029
-1.129365 -0.073403
0.427811 -0.058254
1.096172 0.261761
-9999 -9999
-9999 -9999
-1.231721 0.013753
-1.408697 -0.201484
-1.438121 0.037155
-1.661540 -0.239609
-0.335893 -0.280707
0.492956 -0.630512
-0.440501 0.593486
-0.427976 0.750723
0.421935 -0.623172
0.529435 -0.552783
0.456901 0.181036
0.433349 -0.505119
0.439624 -0.073574
0.425593 -0.097021
0.435666 -0.007900
-1.114433 -0.260956
-0.496900 0.540659
0.399074 -0.363199
-1.386504 -0.004741
0.511883 -0.007926
-0.407067 0.203929
-9999 -9999
0.352759 -0.270369
1.370702 0.004902
-0.311631 0.322010
0.510610 -0.324584
0.351863 -0.342373
0.531252 -0.500641
