0.938931 0.036826
0.917379 -0.033294
0.900232 -0.022570
0.905758 -0.052813
-0.881368 -0.037146
0.889235 0.052548
-0.903787 -0.040009
0.905751 -0.004440
0.882236 -0.029072
0.873372 0.002391
-0.896593 -0.006867
-0.865474 0.004665
-0.876950 0.004823
0.881014 -0.015243
-0.877106 0.021443
0.905931 0.003855
-0.849937 -0.025812
-0.849320 -0.018062
0.885792 -0.031231
-0.883572 -0.035789
0.840410 -0.071162
-0.863589 -0.007789
0.870571 0.001613
-0.849401 -0.055842
-0.870061 -0.100383
-0.835072 -0.110973
0.858954 0.133712
0.898267 0.001866
-0.868124 -0.093559
0.907063 0.022430
0.871723 0.071397
-0.898168 -0.050451
0.904536 0.020592
0.879350 0.021641
0.896228 0.016075
0.931886 0.075973
-0.882380 -0.055091
-0.904891 -0.026733
0.854256 0.054266
-0.886941 -0.064365
-0.902628 -0.060380
-0.905511 -0.009415
0.908880 -0.009746
-0.980329 -0.082243
0.885345 0.003475
0.894809 0.081638
0.930422 0.007858
0.937986 0.047081
-0.881378 -0.017157
-0.890719 -0.072230
-0.865542 0.035486
0.903510 -0.014006
0.839692 0.042856
-0.894879 -0.027602
-0.886430 -0.013377
0.893498 0.028505
-0.889307 0.025230
0.872101 0.079191
0.878598 -0.013956
-0.865543 0.019286
-0.887338 -0.024714
-0.853593 -0.058255
-0.872382 0.038502
0.904118 0.045917
-0.830035 -0.011094
-0.879988 0.010333
0.862990 -0.020945
0.834980 -0.044899
0.859737 0.004081
0.916274 0.020613
-0.862512 -0.033623
0.925038 0.139496
0.895228 0.015805
0.865163 0.052810
0.869077 0.031671
0.880814 0.073184
-0.882893 -0.137240
0.891333 0.081920
0.885646 0.061047
0.844370 -0.015137
0.890751 0.075741
-0.890966 -0.071718
0.891301 0.016964
0.919692 0.155258
-0.919434 -0.040011
-0.915897 -0.111558
-0.916058 -0.021363
0.864635 0.014738
-0.840989 0.024412
-0.930032 -0.085449
-0.950913 -0.063033
-0.979350 -0.100467
0.971477 0.061543
-0.885293 -0.081732
0.947264 0.074560
0.880620 0.027708
0.871984 0.054342
-0.931791 0.017099
0.904596 -0.035911
0.912889 0.009176
0.849456 -0.001158
0.868277 0.061193
-0.882074 -0.058000
-0.941805 -0.086723
0.923825 -0.000413
-0.887403 -0.079589
-0.873357 -0.037428
0.856015 0.057948
-0.922229 -0.065405
0.882835 0.036125
-0.873142 0.007484
-0.901127 -0.055523
0.884285 0.081079
0.893384 0.088153
0.884327 0.013529
0.864219 0.045069
-0.862206 -0.044245
-0.890961 0.016523
0.850531 0.052103
-0.913151 -0.112458
0.850623 0.070961
0.815071 0.108479
-0.898096 -0.043954
-0.872896 -0.106273
-0.858427 -0.024599
-0.953162 -0.014309
-0.866456 -0.093346
-0.832808 -0.048563
-0.870870 -0.063481
-0.847246 0.015150
0.860905 0.052208
0.900857 0.152286
-0.867763 0.015046
0.897054 0.026335
0.866409 -0.021736
0.857990 -0.000065
0.864639 -0.030688
-0.961838 -0.013796
-0.968651 -0.066429
-0.955368 -0.014382
0.956797 0.051890
-0.917443 0.007208
0.899860 -0.004089
-0.907075 -0.069134
-0.900192 -0.033985
0.904702 0.065264
0.865346 -0.034792
0.855428 0.044378
0.862380 0.018817
-0.898528 -0.034575
-0.915248 0.059410
-0.927762 0.052520
0.910103 0.020541
-0.897760 0.038339
0.879634 0.004761
-0.846807 0.033960
0.905652 -0.066445
-0.858555 0.012992
0.876267 -0.063189
0.888032 0.007236
0.838666 -0.040360
0.906210 0.011628
0.885486 -0.011314
0.842470 -0.009169
-0.879650 0.015869
0.899515 0.003807
-0.917090 0.007104
0.808886 -0.046730
-0.859711 -0.075631
-0.874972 -0.126500
-0.866518 -0.053564
0.900436 0.063590
-0.900016 -0.129003
-0.863435 -0.048705
0.862745 0.097928
0.879001 0.101827
0.876365 0.078031
0.860823 0.050250
0.880253 0.014436
-0.863432 -0.039564
0.868039 -0.019821
0.914169 0.080103
-0.849157 -0.040462
-0.914423 -0.080285
0.872030 -0.029281
-0.913942 -0.049952
-0.915087 -0.004666
0.923438 -0.000553
0.974105 0.055343
-0.906254 0.020101
0.947153 -0.022725
0.873484 0.061129
-0.917619 -0.050430
0.927441 0.019511
0.885976 0.004793
-0.912659 0.034974
-0.900006 0.025529
0.917025 -0.040432
-0.909720 -0.045447
-0.947714 -0.068159
-0.888960 0.067810
0.882410 -0.036586
-0.867041 -0.015523
-0.839840 -0.011554
-0.894707 0.034585
-0.854310 -0.024475
0.873510 0.017066
0.910405 0.025112
0.821000 0.022985
-0.899764 -0.010512
-0.839980 0.070466
-0.886761 -0.026983
-0.879121 -0.078838
0.947153 0.089742
0.869170 0.041909
0.829426 -0.016071
0.916454 0.003558
0.883411 0.048620
-0.852260 -0.156709
0.847197 0.105649
0.861518 0.050271
-0.866225 -0.063491
0.842437 0.019874
-0.845267 -0.042549
0.863495 0.054866
0.839436 0.041857
0.856753 0.059628
0.882208 0.084940
0.873446 -0.025750
-0.950475 -0.061191
0.905726 0.061888
0.857441 0.064566
-0.926580 0.013353
-0.885763 -0.004099
-0.879094 -0.005794
-0.937837 -0.073718
0.964883 0.006827
0.858386 0.015561
-0.872541 -0.017123
-0.866433 -0.084038
-0.858395 -0.073854
0.923874 0.020923
-0.869261 0.047356
-0.893661 -0.008256
-0.862142 0.018370
-0.933265 -0.013484
0.928477 -0.004196
-0.929029 -0.076240
0.878844 0.024962
0.870366 0.040027
0.887166 0.046094
-0.889716 0.008723
0.875530 0.027077
-0.886678 0.018400
-0.863935 -0.072375
0.878545 0.012008
-0.852314 -0.007763
-0.921808 -0.079825
-0.868510 0.037460
0.831604 -0.029663
0.860549 -0.029100
-0.963822 -0.087975
-0.827889 0.036305
-0.825183 -0.050212
-0.859791 -0.121707
0.874035 0.062853
-0.884186 -0.027173
-0.835297 -0.132550
-0.882338 -0.078045
0.896471 0.024298
0.854532 0.069816
-0.908147 -0.053398
0.848033 0.054766
0.851001 0.071160
-0.871460 -0.115909
-0.878813 -0.113297
-0.914651 -0.079515
-0.882396 -0.027000
0.906940 0.078607
-0.889802 -0.076510
-0.883140 -0.064712
-0.875387 -0.043674
-0.964681 -0.064043
0.968549 -0.019092
-0.959471 -0.063371
-0.868400 -0.040099
-0.840204 -0.083279
0.872864 0.020141
0.856186 0.069524
0.914484 0.034049
0.885193 -0.016264
-0.901549 -0.045386
0.866819 0.013514
-0.950179 -0.038917
0.921888 0.009736
-0.922984 -0.093844
0.877473 0.005461
0.884563 -0.011304
-0.876216 -0.072434
-0.863360 0.002547
0.873390 -0.019873
-0.875492 -0.006639
0.912913 0.103603
-0.891875 -0.003030
0.855011 0.063987
-0.870238 -0.033959
-0.881220 0.004520
-0.878742 -0.077730
0.848767 0.034559
0.886984 -0.019380
-0.842774 -0.007007
-0.811896 -0.034227
-0.824347 -0.039351
-0.858344 -0.103871
0.892964 0.078443
-0.868091 -0.057665
-0.909581 -0.016291
-0.914106 -0.050442
0.896054 0.052283
0.873719 0.053473
-0.870489 -0.076169
-0.848054 -0.043652
-0.882191 -0.106615
-0.904971 -0.050169
0.843796 0.054043
0.878710 0.039414
-0.836232 -0.058557
0.876127 0.076137
-0.943736 -0.030743
0.909173 0.062035
0.884738 -0.008442
1.012075 0.080223
0.976053 0.045119
-0.895957 -0.037884
-0.921321 -0.055231
-0.858337 -0.024974
0.910492 0.072112
0.891378 0.022452
0.887643 -0.041329
-0.893680 -0.014532
0.860207 0.051488
-0.862305 -0.064195
0.927453 0.022504
-0.943602 -0.027493
-0.907118 -0.045247
-0.868220 -0.071569
0.879992 0.031921
0.833936 0.033737
0.902609 0.028992
-0.889613 0.026624
0.857617 -0.038045
-0.885953 -0.018518
-0.867884 -0.020824
0.862636 -0.030469
0.828955 -0.052865
-0.879324 -0.002681
-0.845360 0.023091
0.932902 0.107042
0.831824 -0.001361
0.860561 0.062581
0.931140 0.042215
-0.825863 -0.133403
0.845029 0.161013
0.861885 0.065733
-0.866411 -0.116108
0.930203 0.038861
-0.836560 -0.088002
0.881847 0.093577
-0.892046 -0.059788
0.909060 0.032631
-0.866017 -0.100869
-0.898255 -0.139242
-0.906917 -0.033271
-0.923355 -0.047846
0.917706 0.035763
-0.930060 -0.018179
-0.936172 -0.003389
-0.932494 -0.073617
0.905935 0.053080
-0.962685 -0.015161
-0.913791 -0.024709
0.893008 -0.001285
0.945994 -0.013412
-0.860312 -0.040904
-0.869643 0.004952
0.866952 0.013193
0.863712 0.013099
0.873904 0.043453
-0.866716 -0.035921
-0.923212 -0.008871
0.911205 0.048628
-0.938540 -0.020338
0.895421 0.038729
0.856967 0.018071
0.869138 0.056970
0.836836 0.010619
-0.946161 -0.011273
0.872548 0.055023
-0.871998 0.034124
-0.873052 0.020703
-0.850015 -0.012594
0.887365 -0.034844
0.855342 -0.032715
-0.849472 0.021045
-0.923623 -0.060810
0.888813 0.004538
0.879398 0.058311
0.869125 0.060412
-0.894428 -0.020331
-0.859012 -0.157235
-0.852650 -0.006089
-0.842868 -0.081868
0.854468 0.017841
-0.921325 -0.045642
0.824219 0.116210
0.869415 0.014966
-0.909387 -0.042957
0.876465 0.039110
-0.935109 -0.047216
0.887436 0.049171
-0.888865 0.013819
0.942659 0.051435
-0.868315 -0.072789
-0.878505 -0.025160
0.921346 0.006824
-0.921556 -0.027009
-0.891693 -0.064615
-0.917309 -0.027126
-0.920769 -0.012316
0.932702 0.037261
-0.839403 -0.008031
-0.925286 0.004860
-0.876237 -0.022563
0.940238 -0.017770
0.840696 0.009236
0.910211 0.001606
0.879102 0.062973
-0.930872 -0.028845
-0.900044 0.029435
-0.928485 -0.076993
0.894724 0.053056
-0.866416 -0.033698
-0.849996 0.009658
-0.830289 -0.021706
-0.907344 -0.035046
0.903932 0.065221
0.890031 0.030535
-0.904290 -0.030629
0.838673 0.022050
-0.870813 -0.047293
-0.906073 -0.028478
0.912867 0.055416
-0.830061 -0.045543
0.874459 -0.043184
-0.818054 -0.046871
-0.845493 -0.114686
-0.849043 -0.109285
0.854982 0.173561
-0.842947 -0.171757
0.857823 0.060347
0.882472 0.110184
0.893269 0.106100
-0.866240 -0.079956
-0.871004 -0.101852
-0.870793 -0.011462
-0.860700 -0.069481
0.897915 0.086812
-0.841869 -0.111397
0.901224 0.094366
0.907585 0.084359
-0.923445 -0.080195
-0.864778 -0.066794
-0.902494 -0.061468
-0.952522 -0.014121
0.921810 0.067955
-0.903714 -0.007079
0.921234 0.077166
0.860897 0.003409
-0.868821 -0.090159
-0.858913 -0.078140
-0.916444 0.019601
0.863693 0.037488
0.896108 0.029122
0.871010 0.081878
-0.856245 0.038197
0.926466 -0.018764
-0.877000 -0.010283
-0.926107 -0.070348
-0.909642 -0.041146
-0.860024 -0.061644
-0.876720 -0.046705
-0.852263 -0.033042
-0.928729 -0.020273
-0.888355 -0.020097
-0.839850 -0.011401
0.920200 0.071248
0.841005 0.035223
-0.928953 -0.044868
0.915599 0.049864
0.869711 0.029568
-0.896715 -0.058784
-0.918193 -0.062739
-0.889255 -0.087987
-0.816851 -0.067461
0.860914 0.143876
0.872708 0.082064
-0.869817 -0.058640
-0.886314 -0.023475
-0.854591 -0.023643
-0.910793 -0.139597
-0.856864 -0.120515
-0.915062 -0.077546
-0.820407 -0.064692
0.878033 0.033306
0.877571 0.026613
0.869870 0.083108
-0.895243 -0.072176
0.968636 0.083744
0.914323 0.041284
0.852233 0.085440
-0.936581 -0.049548
-0.860742 -0.067773
0.933590 0.070993
-0.951735 -0.097741
-0.967699 -0.009544
0.921892 0.042837
-0.943725 -0.094192
-0.896069 -0.034762
-0.881512 -0.044686
0.922118 -0.012267
0.874243 -0.024791
-0.880106 -0.010309
0.899852 -0.004292
0.883983 0.037991
-0.880153 0.012500
-0.921989 0.040485
-0.888102 0.074325
-0.902037 -0.059526
0.881363 -0.022275
-0.892542 -0.001626
-0.908204 -0.063319
0.868413 0.018033
-0.871067 0.003610
-0.899391 -0.053238
-0.865591 -0.017589
-0.899173 -0.001347
0.861126 -0.012038
-0.917961 -0.041427
0.814913 -0.058833
0.913771 0.017804
-0.947443 -0.067052
0.865628 0.025089
-0.877972 -0.024196
-0.856569 -0.093280
-0.837449 -0.151519
0.887602 0.014096
-0.887920 -0.077499
0.911440 0.053137
-0.882402 -0.023730
0.883457 0.072036
-0.882807 -0.074404
0.827311 0.053598
0.902342 0.124359
0.925245 0.108217
-0.857221 -0.048466
0.888808 0.048491
0.930108 0.026235
-0.879141 0.013666
0.910107 0.071293
0.926412 0.013575
0.951794 0.058584
0.965281 -0.013258
0.945092 0.009984
-0.903065 -0.012622
0.933044 0.067705
0.864691 0.027290
0.872346 -0.004513
0.936886 0.010140
-0.872907 -0.031669
-0.900311 0.003011
0.883650 -0.045741
-0.863240 0.001332
0.900697 0.023856
0.936332 0.036182
-0.926643 0.010381
0.872918 0.071292
-0.906020 -0.018853
-0.864759 -0.030818
0.899948 -0.065328
-0.872518 -0.001234
-0.882114 0.006327
0.872672 -0.042162
-0.860010 -0.023731
-0.897479 -0.059792
-0.878932 0.021910
0.887875 0.019242
-0.901814 -0.065842
-0.879989 0.048371
0.864868 0.017904
0.861288 0.103050
-0.836107 -0.014612
-0.816370 -0.105620
0.865613 0.102650
0.850289 0.071085
0.855129 0.070945
0.901810 0.026405
0.861980 0.029715
0.857893 0.122770
0.877016 0.022543
-0.881334 -0.002714
-0.856781 -0.118409
0.920655 0.096840
-0.901424 -0.103689
0.933044 0.110510
-0.869791 -0.007277
-0.912892 -0.027169
-0.916354 -0.001632
-0.880223 -0.056242
0.891849 0.071070
-0.921282 -0.087575
0.895254 0.014476
-0.869174 -0.066410
-0.864622 -0.059508
-0.889089 -0.062418
-0.958359 -0.069656
0.912700 0.069031
0.843139 -0.009152
0.890938 0.052565
0.882192 0.004969
-0.905118 0.022681
-0.901084 0.003154
0.967107 0.004338
-0.912293 -0.004599
-0.816558 -0.048390
-0.909587 -0.082478
-0.850915 -0.058546
0.894142 0.070040
-0.898926 -0.020726
0.897098 -0.046315
-0.907614 -0.026524
-0.804392 -0.044016
-0.917409 0.013034
-0.895609 -0.008503
0.794853 -0.031042
-0.841324 -0.001236
0.918804 0.062469
0.813336 0.002840
0.830692 -0.005008
-0.848237 -0.131054
-0.863286 -0.102686
-0.896612 -0.096462
0.835340 0.046169
-0.890379 -0.085692
0.851483 0.004766
-0.852580 -0.005306
0.864465 -0.008079
-0.889820 -0.066494
0.871533 0.033679
-0.927872 -0.007765
0.956958 0.082460
0.868728 0.014284
-0.919412 -0.035280
0.845909 0.037224
0.832617 -0.004550
0.880965 0.042565
-0.951267 -0.069418
0.842884 0.063015
1.012219 0.019775
0.954848 0.035549
-0.870814 0.002207
0.886636 -0.000692
-0.873801 -0.041082
0.859169 0.070425
0.906983 0.057915
0.849320 0.004352
-0.883154 -0.033094
0.826656 0.000293
0.914139 0.009918
0.911006 -0.049677
-0.900683 -0.008564
-0.913828 0.070507
0.885157 0.056869
0.895867 -0.024030
-0.873875 0.075818
0.868839 0.024253
0.892467 0.050658
0.887741 0.002845
-0.883665 0.000802
-0.875596 -0.013783
0.882522 0.055705
-0.877873 0.044972
0.847736 -0.018990
-0.832024 0.058553
-0.947982 0.020122
-0.835919 0.055410
0.826355 0.042357
-0.840344 -0.072307
-0.863349 -0.125665
0.861655 0.141223
-0.867284 -0.050851
-0.861471 -0.008773
-0.883497 -0.124255
-0.879684 -0.126686
-0.880169 -0.113631
0.872470 0.094920
-0.836224 -0.053467
0.850508 0.077147
-0.888792 -0.044553
-0.917465 -0.030011
0.964094 0.035549
-0.825830 -0.055673
-0.880508 -0.069989
0.846084 -0.018149
0.916998 0.030249
-0.929815 0.010231
-0.984122 -0.012892
-0.916959 -0.069300
0.948364 0.040515
-0.816941 -0.001423
-0.914835 0.003362
