0.801043 -0.091187
-0.813200 -0.122334
0.632154 0.106842
-0.884720 -0.022868
0.698299 0.066352
-0.637237 -0.199178
-0.806702 0.125977
0.933260 -0.264707
-0.960040 0.422392
-0.830384 0.207235
0.816501 0.015615
0.865483 -0.112663
0.632154 -0.254912
0.809410 -0.160227
-0.720151 0.269195
0.871858 -0.027759
-0.824604 -0.110380
0.871351 -0.115643
-0.649297 0.083899
0.755446 0.019543
-0.646204 0.232019
0.591618 -0.176057
-0.959454 0.039205
-0.760939 0.150997
-0.842739 -0.240170
-0.666607 -0.294717
0.717134 0.244358
-0.675212 0.014102
-0.755463 -0.241474
-0.925458 -0.084487
-0.885067 -0.249098
0.906784 0.228572
0.809659 0.098359
0.726443 0.001713
-0.843998 -0.003621
0.723192 0.217612
-0.723751 -0.014132
0.755950 0.150786
-0.805249 -0.240586
0.853857 0.064123
-0.717067 -0.118625
0.777873 0.009572
0.799491 0.029832
-0.936306 -0.200999
0.843105 0.029812
0.799166 0.089582
-0.815237 -0.073980
-0.708523 0.013427
0.728122 0.019527
-0.902111 -0.043460
-0.753868 -0.113563
0.726773 0.070053
-0.786613 0.204418
-0.618831 -0.141030
0.851789 -0.156050
0.768807 0.177361
-1.059550 0.526398
0.776018 0.064527
0.725592 -0.027293
0.655830 0.080950
0.716172 -0.164321
-0.826015 -0.011280
-0.894278 -0.023415
0.889069 -0.074608
-0.845822 -0.134700
0.852309 0.055767
-0.694509 0.181085
-0.874039 -0.134142
-0.711457 0.034165
-0.683071 0.088420
-0.700354 0.169174
0.847858 -0.041222
0.834519 0.336077
-0.765200 -0.141519
-0.767679 -0.211518
-0.712417 -0.023804
-0.790546 -0.326276
0.789790 0.302437
-0.752709 -0.168094
-0.897497 -0.243000
-0.710619 -0.469382
0.779330 0.089998
-0.708287 -0.128929
0.754957 0.294219
0.695746 0.054291
0.834436 0.123951
-0.814063 -0.033047
0.807634 0.120952
-0.704368 -0.076813
0.714178 0.063918
-0.763295 0.055093
-0.991184 -0.166432
-0.655681 0.008211
0.760814 0.032357
0.698604 0.003180
0.796239 0.220120
-0.878994 0.076456
0.681193 -0.024543
-0.748817 0.018564
0.740913 0.068855
0.745763 -0.206467
-0.865118 0.105629
0.878497 -0.195131
0.812127 -0.001834
-0.840391 0.159324
0.778905 0.062602
0.765693 -0.140586
0.759475 0.075471
-0.686976 0.316973
-0.733869 -0.008618
-0.753177 0.006686
0.805197 -0.219553
-0.797184 -0.161656
0.776059 -0.070848
0.934880 -0.134368
0.577074 -0.148355
0.758689 -0.185314
0.711622 -0.273372
0.708396 -0.311147
-0.712076 0.222015
0.665995 0.296715
0.732731 0.200433
0.754267 0.254703
0.771738 -0.138627
-0.720298 -0.094995
1.029699 0.284184
-0.893692 -0.257484
0.814013 0.066537
-0.776832 -0.146144
-0.699610 0.019537
0.787242 0.006198
0.757985 0.301277
-0.620733 -0.098787
0.778527 0.157826
-0.792375 -0.153044
0.928789 0.081555
-0.916031 0.001127
0.814957 0.010538
1.047681 0.148265
-0.904362 -0.087936
-1.201791 0.261465
-0.748447 -0.018424
0.757940 0.019899
0.898134 0.047999
0.769622 -0.014154
-0.753755 -0.093336
-0.710980 -0.032970
0.847633 0.002654
-0.742925 0.159957
0.706456 0.082584
-0.523111 -0.156301
0.847815 0.029847
0.941961 -0.085972
-0.749527 0.121156
-0.876533 -0.040726
-0.850457 0.216554
0.730332 -0.162593
-0.847005 -0.053608
0.790373 -0.169716
-0.845525 -0.068254
0.681868 -0.069597
0.575189 -0.170485
-0.800469 -0.021304
0.685848 -0.095004
-0.772979 -0.005408
-0.612890 0.175842
0.763837 -0.146571
-0.871339 -0.014369
0.685710 0.282260
-0.855568 -0.233771
-0.790869 -0.134167
-0.731908 -0.116211
-0.829645 -0.256769
-1.025254 -0.205387
0.829337 0.069607
0.872114 0.214255
-0.719033 -0.456132
0.804357 0.040403
-0.802897 -0.041981
-0.750314 -0.229187
-0.760525 0.117378
-0.735415 -0.234640
0.815423 0.091861
-0.809116 -0.110229
0.705863 -0.045453
0.779778 0.041113
-0.642147 0.061327
0.922974 0.174522
-0.715003 0.054543
0.646975 0.057270
-0.681785 -0.065588
0.806729 0.102878
0.616012 0.023871
-0.783115 -0.041957
0.713172 0.086904
0.789286 0.041619
0.619622 0.091417
-0.709814 -0.125022
-0.831344 0.057029
0.863326 -0.260060
-0.967128 0.372122
-0.809387 -0.046502
-0.834081 -0.110162
0.763328 0.158849
-0.812053 -0.047501
-0.797730 -0.164416
0.876619 0.066069
0.673933 0.139234
0.678573 -0.044929
-0.724626 0.221385
-0.691785 0.094377
-0.807005 -0.161323
-0.833035 -0.135009
0.703461 -0.087536
-0.701595 0.082535
0.754607 -0.087163
-0.811821 -0.184889
0.962406 0.128760
-0.938027 -0.084320
-0.743346 0.123681
-0.958372 -0.145452
-0.973182 -0.155138
-1.041164 -0.227691
-0.808704 -0.029651
-0.779247 -0.050854
0.710283 -0.096648
0.789270 -0.009514
0.751319 0.260555
-0.737144 0.020195
-0.776279 -0.106250
-0.797071 -0.005424
-0.799029 -0.010007
0.829935 -0.032004
-0.639937 -0.040345
0.681399 -0.006131
-0.974097 -0.133041
1.241540 0.002900
-0.683144 -0.051056
0.713600 0.066915
0.782452 0.132456
0.726912 -0.123594
-0.760715 0.019220
-0.679279 -0.021849
-0.694859 0.030180
0.619700 -0.139745
-0.765594 -0.115595
0.883242 -0.109020
-0.765905 -0.039300
-0.791088 0.415320
0.761268 -0.144510
0.833060 -0.284334
0.741190 -0.020663
-0.702811 0.309482
0.776493 -0.203245
-0.778581 -0.062737
0.763883 -0.114631
-0.816072 -0.044709
-0.649608 0.144276
0.803452 0.063446
0.838574 0.167051
0.771895 -0.045796
0.638426 -0.320990
0.624972 -0.272565
-0.733544 0.075424
0.764587 0.181549
-0.743847 -0.202256
0.938369 0.227736
0.724885 0.064696
-0.704956 -0.175154
-1.075806 -0.051636
0.923007 0.030750
-0.847106 -0.046807
0.828139 0.116832
-0.855816 -0.050861
0.821396 -0.066283
-0.707704 -0.189945
-0.747164 0.031210
-0.824230 -0.080691
-0.737352 0.118832
0.804027 -0.006336
0.700825 -0.101855
-0.862402 0.178472
-0.917530 -0.089707
1.004336 0.089977
-0.801533 0.007928
-0.665971 -0.048043
0.836543 0.055690
0.808639 -0.007748
0.760000 -0.031584
-0.775090 -0.023837
0.670822 0.018853
-0.902784 0.026611
0.681409 0.063804
0.858656 -0.121940
0.760357 -0.039258
0.867647 -0.204030
-0.969792 0.153998
0.819018 -0.148395
0.882677 0.014848
0.805430 -0.111435
-0.685151 0.132676
-0.732407 0.233434
-0.847505 0.003818
0.721813 -0.082215
-0.697380 0.095875
-0.653938 0.170955
-0.722469 -0.140685
0.776755 0.167416
-0.899422 -0.132202
-0.793079 0.040903
0.694022 -0.079166
0.783556 0.013818
-0.808869 -0.169305
0.845279 0.083751
-0.729951 -0.161001
0.830056 0.085694
-0.841324 0.008633
-1.015100 -0.147628
1.037499 0.106858
-0.850655 0.015633
0.803601 -0.030161
0.724912 -0.111611
-0.801730 0.103903
-0.786107 -0.201968
-0.665299 -0.050225
0.842238 0.065694
0.760076 0.087008
-0.854285 -0.062396
-0.940059 -0.016736
0.684794 -0.012748
0.658877 -0.001068
0.857861 0.043090
-1.146376 0.116980
-0.764859 -0.105883
-0.654825 -0.029955
-0.690452 0.030614
0.712544 0.013875
0.876671 0.024551
-0.740634 -0.055740
0.898512 0.023846
-0.832827 0.135690
0.821717 -0.122854
-0.784658 -0.003108
-0.960433 0.427719
-0.882142 0.033204
0.766827 -0.075594
0.874845 -0.379427
0.717898 0.066839
-0.817325 -0.085632
0.776372 -0.224419
-0.743148 0.293326
-0.852467 -0.040481
0.785516 0.129832
-0.789122 0.076598
-0.922812 -0.054674
-0.743007 0.017816
-0.806334 -0.044396
-0.775926 0.064084
-0.712830 0.134212
0.825864 -0.001469
-0.863308 -0.215496
0.755290 0.241516
0.872586 0.202304
0.798709 -0.130584
-0.801151 -0.314239
1.002040 0.246494
-0.952938 -0.340867
-0.834365 -0.113600
0.840090 0.162696
-0.717140 0.032223
0.704726 0.083789
0.806051 0.303143
-0.784266 -0.004986
-0.739494 -0.126407
0.849408 0.223074
0.802054 0.046808
-0.655165 -0.050232
0.872795 -0.130157
1.022785 0.236604
1.080214 0.287508
1.208336 -0.094018
0.669534 0.011134
-0.636749 -0.144476
0.844993 0.117086
-0.947102 -0.007858
0.617067 0.035296
-0.745854 -0.047963
-0.745070 -0.087240
0.713297 -0.147505
-0.689556 -0.220458
-0.707059 -0.093722
-0.792304 -0.049138
-0.876809 0.033826
-0.839515 -0.174332
0.875927 -0.307958
0.756520 0.012592
0.685380 -0.100617
0.861772 -0.076286
-0.759212 0.148698
-0.920098 -0.144810
-0.703243 0.006744
0.833539 -0.011579
-0.897513 -0.075395
0.630488 -0.052590
0.707607 -0.309121
-0.732441 0.012965
0.632731 -0.138569
0.717635 -0.202957
0.855455 0.305392
-0.746032 -0.150004
0.907184 0.214571
0.730293 -0.223365
0.798521 0.203156
1.011529 0.040883
-0.896220 -0.093221
0.949459 0.155276
0.771779 0.377461
-0.765387 0.049587
0.675271 -0.024900
-0.791100 -0.195780
-0.669036 -0.075548
-0.879530 -0.087125
0.748842 -0.131467
-0.761707 -0.008685
-0.848049 -0.023634
-0.705041 -0.057485
0.955244 0.071956
0.779621 0.086450
0.803569 0.008929
-0.728775 -0.017966
-0.715491 -0.056578
-0.625735 -0.182324
0.650644 0.092886
0.712149 0.045101
0.769726 -0.040474
0.736304 0.075210
-0.844960 -0.063609
0.774992 -0.080117
-0.652628 -0.182522
-0.882963 0.198750
-0.888709 -0.049935
0.739212 -0.072378
0.764011 0.129079
-0.654161 -0.168946
-0.663076 0.156299
-0.863915 0.057429
-0.808408 0.086928
0.783918 0.080643
-0.717720 -0.295297
0.651164 -0.060018
-0.739761 0.060033
-0.872707 -0.169942
-0.808985 -0.112178
-0.695372 0.325526
0.745868 -0.117049
-0.737227 0.030430
-0.848751 -0.148752
-0.745731 -0.157983
-0.889778 -0.111554
0.744531 0.079319
0.785231 0.226251
-1.112835 -0.037327
0.912212 0.186116
0.856026 -0.092422
0.786362 0.092757
0.824918 0.104663
-0.622456 0.017036
0.876484 0.207474
-0.780858 0.080479
-0.814253 -0.097658
0.806418 0.017195
0.868047 0.103881
-0.794067 0.066966
-0.865093 0.184859
-0.768565 -0.020377
-0.981339 -0.077704
-1.126875 0.209756
-0.741902 -0.167566
0.722263 -0.037442
0.834626 0.072797
-0.850329 -0.125866
0.743196 0.055756
0.632788 0.123637
-0.774021 -0.023174
-0.721366 0.220963
-0.842913 0.020383
0.604087 0.078245
0.909562 -0.302497
-1.034008 0.319222
-0.815169 0.055313
-0.829665 -0.047068
-0.716617 -0.096391
0.727155 -0.155759
-0.790145 0.097893
0.851752 0.066745
-0.796404 0.023726
0.799256 0.234248
-0.660774 0.261131
-0.674489 0.040143
0.776829 0.212472
0.769687 -0.005364
-0.606739 0.211055
0.876758 -0.069613
0.791690 0.008830
-0.776167 -0.158363
0.754001 0.189536
-0.848470 -0.135629
-0.805971 0.013152
0.879798 0.122432
0.937446 0.233981
0.962545 0.121998
0.779809 0.015911
-0.807003 -0.169361
0.807874 0.016436
0.835121 -0.041675
0.785701 0.150174
0.654821 0.038526
-0.742451 -0.153204
0.778503 -0.028299
-0.752884 -0.007194
0.868189 -0.060781
-0.758529 -0.007201
-0.695616 0.013812
-0.933367 -0.104123
-0.739777 0.012986
-0.627043 -0.093875
0.852023 0.087250
0.874647 -0.017854
-0.850898 -0.018894
-0.671028 -0.084314
0.743263 -0.008884
-0.903706 -0.067847
0.864705 0.170246
0.727534 0.140249
-0.916525 0.101881
0.790030 0.040609
-0.928704 -0.057845
0.688709 -0.032350
-0.930189 0.331853
-0.948622 0.091814
0.754617 0.179075
0.713237 0.128307
-0.796923 -0.042168
0.820758 0.080579
-0.698887 0.105260
0.831495 -0.031173
0.719798 -0.149648
0.701641 -0.075643
-0.842144 -0.065422
-0.727159 0.086565
0.784746 -0.059225
0.794937 0.217866
-0.912909 -0.169374
0.765232 0.075332
0.802397 0.182144
0.846438 -0.028799
-0.791908 -0.216542
-0.999263 -0.108414
0.966435 0.154305
0.837987 0.217330
0.788542 0.053466
-0.676985 0.098995
0.703230 -0.150776
0.832011 0.210003
0.755871 -0.026708
-0.730416 -0.148117
-0.730670 -0.033311
0.810189 -0.003396
0.744877 -0.005665
0.801036 -0.240237
0.674334 -0.022575
-0.984102 -0.136274
0.721562 -0.038143
0.808176 0.111068
-0.673796 -0.112957
-0.774998 -0.080825
-0.964093 0.082815
0.639393 0.013654
-0.798221 0.023678
0.842116 -0.049414
0.756781 0.131566
-0.925043 0.204515
0.707935 0.079986
-0.785326 -0.017646
0.817817 -0.022110
-0.813070 0.176680
0.838213 -0.248528
0.758597 0.067721
-0.715167 0.165657
-0.767810 0.211182
-0.812331 -0.090459
-0.823326 -0.109312
0.600598 -0.037606
-0.712534 0.249848
0.691236 -0.216904
-0.771717 0.110483
-0.827378 -0.005999
-0.852934 -0.089562
-0.922864 0.035122
-0.824629 0.090330
0.813639 0.166412
0.666310 0.245776
0.750773 0.223342
-0.749139 -0.156161
0.846150 0.175994
1.123212 0.103690
-0.857312 -0.264279
0.823447 0.242527
0.770247 0.381062
0.831047 0.003431
0.828391 0.099376
-0.839049 -0.203726
0.740700 0.062369
-0.853649 -0.121696
0.739215 0.011058
-0.774339 -0.120931
-0.901575 -0.040737
-0.896456 0.199936
-0.933612 -0.159658
0.832468 0.141591
-0.676592 0.045428
0.842899 0.131835
0.676948 0.037868
0.824764 0.023395
-0.929369 0.209316
0.765392 0.002557
-0.727671 -0.046574
0.804865 0.088410
-0.792549 0.193941
0.737890 0.084712
0.852453 -0.143614
-0.864628 0.310486
0.871518 -0.377902
0.765124 0.076545
0.752018 -0.059040
-0.893607 -0.000141
-0.764162 0.263157
0.849152 -0.024862
0.678881 -0.194758
0.815037 0.062862
-0.823827 -0.151502
0.790472 -0.177484
0.740032 -0.219481
-0.802773 0.140510
-0.629338 0.201879
-0.670061 0.182757
0.647261 -0.236557
0.589945 -0.085444
0.718880 0.174790
0.823310 0.043715
-0.825127 -0.165268
0.779091 -0.011055
0.870915 0.091197
1.024739 0.146010
0.828263 0.162892
0.880351 0.048967
0.767256 0.086480
-0.859271 -0.016690
-0.686512 0.064334
0.803989 0.178037
0.636947 -0.044085
0.840502 0.016812
-0.812257 -0.099377
-0.792558 -0.016455
0.772462 -0.035728
0.742641 -0.010805
-0.872355 -0.062988
1.068995 0.156467
-1.216695 0.121984
0.757707 0.058511
0.740240 0.038973
-0.676330 -0.098075
-0.940773 0.106950
-0.668652 -0.045248
0.682812 -0.050983
-0.729283 0.002181
0.753245 -0.173475
-0.868978 0.065478
-0.713548 -0.092195
0.684198 0.043389
0.892604 -0.021683
-0.721946 0.071876
0.850607 0.031993
0.635384 0.074928
-0.857835 0.004658
0.743468 0.145055
0.741645 -0.111577
-0.812421 -0.023949
-0.623964 0.073215
0.838294 -0.015387
-0.822950 -0.177657
0.827178 0.098566
-0.808904 -0.176820
0.719041 -0.042813
-0.919147 -0.008168
0.748396 0.001972
-0.819899 -0.267636
-0.754302 -0.176057
-0.937833 -0.178870
-0.748912 0.109171
0.839967 0.109842
-0.879231 -0.153414
0.842716 0.273018
0.790869 0.005052
0.736682 0.163174
-0.657586 0.029558
-0.826519 -0.057977
0.776724 0.148016
0.641963 0.029175
-0.820139 -0.020548
-0.691176 -0.195625
0.877607 0.006026
0.677425 -0.056105
-0.898379 0.247152
-0.943103 -0.199802
-0.755743 -0.083205
-0.727750 0.001148
-0.711717 -0.104783
-0.717946 -0.064369
0.885883 -0.020711
