0.609248 -0.238550
-0.884274 0.028313
-0.520567 -0.009238
0.859983 -0.073795
0.811977 -0.218270
0.657399 -0.084244
1.011811 -0.119283
1.104853 0.127781
-0.583692 0.033659
-0.918199 -0.142355
-0.781755 -0.053707
0.585394 -0.346638
-0.876977 -0.042590
0.862915 -0.072640
0.787283 -0.060178
0.624536 -0.061536
0.880898 0.184956
-1.067114 -0.352375
1.108592 0.032915
-0.641242 -0.275338
1.083649 0.125875
0.966275 0.184198
-0.790913 0.157832
-0.816191 0.082036
0.934704 0.142825
-0.480408 -0.009975
-0.701150 0.229771
0.598637 0.106473
0.895234 0.013521
-1.114597 0.006004
-0.853929 -0.094724
-0.926625 -0.035523
-0.412622 0.068187
0.618421 -0.193901
-0.652779 0.221392
-0.850132 -0.103780
-0.875101 0.448738
0.476050 -0.096850
0.928459 0.078021
0.681613 -0.311216
0.741892 -0.038593
-0.745850 -0.090635
-1.011657 -0.235742
-1.060675 0.026681
0.687597 -0.291656
-0.699348 0.377685
0.532183 -0.200084
0.824166 -0.112769
0.531532 -0.361877
0.859927 0.137043
0.593955 -0.092777
-0.810146 0.062438
0.921891 -0.120085
-0.898973 0.122683
-0.698909 0.144700
1.020200 0.373368
0.770769 0.385833
0.700067 0.025339
-0.872955 0.018874
-0.692263 0.166874
-0.958626 -0.255281
0.767332 0.036912
0.905984 -0.150308
-0.642436 0.072042
0.926461 0.126894
-1.077048 -0.056314
0.983937 0.028304
0.751232 0.199676
-1.018580 -0.244655
0.856951 0.234983
0.905575 -0.357926
1.026319 0.198757
0.880258 0.038254
0.473328 0.012856
0.458975 -0.113327
0.874327 0.127383
-0.986427 -0.020636
-0.822261 -0.060045
-0.991515 0.160974
0.761119 -0.014190
-0.435902 0.064916
-0.727768 0.247065
0.584003 -0.358500
0.934949 0.270889
0.731857 -0.492015
-1.005647 -0.086762
0.959930 -0.013652
0.969906 -0.083754
0.660968 -0.343176
0.459485 -0.218827
-1.136270 -0.001640
-0.530026 0.192593
0.520931 -0.269870
-0.684437 0.167995
-0.784644 0.274178
0.818536 -0.170101
0.523605 -0.233575
0.966035 -0.085553
-1.030186 0.138731
0.589698 -0.163792
-0.968433 0.174330
-0.519422 0.381715
1.087944 -0.172460
-1.015189 -0.004516
-1.111595 -0.301110
0.708354 -0.287065
0.987248 0.101178
0.718549 -0.110437
0.989912 0.221004
-0.796101 0.321829
-0.740595 0.373881
-0.724957 0.093838
-1.051347 -0.086185
-0.944066 -0.433190
0.963162 -0.039288
-0.592946 0.101770
1.133489 0.294454
-0.730077 -0.035363
1.075576 -0.032940
0.946532 -0.048713
0.829512 -0.076503
-0.530374 0.260095
-1.003401 0.054820
-0.627955 -0.066641
-0.988275 0.073956
-0.721066 0.228230
0.600868 -0.434287
-0.961449 0.072652
-0.372273 0.207262
1.044548 -0.042072
-0.364855 0.465357
0.934647 0.071364
0.761532 -0.580216
-0.726913 0.151903
-0.866603 0.292390
-1.015991 0.006636
0.693952 -0.360491
-0.536623 0.183069
0.714715 -0.412130
0.581031 -0.142092
0.607680 -0.393022
-0.639940 0.239431
0.530407 -0.213503
-0.789428 0.373301
0.904333 -0.052230
0.585697 -0.287866
0.621900 -0.072638
-0.800802 0.298149
-1.058642 0.060872
0.644092 -0.318315
-0.765207 0.490059
1.074143 0.372680
-0.527283 -0.145141
0.868937 0.006356
1.126888 0.357255
0.942872 -0.117008
1.101367 0.165436
-0.781224 0.113003
-0.895882 -0.274399
-1.025824 -0.139744
-0.974342 -0.162041
1.170421 0.085350
-0.980432 0.001071
-0.809281 -0.074182
0.833463 -0.099137
-0.508626 -0.128080
0.777701 -0.327716
0.637442 0.173336
-0.664723 0.080962
0.936200 0.003517
-0.712214 0.388834
0.593678 -0.015232
0.634910 -0.102959
-0.834761 0.434575
1.099347 0.165765
-0.704261 0.109314
0.508583 -0.345176
0.693696 -0.311790
-0.494596 0.412773
-1.006437 0.144385
-0.949744 0.335159
-0.403330 -0.072427
-0.793182 0.087235
0.936102 -0.106318
-0.647980 0.269917
-0.908295 0.076411
-0.675320 0.335674
-0.548099 0.167587
-0.781300 0.277695
-1.109313 -0.022320
0.585699 -0.058659
0.783135 -0.343238
0.905133 -0.061920
-0.647678 0.155262
-0.690020 0.021830
-0.953757 -0.176534
0.895082 0.109878
0.755041 -0.034591
-0.844881 -0.008788
-1.253487 -0.035827
-0.627243 -0.025327
0.906195 0.132406
-0.885069 -0.360306
0.729353 -0.082573
0.970531 0.356717
-0.945657 -0.104398
0.910534 0.161612
-0.649402 -0.041101
1.006326 0.141396
0.777771 0.053885
0.836586 0.013900
-0.803964 -0.493973
-1.061638 -0.153113
-0.735796 0.211483
0.850904 0.250340
1.204049 0.404574
0.720824 -0.253272
-0.543603 0.063716
-0.958845 -0.141320
-0.852779 -0.118002
-0.907472 -0.028548
-0.682950 0.277149
-0.902390 -0.235817
-0.797338 0.227746
0.346848 -0.196224
0.615920 -0.284095
0.561865 -0.312051
0.818197 -0.064084
1.030826 -0.177967
0.451709 -0.082467
0.842393 0.012704
0.927196 0.148569
-0.677370 0.313829
-0.977145 -0.134157
-1.031234 0.120417
-0.918810 -0.012983
-0.734209 0.086646
0.978534 -0.003157
0.953422 0.235142
-0.804869 0.166408
-0.524740 0.368681
0.568453 -0.129984
0.678935 -0.107104
0.912687 0.022501
0.765700 -0.073670
-0.759505 0.252639
-1.067686 0.024177
1.150505 0.107775
-0.809123 -0.266959
0.702746 0.001546
-1.065260 -0.262023
0.808304 -0.079557
0.988877 0.214920
-0.818389 0.086269
-0.600649 0.298965
-0.686317 -0.090446
0.973391 0.048454
-0.891014 -0.331894
-1.145797 -0.028312
-0.630833 0.020520
-0.965574 -0.179220
-0.767293 -0.224881
1.057537 -0.121539
-0.743689 -0.261774
-0.869562 0.143354
0.941840 -0.062576
0.900562 0.049163
-0.803547 0.127093
1.077672 -0.203077
0.901668 -0.255284
0.876216 -0.667313
0.779594 0.125262
-1.140628 0.037634
1.032212 -0.036191
-0.500789 0.345209
-0.814668 -0.205117
1.041365 -0.437373
-0.648156 -0.012564
0.910383 -0.080987
0.657221 -0.283633
0.913079 -0.152236
-0.749415 -0.012489
-0.610869 0.268392
0.636275 0.006758
1.041558 0.160406
0.515639 -0.229844
0.665492 -0.204160
-0.487117 0.454845
0.512002 -0.268843
-0.569458 0.472265
-0.698382 0.080807
-0.926026 -0.092791
-0.877358 0.323801
0.869728 -0.199970
0.807906 0.010451
-0.886544 -0.196765
0.900346 0.267660
0.928485 0.155735
1.080209 0.352038
-0.919008 0.164878
0.956037 -0.051827
0.793813 -0.090184
-0.726489 0.436062
0.497754 -0.127039
-0.906145 -0.354463
-1.020324 -0.450468
-0.842130 -0.142365
0.629411 -0.129165
-0.801910 -0.203793
0.996534 0.212796
-1.056580 -0.172349
0.888944 0.379083
0.775751 -0.162980
-0.898205 0.032661
0.679402 -0.300213
-0.922764 0.003295
-0.538428 0.123695
0.725907 -0.553893
-0.888482 -0.005090
0.625222 -0.282464
-1.127837 0.164059
0.505560 -0.222914
-1.076851 0.181298
0.809736 0.202624
-0.752747 0.711899
0.947804 -0.030782
-1.030908 0.123649
-1.000918 0.114750
0.785207 -0.155191
-0.731371 0.362161
0.666791 -0.301641
-0.499149 0.136435
-1.023055 0.182278
1.160204 -0.248792
-0.910099 0.084390
-0.784761 0.240119
-0.858922 0.012072
0.943860 0.034530
-0.904309 0.139483
-0.752795 0.253462
0.714112 -0.460288
-0.788765 0.177154
0.847775 -0.369815
1.190378 0.175143
0.705071 0.151596
1.065048 0.002110
1.005756 0.262647
-0.918143 0.259099
1.097676 0.101080
-0.710084 0.050656
-0.799685 0.127851
0.648990 -0.120196
-1.005146 0.156313
0.934951 0.398824
-0.994682 0.137235
-0.493550 -0.124881
0.932864 0.337998
0.641004 -0.253512
-0.702882 0.015472
-0.811131 -0.122545
-0.842630 0.120036
0.519645 -0.099381
-0.566190 0.288300
-0.877499 -0.083238
-0.767118 0.094575
0.629520 -0.257157
0.614618 -0.530437
-1.069868 -0.005047
0.585326 -0.218504
0.803510 -0.162475
-0.898112 0.205787
0.897436 -0.177927
-0.840989 0.226120
0.942650 0.077618
0.730908 -0.287557
-0.617578 0.328005
0.733246 -0.412137
0.874754 -0.101242
-0.878561 0.403386
-0.960547 0.089367
-0.863436 0.048774
0.599108 -0.292003
0.561722 -0.151123
-0.629429 0.464695
0.388927 -0.290356
0.479231 -0.319618
0.907835 -0.183118
-0.764765 0.126590
0.836548 -0.369060
-0.792982 0.263192
0.924040 -0.317224
-1.085295 -0.035460
0.782937 0.198029
-0.618316 0.106397
-0.892138 0.093581
-0.910928 0.378582
-0.900650 -0.083079
-0.807374 0.049941
-1.060312 0.073441
-0.538721 0.193848
-1.220901 -0.031592
-1.163568 0.084036
0.751494 -0.133108
0.783370 0.018333
-0.906038 -0.194229
0.977937 -0.160066
0.874366 -0.495709
-0.751164 0.175188
0.685163 -0.100583
0.937283 -0.037091
0.927765 -0.269497
-0.739423 -0.019033
0.595281 -0.144829
-1.014370 0.162165
-0.727729 0.336386
0.772350 -0.120493
1.066868 -0.171356
0.585427 -0.343520
-0.796174 0.276825
0.710093 -0.427280
1.048643 -0.298206
-0.997761 -0.026994
0.991146 -0.072225
-0.455260 0.307473
0.537418 -0.364177
0.564340 -0.282463
0.642400 -0.572110
1.009758 -0.065893
1.009428 -0.073614
-0.964899 0.066154
0.903728 -0.052590
0.690839 -0.348441
0.930140 0.020826
1.060279 0.160376
-1.001484 0.035739
0.818515 -0.012713
0.482940 -0.389329
-0.828345 0.118512
-0.959455 0.269971
1.234100 0.082728
-0.906604 -0.290384
1.007529 0.174456
-0.901361 0.136951
0.886957 -0.149244
-1.174885 -0.448236
0.693156 0.037787
-0.811185 -0.150297
-0.471279 0.126946
1.052611 0.030497
0.960052 -0.235977
-0.865754 -0.025314
0.945745 0.184622
-0.944049 0.030163
0.878002 0.082729
0.773129 -0.384880
0.741642 -0.123594
0.832455 0.083969
-0.736635 -0.048094
-0.584654 0.120195
-0.643100 -0.212150
0.975330 0.097481
0.804629 -0.232677
-0.894500 -0.218185
1.001832 0.224712
-1.125677 0.042011
0.760097 -0.443487
-0.615215 0.226642
-1.061982 -0.316509
1.108962 -0.392770
0.889474 0.170427
-0.708334 -0.018777
-1.012810 -0.151645
0.814645 0.065215
0.872909 0.076222
0.458731 -0.420251
-0.669942 0.142615
0.888197 -0.122240
-1.024871 -0.063967
-0.658961 0.400305
0.476621 -0.545193
-0.881543 0.080847
0.561127 -0.157019
-0.577851 0.097119
-0.659759 0.153682
0.653194 -0.386652
-0.867868 0.026883
0.713730 -0.275422
-1.188927 0.080129
0.529211 0.042470
-0.861244 -0.145866
-0.901780 -0.177253
-0.842963 0.016928
0.970990 0.243835
0.855766 -0.220724
0.774465 -0.167250
0.570031 -0.017049
1.150530 -0.078069
0.853841 0.643324
-0.887950 0.016820
-0.726491 -0.056972
-0.935406 0.092195
0.934825 0.224687
0.862455 0.034933
-0.780817 -0.034695
-0.870614 -0.041357
-0.949545 -0.104182
-0.877507 0.074811
-0.677708 -0.085441
1.021011 0.090335
-0.703068 0.415342
-1.051239 0.169435
-0.792428 0.161615
-1.131161 0.007485
-0.829404 0.022550
-0.458973 0.418547
0.984989 -0.153798
0.929166 -0.238247
0.416434 0.033765
-0.841152 0.244883
-0.772838 0.028660
-0.764800 0.015692
-0.556759 0.308834
-0.812355 0.393272
-0.702452 0.158431
-0.575966 -0.000456
-1.104683 0.007096
0.638563 -0.284839
-0.569991 0.432699
0.874227 -0.094929
0.849206 0.006713
0.595213 -0.121657
0.814788 -0.068077
-0.579875 0.344663
-0.579474 0.283128
1.132741 0.050457
0.958515 0.272293
0.719070 0.329214
0.620504 -0.134191
-0.645181 0.030047
-0.583241 0.198723
0.759226 0.131963
0.859560 0.035205
-0.892394 -0.046574
-0.699024 0.114231
0.970628 0.240138
-0.919585 -0.011685
-0.811607 0.240434
0.693025 0.234620
-0.802396 -0.165673
-0.533374 0.033936
1.101843 0.126102
-0.997918 0.065444
-1.098337 -0.140908
-0.452009 0.005776
0.930428 -0.031199
-0.666762 -0.009601
-0.837316 -0.246235
0.940326 -0.151011
-0.615965 0.388067
0.899459 0.073882
0.989876 -0.099799
0.585351 -0.111599
-0.449302 0.350183
-1.018738 0.258725
0.904940 -0.288852
-0.555891 0.029486
-0.895237 0.112872
-0.439519 0.270037
0.589534 -0.358964
0.581996 -0.321439
-0.827818 0.355894
0.694801 -0.082833
0.667161 -0.182049
0.775915 -0.169767
-0.889432 0.106370
0.900501 -0.236878
0.434593 -0.377386
0.502264 -0.293210
0.598329 -0.152446
0.863413 -0.159591
0.389548 -0.427239
0.608250 -0.294038
-1.097980 0.268004
1.127072 -0.111272
0.884894 0.239733
1.036966 0.061113
0.706267 -0.172342
0.578779 -0.423611
-1.244046 0.050777
0.923792 -0.113102
0.619104 -0.278548
-0.915984 0.146805
-0.905895 0.198449
-0.982796 0.183415
-0.920123 0.128637
-0.871326 0.225490
1.067389 0.116038
0.852969 -0.081483
-0.800803 0.326441
0.940426 -0.076670
0.733777 0.194006
-0.475867 -0.077796
0.963463 0.325221
0.565615 0.237522
-0.694409 -0.079432
-0.953432 0.238772
-0.860321 -0.211261
0.622098 -0.076138
-0.468744 0.225076
-0.729510 0.232474
0.996357 -0.210376
0.928158 -0.147862
0.799079 -0.311233
-0.947321 -0.211918
0.759490 -0.127556
0.619307 -0.331750
0.954333 0.010153
-0.626282 0.144739
-0.691792 0.333808
-0.663845 0.198812
0.575748 -0.125706
0.690632 -0.404363
-0.781695 0.057704
0.775890 -0.236606
0.681815 -0.412417
-0.516367 0.161073
-0.690121 0.002657
-0.801049 0.095429
-0.991700 0.242096
-0.636918 0.234126
0.891437 -0.261691
-0.917504 -0.006090
-0.845954 -0.433384
0.620224 -0.028079
1.032469 0.262095
-0.596500 0.246811
1.003140 0.360042
0.802644 -0.201497
1.159357 -0.324702
-0.739621 0.022620
1.003927 0.101658
-0.900967 -0.127280
0.977295 0.076820
-0.803141 -0.191878
1.102911 0.145952
0.912131 -0.098677
1.149308 0.003044
-0.674289 -0.105428
0.782183 -0.070551
0.926480 0.015464
0.510769 -0.233417
1.001396 -0.178053
0.866625 0.043963
0.748506 -0.432667
1.060314 -0.109667
-0.910057 0.021240
0.555932 -0.343807
0.891332 0.008443
-0.855187 0.027079
-0.851967 0.252190
-1.005406 0.595206
0.863565 0.164273
0.752315 -0.150067
0.730840 -0.321504
0.833615 -0.140453
-0.570965 0.114190
-1.101677 -0.210578
-0.948678 -0.000951
-0.966435 0.077021
0.637946 -0.225824
-0.548866 0.140386
-0.774855 0.310643
1.027427 0.021682
0.511379 0.107669
-0.624564 -0.040043
0.742932 0.052152
-0.640606 0.438970
0.745884 -0.177147
0.826954 -0.372986
-1.269877 -0.383464
0.530580 0.248811
-0.745915 -0.183412
1.018484 0.456234
-0.692799 0.013353
-1.232014 -0.449968
-0.911051 -0.056568
-0.707422 -0.199941
0.676180 0.224568
-0.899293 -0.208957
1.004326 0.071043
1.001166 0.053103
-0.604944 -0.401972
1.045278 0.645476
-0.639500 -0.175757
-0.854800 -0.321448
0.625952 0.262137
0.602122 -0.014918
-0.528033 -0.055562
1.103425 0.011509
-0.725817 0.137871
0.560357 -0.137561
0.959830 -0.055044
-1.015023 0.000303
-0.898995 0.029882
-1.121206 0.074686
-0.774331 0.319098
-0.812002 0.096636
-1.364979 -0.254225
-0.795170 0.587086
0.556755 0.066583
-0.981513 -0.097716
1.034427 0.116792
-0.832660 0.054649
-0.865119 0.008943
1.097932 0.168325
-0.905353 -0.035856
1.091727 0.126629
-1.173319 0.097510
0.580633 0.131730
-0.824141 0.226334
