-0.517623 0.130537
-0.678265 0.093202
-0.919881 0.018213
0.846430 -0.059566
-1.074504 -0.028635
-9999 -9999
0.912418 -0.149040
0.715725 -0.043466
-9999 -9999
-9999 -9999
-9999 -9999
0.977747 -0.064689
-9999 -9999
-9999 -9999
-0.875164 0.165012
0.542502 -0.198000
1.464217 -0.458126
-9999 -9999
-9999 -9999
-9999 -9999
-9999 -9999
-1.167966 0.274818
0.463556 -0.544351
-9999 -9999
0.754708 -0.284529
-0.928453 -0.054226
-9999 -9999
-9999 -9999
-0.625816 0.304563
-0.628252 0.224171
-9999 -9999
-0.534148 0.329831
-9999 -9999
-9999 -9999
1.041638 -0.096639
0.876367 -0.065636
-9999 -9999
0.883301 -0.028794
-9999 -9999
-9999 -9999
-9999 -9999
-0.549381 0.195930
-0.497420 0.083742
0.478378 -0.171707
-9999 -9999
0.534258 -0.048129
1.056075 -0.298329
-9999 -9999
0.474007 -0.086604
-9999 -9999
-0.465153 0.153060
-9999 -9999
-9999 -9999
0.918467 -0.141249
-9999 -9999
-9999 -9999
0.935783 0.046680
-9999 -9999
-0.787836 0.105815
-9999 -9999
-9999 -9999
0.823129 -0.093619
-9999 -9999
0.593351 -0.027385
-9999 -9999
0.752891 0.041522
-9999 -9999
-9999 -9999
-9999 -9999
-9999 -9999
-9999 -9999
-9999 -9999
-0.666675 0.483540
-9999 -9999
-1.005208 0.111705
-9999 -9999
-0.928163 0.167564
0.964380 -0.087643
0.516890 -0.313145
-0.948881 0.137852
-9999 -9999
-9999 -9999
0.575741 -0.265952
0.532337 -0.300115
-0.951689 0.063393
0.904646 -0.093744
-0.901027 0.109626
-1.028358 0.098475
-9999 -9999
-9999 -9999
-0.955422 0.196508
-9999 -9999
-9999 -9999
0.910661 -0.031727
-9999 -9999
-0.924705 0.114324
0.623056 -0.138646
0.493607 0.076137
1.030457 -0.078374
0.548206 -0.080032
-9999 -9999
-9999 -9999
-9999 -9999
-9999 -9999
-9999 -9999
0.681477 -0.058428
-9999 -9999
-9999 -9999
0.759338 -0.057219
-9999 -9999
-9999 -9999
-0.805941 -0.298902
-9999 -9999
-0.841446 -0.124305
-0.706597 -0.066783
-1.089016 0.018482
0.919144 0.218130
1.009255 0.149554
-1.001001 0.335113
-0.401454 0.180430
0.628101 -0.362011
-9999 -9999
-0.966733 0.224234
-9999 -9999
0.564280 -0.229383
0.909081 -0.078634
-9999 -9999
-9999 -9999
-0.439072 0.286635
-9999 -9999
-9999 -9999
0.907461 -0.078078
-0.557529 0.153107
0.389283 -0.293730
-9999 -9999
-0.515099 0.221271
0.405891 -0.253716
-9999 -9999
-9999 -9999
0.496540 -0.109041
0.469653 -0.073652
0.657362 -0.093749
-1.023747 0.183421
-9999 -9999
-9999 -9999
-0.499074 0.281435
-9999 -9999
-9999 -9999
-0.611236 0.212061
-9999 -9999
0.816043 -0.173537
-9999 -9999
-9999 -9999
-0.922495 0.148013
1.123295 0.025088
-9999 -9999
1.035308 0.021778
0.817312 -0.161920
-0.991117 0.339123
-9999 -9999
-9999 -9999
0.597730 -0.449664
-9999 -9999
-9999 -9999
-9999 -9999
0.421935 -0.652421
-0.601697 0.484540
-9999 -9999
-9999 -9999
0.688504 -0.352438
-9999 -9999
0.707618 -0.372156
-0.890894 -0.059672
-0.916599 -0.103364
-0.949487 -0.084734
-9999 -9999
-9999 -9999
-9999 -9999
-9999 -9999
-9999 -9999
-1.016391 -0.131683
0.807322 -0.047608
0.448853 -0.136583
-0.519223 0.298174
-9999 -9999
-9999 -9999
-9999 -9999
0.905579 -0.070226
-9999 -9999
0.536866 -0.027187
-9999 -9999
-9999 -9999
-0.551383 0.131035
-1.080126 0.055287
0.410831 -0.023604
-9999 -9999
-9999 -9999
-9999 -9999
0.936671 -0.231609
0.594855 -0.119127
-9999 -9999
-0.937136 0.138187
1.066152 0.078002
-9999 -9999
0.683597 -0.080876
0.454513 -0.220605
-0.962007 0.041707
-9999 -9999
-9999 -9999
-9999 -9999
0.869689 0.069115
-0.849874 0.191328
-9999 -9999
-9999 -9999
-9999 -9999
-9999 -9999
-9999 -9999
-9999 -9999
-9999 -9999
0.919018 0.137345
0.542865 -0.351356
0.629323 -0.334140
-9999 -9999
-0.508852 0.256255
-9999 -9999
-9999 -9999
0.627509 -0.181531
-9999 -9999
-9999 -9999
0.784145 0.098889
-9999 -9999
-9999 -9999
-1.044214 0.035988
-9999 -9999
-0.430614 0.131499
0.984554 0.044626
-9999 -9999
-9999 -9999
1.110850 -0.195407
0.578942 -0.082040
1.029033 -0.113668
-9999 -9999
-0.843485 0.173451
0.597810 0.000354
0.624110 -0.132379
-0.573603 0.169731
0.650060 -0.197002
-0.671344 0.016117
-9999 -9999
-0.572662 0.086129
-0.987970 0.177070
-9999 -9999
1.050303 0.080076
-9999 -9999
0.882763 -0.192817
-9999 -9999
-9999 -9999
-9999 -9999
-9999 -9999
0.968089 0.003733
-9999 -9999
0.455725 -0.633202
0.935877 -0.282300
-9999 -9999
-9999 -9999
-0.730805 0.352529
-9999 -9999
-9999 -9999
-0.593779 0.272085
-9999 -9999
-0.906486 -0.052644
-9999 -9999
-9999 -9999
-0.537979 0.206053
-9999 -9999
-9999 -9999
0.551100 -0.143817
-0.549537 0.181103
-0.871591 -0.018791
-1.008484 0.119100
-0.451180 0.304968
-9999 -9999
-9999 -9999
0.988762 -0.013011
0.491238 -0.177603
-0.981575 0.052034
0.953369 -0.230871
-9999 -9999
0.624123 -0.408321
-9999 -9999
-0.887890 0.086940
-9999 -9999
0.942108 0.058730
-0.900896 0.263150
-9999 -9999
-9999 -9999
-9999 -9999
-9999 -9999
-9999 -9999
-9999 -9999
-9999 -9999
-9999 -9999
-9999 -9999
-9999 -9999
0.701129 -0.288987
0.676305 -0.275867
-9999 -9999
-9999 -9999
0.572290 -0.385748
-9999 -9999
-9999 -9999
0.179548 -0.345657
-9999 -9999
-9999 -9999
0.564020 -0.529423
0.964485 -0.082734
-0.823925 0.103698
0.930910 -0.073385
-9999 -9999
-0.534768 0.415566
0.870997 -0.047340
-9999 -9999
-9999 -9999
-9999 -9999
-9999 -9999
0.437864 -0.146544
-0.872887 0.031705
1.076670 -0.079634
-9999 -9999
-9999 -9999
-9999 -9999
-0.579011 0.144822
-9999 -9999
-9999 -9999
1.038644 -0.172451
-0.522880 0.246585
0.500492 -0.165458
-9999 -9999
-0.890914 -0.005003
-9999 -9999
-0.594379 0.002538
-0.864020 0.201484
-0.819928 0.185118
-0.604811 0.019176
0.755717 0.122931
-9999 -9999
-9999 -9999
-9999 -9999
1.130329 0.389418
-9999 -9999
-1.223488 0.119967
-0.814739 -0.090666
-9999 -9999
0.822349 0.241956
-9999 -9999
-9999 -9999
-9999 -9999
-9999 -9999
-0.935822 0.129513
0.742574 -0.029404
-9999 -9999
-0.918227 0.162530
-0.915193 0.168394
-0.728108 0.332409
0.896149 -0.088321
0.927778 0.017711
-9999 -9999
0.555348 -0.321086
0.491349 -0.316760
-9999 -9999
0.565944 -0.274028
-0.900188 0.060656
-0.540743 0.160654
1.019844 -0.078385
-9999 -9999
-0.992517 -0.056685
-9999 -9999
-9999 -9999
-9999 -9999
-0.582336 0.064772
-9999 -9999
-9999 -9999
0.572522 -0.066868
0.439470 -0.243616
-0.671513 0.194868
-1.121571 0.020251
0.498458 -0.146367
-9999 -9999
0.691134 0.003038
-9999 -9999
-0.858399 0.131919
-9999 -9999
-0.540770 0.187200
-9999 -9999
-0.943988 -0.162810
0.535750 0.116023
-9999 -9999
0.818347 -0.004820
-9999 -9999
-9999 -9999
-9999 -9999
-9999 -9999
-0.930723 0.005467
1.108293 0.063933
1.010065 0.080481
-9999 -9999
-9999 -9999
-0.419930 0.136232
-0.984796 0.071146
-0.932636 -0.056776
1.039966 -0.052094
-9999 -9999
-0.801520 0.035033
-9999 -9999
-0.517005 0.321050
-0.478532 0.327663
-9999 -9999
0.389001 -0.272848
-9999 -9999
-9999 -9999
0.588808 -0.130023
-9999 -9999
-0.488069 0.125981
1.092320 -0.125524
0.918110 -0.022994
-0.791762 0.069639
-9999 -9999
0.843192 0.099706
-9999 -9999
-9999 -9999
-0.514661 0.207869
-9999 -9999
-0.567233 0.226288
-9999 -9999
-9999 -9999
0.913581 -0.093255
-9999 -9999
-9999 -9999
-9999 -9999
-1.015208 0.020450
-9999 -9999
-9999 -9999
-9999 -9999
-0.904609 -0.069366
-9999 -9999
-0.461677 0.163183
-9999 -9999
-9999 -9999
1.408467 0.029545
-0.927079 -0.017225
1.005205 -0.281872
0.732076 -0.195437
0.607644 -0.493416
-9999 -9999
-0.630502 0.502110
-9999 -9999
-9999 -9999
-0.640736 0.390150
-0.575099 0.378356
-9999 -9999
-9999 -9999
-0.610607 0.311928
0.968628 0.067681
0.962143 0.095389
-9999 -9999
0.606234 -0.316451
-9999 -9999
0.917792 0.000980
-9999 -9999
-0.609311 0.214319
-9999 -9999
-9999 -9999
-9999 -9999
-0.875681 0.069972
0.496241 -0.066955
-9999 -9999
0.934171 -0.019702
-9999 -9999
-9999 -9999
-0.946971 0.075978
-9999 -9999
-9999 -9999
-9999 -9999
-9999 -9999
-0.482121 0.039886
-9999 -9999
1.173892 -0.020339
-0.739740 -0.139062
-0.635389 -0.014717
-0.992692 -0.038012
-9999 -9999
-9999 -9999
0.936909 0.260984
-9999 -9999
-9999 -9999
-0.702493 0.015883
1.515847 -0.079045
0.973848 0.138872
0.905553 -0.181004
-9999 -9999
-0.835281 -0.111569
-9999 -9999
-9999 -9999
-9999 -9999
-9999 -9999
-9999 -9999
0.715140 -0.451720
-9999 -9999
0.914056 0.044529
0.641227 -0.315639
-0.528038 0.324037
0.583904 -0.344175
0.529087 -0.296388
-0.595746 0.355250
-9999 -9999
-0.834180 -0.029310
-9999 -9999
0.871139 -0.035787
0.460345 -0.144763
-1.018010 0.031905
-9999 -9999
-9999 -9999
-0.964329 0.015190
-9999 -9999
-0.823805 -0.151346
0.491535 0.100230
-9999 -9999
-9999 -9999
0.505669 -0.145009
-9999 -9999
-9999 -9999
-9999 -9999
0.939287 -0.087911
-0.805835 0.043489
0.673151 -0.092480
-9999 -9999
-0.575957 0.152183
-9999 -9999
-9999 -9999
0.492914 -0.196965
-9999 -9999
-9999 -9999
-9999 -9999
0.603376 -0.037935
-9999 -9999
-9999 -9999
-9999 -9999
0.542680 -0.406038
0.871681 -0.013291
1.198487 -0.154253
-9999 -9999
-9999 -9999
0.729798 -0.240976
-9999 -9999
-9999 -9999
-9999 -9999
-9999 -9999
-0.678686 0.330667
-9999 -9999
-9999 -9999
-0.992285 0.030134
-9999 -9999
-9999 -9999
-0.448836 0.217146
1.042678 -0.050132
0.924157 -0.061976
0.528371 -0.170386
1.142486 -0.234422
-9999 -9999
-9999 -9999
-9999 -9999
-9999 -9999
0.952029 0.023560
0.502700 -0.063519
-0.888864 0.125066
-9999 -9999
-0.802983 0.284640
0.853267 -0.278204
-9999 -9999
0.886893 -0.028569
-9999 -9999
-9999 -9999
-9999 -9999
0.681459 0.140532
-9999 -9999
0.883150 -0.294766
-0.674563 0.093261
0.719446 -0.055992
0.756057 -0.028599
-0.403958 0.244150
-9999 -9999
-0.826464 -0.126896
-9999 -9999
-9999 -9999
-9999 -9999
-9999 -9999
-9999 -9999
-0.542218 0.569645
-9999 -9999
-9999 -9999
-0.749181 0.299507
-9999 -9999
-9999 -9999
-9999 -9999
0.625432 -0.294046
0.658678 -0.253742
-0.931272 0.041138
-0.544013 0.301125
-9999 -9999
-1.020225 -0.095840
-0.530307 0.175763
-0.399039 0.186726
0.564580 -0.162896
-9999 -9999
0.622368 -0.136543
0.931331 -0.038328
-9999 -9999
-9999 -9999
-9999 -9999
-0.894944 -0.214176
-9999 -9999
-0.558553 0.029641
-0.987604 0.248136
-9999 -9999
-0.845576 0.365600
-1.172502 0.071720
-9999 -9999
-9999 -9999
-9999 -9999
-0.550302 0.247865
-0.894378 0.303819
-0.632172 0.045638
0.911844 -0.068096
-9999 -9999
-0.694663 0.055187
-9999 -9999
-0.737192 0.137491
-9999 -9999
-9999 -9999
-9999 -9999
-9999 -9999
-9999 -9999
0.507212 -0.092049
-9999 -9999
-9999 -9999
-0.664436 0.442307
-9999 -9999
0.346636 -0.211470
-9999 -9999
0.961895 -0.115447
0.987012 -0.045453
-9999 -9999
-9999 -9999
0.672427 -0.340831
0.624898 -0.277706
0.524632 -0.340565
-0.487306 0.272575
-1.030877 0.118208
-0.623357 0.324298
-9999 -9999
-0.802589 -0.060284
-0.736632 0.030122
-9999 -9999
-9999 -9999
-9999 -9999
-9999 -9999
-9999 -9999
-0.419673 0.167011
-9999 -9999
-0.915711 0.031606
-0.503267 0.287837
-9999 -9999
-9999 -9999
-9999 -9999
-9999 -9999
-0.750525 -0.064478
0.880294 0.106340
-0.630949 0.227612
-9999 -9999
-9999 -9999
-9999 -9999
0.718812 -0.068705
0.644713 -0.010800
-0.673851 -0.117672
-9999 -9999
-9999 -9999
-9999 -9999
-0.618299 -0.006063
1.543460 -0.369515
-9999 -9999
-0.934694 0.049682
-9999 -9999
-9999 -9999
-0.862421 0.546065
-9999 -9999
-9999 -9999
-9999 -9999
-9999 -9999
-9999 -9999
-9999 -9999
0.574298 -0.276323
-0.532689 0.292692
-9999 -9999
-9999 -9999
-0.866922 -0.146850
-9999 -9999
-9999 -9999
0.442982 -0.198129
0.592646 -0.087363
-9999 -9999
-9999 -9999
-0.457542 0.243313
-1.030260 -0.006653
-1.023162 -0.105778
-9999 -9999
0.886633 -0.000765
-9999 -9999
-9999 -9999
-9999 -9999
-9999 -9999
