0.705164 -0.003868
1.351510 0.343852
-1.246382 -0.572763
-1.230516 -0.466879
-0.665452 0.163573
1.251194 0.455433
-0.693270 0.263210
0.621931 -0.067743
-0.685105 0.204419
0.649200 -0.248578
0.661395 -0.108180
0.675108 -0.183358
-1.436591 0.185446
0.620749 -0.059970
-1.354066 0.057989
-0.576678 0.086507
1.285908 -0.137742
0.600760 -0.073440
1.017515 -0.455773
-0.689411 -0.077000
-0.634261 -0.050963
-0.662545 -0.015118
1.047621 -0.409119
0.633860 0.021585
-0.889604 -0.004527
0.546837 0.335911
-0.459299 -0.458567
-0.833402 0.039710
0.703899 0.001687
0.871934 -0.010858
0.648985 0.490324
0.679591 -0.008695
-0.800771 0.084644
0.875745 -0.154854
0.584758 0.449526
0.681598 0.028439
0.537636 0.598266
-0.696498 0.032403
0.702541 0.564994
0.779471 0.510253
0.654864 -0.060275
-0.673977 0.028163
0.844128 0.455541
-0.910400 0.194876
0.686951 -0.204058
-0.825651 -0.655051
-1.034337 -0.603597
-0.760157 0.128516
0.737828 -0.141616
-1.246752 -0.489531
-1.242797 -0.547104
0.832779 -0.171825
0.840108 -0.214779
-1.231675 -0.436556
-1.414127 -0.060906
0.660043 -0.014805
-0.700729 -0.011710
-0.680277 0.145719
0.725765 -0.136120
1.278386 0.036777
1.389490 -0.129856
-0.723508 -0.014996
-0.615241 0.119255
-0.674582 0.052510
1.169957 -0.205805
-0.559589 0.100725
-1.085314 0.387991
-0.593141 0.092733
-1.139680 0.298913
-1.154430 0.429883
1.027175 -0.416379
-0.977951 0.061626
-0.861870 -0.048268
-0.336217 -0.397660
-0.749218 -0.052471
-0.689379 -0.045287
-0.804776 0.022403
-0.387917 -0.518865
-0.637878 -0.551372
0.895133 0.015983
0.702990 0.054690
-0.634575 -0.002246
-0.662120 0.007876
0.632566 0.546242
-0.888016 0.006201
-0.504441 -0.616711
0.646453 0.528350
-0.666338 0.004901
-0.790194 0.106349
-0.731201 -0.666480
0.825222 0.527549
1.079189 0.596601
-0.834742 -0.627407
0.910270 0.756563
0.699445 0.021990
-1.010453 -0.419270
-0.576947 -0.080855
-0.633002 -0.042818
-0.753214 0.216739
-1.360657 -0.194094
-0.689492 -0.003603
-0.686216 0.023711
1.402265 0.033139
-1.356156 -0.085127
0.704449 -0.277731
-1.333579 -0.029639
-1.384350 0.203703
-0.731125 -0.009258
1.483801 -0.236036
-1.204080 0.168523
1.351317 -0.154537
-0.612045 0.165932
1.294960 -0.276762
1.078454 -0.285826
0.664234 -0.152648
0.737902 0.040494
1.107823 -0.473931
-0.784562 0.075129
0.694420 -0.023613
-0.681068 0.019035
0.524355 0.464183
-0.472192 -0.405967
-0.717309 0.005339
0.714322 0.024574
-0.805733 -0.020277
-0.858530 -0.022522
-0.654675 -0.472657
-0.496572 -0.491988
-0.839932 0.044404
0.522691 0.469973
-0.403308 -0.551175
-0.519666 -0.593019
-0.528895 -0.547519
-0.735488 0.050645
0.811155 -0.111998
0.665476 -0.013157
0.657913 0.615117
-0.828089 0.154730
0.859898 -0.117596
-1.089968 -0.507590
-0.830956 -0.566224
-1.049601 -0.637499
-0.702305 0.056550
-0.746123 0.174333
1.069324 0.459327
1.284742 0.462890
0.785980 -0.171821
0.653895 0.033953
-1.368156 -0.301163
0.680290 -0.033208
1.385295 0.299095
1.304403 0.034449
1.519889 0.354436
-0.677221 0.215584
-0.579883 0.192114
-0.734165 -0.124611
-1.431186 0.116061
-1.174736 0.026544
0.549158 -0.069438
-0.670943 -0.075696
-1.160445 0.110514
0.640148 -0.052045
-1.020871 0.399029
-0.749764 -0.080439
0.625608 -0.086933
-1.236928 0.293253
1.058546 -0.350429
-0.888258 0.199818
-0.333256 -0.417670
-0.494039 -0.346241
0.729128 0.042527
-0.559968 -0.416605
0.351209 0.428829
-0.571131 -0.444987
-0.598320 -0.519825
0.557483 0.554879
0.856305 -0.058834
-0.895921 0.101227
-0.696274 -0.020140
0.895669 -0.005146
-0.538794 -0.595045
-0.683673 -0.518631
0.663893 0.519189
-0.800764 -0.538330
0.693864 -0.034511
-0.842780 0.171577
-0.876618 0.174005
0.907101 -0.071817
-0.654335 0.046967
-0.638036 -0.013792
-0.809069 0.171796
0.721690 -0.063633
-0.915725 -0.723583
-0.682127 -0.012414
-0.685950 0.070778
0.674583 -0.020826
1.513922 0.186137
-0.638383 0.000878
-1.306948 -0.153586
0.668280 -0.213049
-0.721428 0.004636
1.355770 0.010039
0.673940 -0.231601
-1.242874 0.165727
-0.683357 0.152998
1.234900 -0.091365
0.578631 -0.092645
-1.265032 0.244896
-0.643012 -0.089183
0.651089 0.027389
-0.693825 0.007468
0.694277 -0.109471
-1.068070 0.349768
-0.658097 0.029839
-0.729544 -0.037997
-0.930378 0.194236
0.371791 0.391183
0.698103 0.042001
-0.709619 -0.010204
0.405951 0.390273
-0.683385 0.017383
-0.561690 -0.410010
-0.531284 -0.470228
-0.731109 -0.462901
-0.602243 -0.429464
0.718778 0.425911
-0.663478 0.045755
-0.702350 -0.011069
0.676625 -0.020340
-0.709673 -0.521589
0.689771 -0.020211
-0.670351 -0.531767
-0.707650 0.051814
-0.773810 -0.650143
0.853530 -0.205147
-1.125798 -0.484034
0.866854 0.434530
0.848574 0.724156
-1.030809 -0.610906
0.592024 0.102315
1.035714 0.379430
0.720682 -0.081804
-0.654662 0.021256
-1.194090 -0.374557
-1.459402 -0.317131
-1.286996 -0.391380
-1.373078 -0.058671
0.677309 -0.264085
0.713947 -0.061875
-0.601432 -0.023869
1.372738 -0.282910
-0.671243 0.245163
0.693373 -0.166070
0.680803 -0.037120
-0.571341 0.071156
1.302495 -0.260830
1.273670 -0.339589
1.038499 -0.325761
-0.619121 0.153198
-1.051953 0.328799
0.720143 -0.062993
1.232999 -0.420419
-0.716022 0.017685
-0.964589 0.165324
0.818388 0.042852
0.453221 0.352939
-0.748967 -0.029226
0.676282 -0.004500
-0.367430 -0.427367
-0.383400 -0.492594
0.599709 0.532678
-0.680837 -0.468581
-0.378146 -0.476377
-0.917991 0.123850
-0.419788 -0.465425
-0.527883 -0.524769
0.886745 -0.044961
-0.555024 -0.581046
0.636676 0.562439
0.865305 -0.120537
-0.655274 -0.613167
-0.855170 0.145914
0.969078 0.402612
0.904672 0.687506
-0.710555 0.187884
0.891828 0.657822
1.046572 0.643937
0.988369 0.480051
0.782727 -0.209966
-1.206219 -0.579338
-1.286008 -0.594042
-0.721820 0.142219
-1.300324 -0.450280
0.670396 -0.071909
-0.693826 0.196176
-1.350516 0.091341
-1.467157 0.006398
1.344437 -0.054510
0.546119 -0.286792
1.254788 -0.208573
-1.501510 0.055923
0.706267 0.020453
1.357675 -0.100464
0.608969 0.031063
0.664090 0.019875
0.569872 -0.097456
-0.707045 -0.007554
-1.144603 0.203145
-1.096574 0.334573
1.328643 -0.322068
1.139322 -0.355885
0.708127 0.021338
-0.569450 -0.381061
-0.336703 -0.364034
-0.633330 -0.338248
0.417313 0.411576
-0.503434 -0.342301
-0.407242 -0.440074
0.683393 0.486251
0.917006 -0.057599
0.840829 -0.063376
-0.566125 -0.438002
-0.699009 0.009163
-0.686302 -0.024019
-0.722137 -0.437375
-0.710580 0.035737
-0.841834 0.144808
-0.689036 -0.555762
0.771553 -0.149408
0.758633 0.627547
0.841598 0.460722
-0.845057 0.196987
-0.826262 -0.548053
1.050376 0.617630
0.933492 0.767403
-1.014998 -0.366795
0.741652 -0.234113
0.633809 -0.062345
0.666150 -0.096209
-1.210873 -0.396989
-0.782841 0.132759
0.678914 -0.038948
-1.344282 -0.068066
1.309190 -0.134589
0.773133 -0.023890
-0.686322 0.177102
-1.426664 -0.008304
-0.705433 -0.035348
-0.684863 0.227355
1.208669 -0.139378
0.606409 -0.012511
0.611580 -0.186828
-1.274210 0.224245
1.150117 -0.234716
0.683335 -0.155161
1.051369 -0.329128
0.696297 -0.067398
-1.253259 0.285039
0.641813 -0.073540
0.733895 -0.031421
-0.562725 -0.335203
-0.525558 -0.286768
-0.707692 0.003339
-0.853940 0.064202
0.442911 0.363501
0.857596 0.029224
-0.861027 -0.010211
0.696968 -0.036341
-0.825692 0.107224
-0.537289 -0.469188
0.791510 -0.101952
0.675360 0.524728
0.875140 -0.129851
0.700038 -0.052170
-0.837277 0.106488
0.670460 -0.029256
0.773601 0.532223
-0.774965 -0.644839
-0.858330 0.195991
-1.103991 -0.500781
-0.941541 -0.427752
-0.645964 -0.020225
0.890946 0.804068
-0.763380 0.211819
-0.899510 -0.685495
-0.804770 0.188952
-1.332298 -0.342108
0.598295 -0.006468
-1.377004 -0.396884
0.692011 -0.205622
1.354948 0.219356
0.672662 -0.220253
1.463518 -0.038722
-1.372018 0.012410
-1.381846 0.100432
-0.650514 0.181992
-1.431033 0.080620
0.664859 -0.091042
-0.662270 0.065371
-1.256600 0.373168
0.701041 0.080899
-1.137066 0.397676
1.077657 -0.462255
1.166536 -0.232715
0.706416 -0.071318
-1.290297 0.468489
-1.059155 0.454962
-1.002242 0.186072
-0.517551 -0.332191
0.386095 0.376254
0.907395 -0.025246
0.380832 0.436598
0.816318 -0.083990
0.851780 -0.051900
-0.682420 0.016203
-0.537641 -0.474459
-0.669978 0.019596
0.605799 0.461926
0.451950 0.438989
-0.818707 0.064310
0.688218 -0.020326
-0.647983 0.073965
0.833110 -0.179799
-0.882064 -0.433049
0.806769 0.501738
0.964381 0.543054
0.648084 -0.048646
0.984044 0.658086
0.861420 0.570375
-0.831283 0.187645
-0.889783 -0.743600
-1.019162 -0.379658
-0.917682 -0.697452
0.805652 -0.209923
-0.707294 0.169086
0.760293 -0.179465
-0.605020 -0.004825
-0.703458 0.164074
-0.636329 0.058370
-1.349036 -0.090419
-0.632822 0.207243
1.407833 -0.125690
0.621071 -0.312695
0.707503 0.027776
1.434087 -0.018894
1.201076 -0.055285
-1.343788 0.154443
0.721760 0.034003
0.655032 -0.049813
-0.564100 0.146181
-1.028552 0.446497
-1.148618 0.120217
-0.629036 -0.048983
0.699034 -0.059822
-0.740169 -0.043421
1.002351 -0.186578
-0.707807 0.024652
0.550723 0.353339
0.882867 -0.078955
-0.723345 0.104292
0.515646 0.358647
-0.674982 0.027585
-0.486613 -0.456705
0.787959 0.430748
0.552115 0.446758
0.739806 0.369534
-0.545779 -0.392146
0.514833 0.594824
0.726143 0.526105
-0.825294 0.149414
0.662470 -0.048292
0.678660 0.551695
-0.635864 -0.597080
0.930237 0.492320
-0.691055 0.057711
0.676598 0.007884
0.888431 0.465085
-0.840681 -0.666278
-0.743873 0.279125
-0.672693 0.119731
-0.594065 -0.040619
-1.396675 -0.441218
0.751307 -0.324378
-1.353944 -0.143079
-0.650269 0.023004
0.684110 -0.024561
-1.334313 -0.154704
-1.336515 -0.038977
0.690660 -0.284032
-0.576170 0.239821
-1.365057 0.282169
0.682720 -0.043259
-0.633203 0.200407
-0.662770 0.089819
1.395784 -0.115552
-0.698428 0.087149
-0.631603 0.050462
-1.150749 0.257306
-0.656178 0.150678
0.668562 -0.095538
0.962634 -0.515633
-1.297381 0.442822
0.611197 -0.064264
-0.707288 0.023624
-0.360984 -0.432855
-0.493251 -0.381470
-0.565504 -0.440313
-0.354384 -0.450392
0.369412 0.404350
0.852990 -0.010111
-0.852403 -0.048133
-0.872912 0.008357
0.711296 0.007588
0.677686 0.024161
-0.545043 -0.358314
0.672053 0.498076
-0.825073 0.063695
0.650181 -0.074453
-0.758014 -0.448482
0.698506 -0.009161
0.813697 0.475728
0.953370 0.564321
0.895632 0.558898
-0.993790 -0.657324
-0.723174 0.187487
-0.876629 0.075095
-0.941652 -0.759223
-0.596559 0.042325
-0.663285 0.096880
0.687298 -0.064215
0.580407 -0.025650
0.806481 -0.214598
0.754068 -0.269990
-1.385420 -0.229891
0.685175 -0.179542
0.602965 -0.259401
-1.444379 -0.213309
-0.655539 0.228707
1.469120 -0.084894
1.291549 -0.210788
0.619633 0.001288
-1.228944 0.245456
-1.334454 0.169036
0.711839 -0.060162
-0.643777 0.002836
-1.135756 0.228234
-1.020884 0.472157
-0.761606 -0.007315
0.567420 -0.081155
0.691874 -0.062308
0.763997 -0.115885
-0.663539 0.051174
0.387265 0.371410
-0.686825 0.019450
-0.429449 -0.368247
-0.348133 -0.411624
-0.481728 -0.376266
-0.599279 -0.465236
0.663005 0.466526
0.701566 0.476170
0.586063 0.404460
0.723488 0.395453
-0.650654 -0.000716
0.509295 0.561951
-0.834359 0.110299
0.729182 -0.045143
0.826576 -0.152044
-0.694491 -0.553778
0.778260 0.501580
-0.673941 0.087189
-0.671254 0.063220
-1.067745 -0.448784
-0.914317 -0.414832
-0.846311 -0.646859
0.938476 0.745153
-0.906818 -0.500484
-1.017589 -0.507313
1.207738 0.509950
-0.723551 0.050565
-1.212930 -0.352701
-1.440038 -0.215594
-0.725574 0.184026
-0.645036 0.246983
-0.666171 0.017317
0.669995 -0.167579
-1.355699 -0.016857
0.613073 -0.331304
1.275297 -0.189335
1.446752 -0.100719
-1.222899 0.215571
0.594235 -0.129355
-0.672192 0.225150
-1.264107 0.197772
-1.160415 0.243180
1.090707 -0.336514
-0.758085 -0.066604
0.707457 0.033927
1.179335 -0.349091
-1.060710 0.402176
-0.592027 -0.050182
-0.599138 -0.375964
-0.812294 0.063557
0.450709 0.405677
-0.527650 -0.370905
-0.339865 -0.399015
-0.419833 -0.412619
0.693883 0.019870
-0.558578 -0.501174
0.872568 -0.049321
-0.555999 -0.453950
-0.784811 0.086378
-0.692776 -0.475574
-0.581544 -0.521530
0.563148 0.566109
0.675382 -0.071528
0.826348 -0.117112
0.688545 0.613763
0.945715 0.489133
0.853373 -0.201269
-1.110984 -0.512790
0.896857 0.419421
0.669631 -0.009771
0.715727 -0.011098
-0.945048 -0.494041
0.954763 0.587262
-0.803492 0.139811
0.760162 -0.299681
1.193700 0.323431
-1.403824 -0.286849
0.586033 -0.020350
1.403989 -0.005889
0.615774 -0.044898
1.532628 -0.019200
1.273527 -0.019894
1.403018 -0.107037
0.716164 -0.025840
-0.693757 0.022389
-0.621463 0.140056
0.679977 -0.084308
-0.701731 0.025238
-0.683817 -0.055655
-1.119191 0.237005
1.103579 -0.358729
-0.609091 0.024110
1.051707 -0.511623
-1.143322 0.558506
0.612289 -0.082155
-0.579148 0.136876
0.714331 0.065361
-0.677926 -0.025099
-0.422828 -0.440667
-0.547794 -0.378394
-0.490995 -0.404676
0.404003 0.458271
-0.657788 -0.485255
0.846868 -0.050163
0.641965 0.031214
-0.876105 0.128440
-0.422789 -0.496653
0.905996 0.008167
0.526552 0.584372
-0.688922 -0.486753
-0.815386 0.168252
-0.603995 0.042050
0.694000 0.637404
-0.875423 0.191615
0.867789 -0.178451
0.981498 0.683577
-0.729437 0.191229
-1.038673 -0.539353
-0.668221 0.061343
0.565483 0.113211
-0.993825 -0.664413
1.343988 0.359663
-1.327599 -0.313837
1.347070 0.104589
0.608737 -0.041069
1.258158 0.404859
0.597134 -0.045633
0.682532 -0.090496
1.501637 0.153893
-1.361713 0.142498
1.320983 -0.310277
1.314143 -0.273468
-0.696170 0.024256
-1.189249 0.162811
1.329089 -0.189979
-0.634469 0.150966
0.715248 -0.136256
-0.603341 0.148145
-1.009598 0.501641
1.112452 -0.366784
-0.568297 0.083783
-1.224423 0.313763
-1.016515 0.461999
-0.977647 0.211892
-0.381396 -0.373942
0.309631 0.405233
-0.565263 -0.404367
-0.884339 0.026841
-0.329377 -0.439421
-0.413561 -0.494102
-0.442502 -0.484803
0.482763 0.527373
-0.876247 0.047301
-0.870381 0.056264
0.555510 0.422234
0.490502 0.573900
-0.907449 0.090690
0.703813 0.011560
0.779557 0.496467
0.711198 0.617719
-0.804861 0.158933
-0.684329 0.041976
-1.026511 -0.340904
-0.720896 0.036030
-0.887712 -0.401699
0.841742 0.699332
0.754367 -0.180911
0.623450 0.084264
