0.418191 -0.183019
-0.544951 0.026292
-0.301526 0.027389
0.048864 0.329569
0.081171 0.344288
0.366968 0.123638
-0.134221 -0.454547
-0.756404 -0.191182
0.084511 0.423049
-9999 -9999
-0.554645 -0.455284
-0.553034 0.027883
0.013420 0.793439
-0.117722 -0.219647
0.438856 -0.054666
-9999 -9999
-0.556814 0.079446
-0.527932 0.021568
-9999 -9999
0.048082 0.071923
-9999 -9999
-0.029716 0.158534
-0.254696 0.102830
-9999 -9999
0.116458 -0.010962
0.530337 -0.044868
-9999 -9999
-9999 -9999
-9999 -9999
-0.582126 0.024773
-9999 -9999
-0.154710 -0.070852
-9999 -9999
-9999 -9999
-0.255719 -0.341956
-0.252558 -0.281658
0.215086 0.291362
0.557805 -0.016966
-9999 -9999
-9999 -9999
0.151840 -0.072192
0.569911 -0.037596
0.166643 0.003453
-9999 -9999
-0.030026 -0.214307
0.548725 -0.027495
-0.257330 0.141357
0.014078 0.259225
-0.602796 0.086332
0.296783 0.355100
-0.543203 0.057440
0.047742 0.345056
-0.280753 -0.442751
0.260727 0.370998
0.228335 0.457004
-0.723296 -0.043886
0.200454 0.493044
0.063965 0.273614
0.585583 0.338799
-0.571800 0.063663
-0.045294 -0.225956
0.635085 -0.082205
0.460194 0.475903
-0.628620 0.054765
-9999 -9999
0.141390 0.734818
-0.041502 -0.065688
0.594821 -0.111516
-9999 -9999
0.166402 0.868810
-0.182239 0.131805
0.087965 -0.208596
-9999 -9999
0.129046 0.159504
0.147564 0.159206
-0.086980 -0.285517
-9999 -9999
-9999 -9999
0.531194 0.084653
-9999 -9999
-0.553146 -0.040186
-9999 -9999
-0.559671 -0.068905
-9999 -9999
-9999 -9999
-9999 -9999
0.545289 0.022917
0.278508 0.332554
-0.144735 0.096666
-0.309541 -0.369451
-9999 -9999
-0.627299 0.003848
0.350327 0.373867
-0.043973 -0.258582
-0.243130 -0.343549
-0.021917 -0.322955
-0.110584 -0.240545
-0.567193 -0.047270
0.237338 -0.010187
-0.605340 -0.132478
0.523764 -0.025876
0.192275 0.345934
0.151244 0.475219
-0.619148 -0.152995
-0.151659 -0.510730
0.034822 0.336131
0.588054 0.407564
-0.593823 -0.516352
0.536054 -0.052825
-0.011712 -0.159024
-9999 -9999
-0.444196 -0.701065
0.289469 0.609368
-9999 -9999
0.559609 -0.151949
-9999 -9999
-9999 -9999
-0.012826 0.158450
-0.235519 0.132856
-0.606211 0.122117
0.159420 -0.014878
-9999 -9999
-0.142742 -0.109938
-0.171831 -0.141090
-9999 -9999
-0.212534 -0.169842
-9999 -9999
0.546368 0.017218
-0.211738 -0.264314
-9999 -9999
0.147205 0.022655
0.198819 0.072653
0.568112 0.030034
-0.267442 -0.334889
-9999 -9999
0.558152 -0.009011
-0.286881 -0.368684
-9999 -9999
0.294635 0.355713
0.572311 0.027272
0.239192 -0.070252
0.511111 0.052221
0.086339 0.192565
-0.500607 -0.062652
-0.280666 -0.448166
-0.089511 -0.267553
0.536126 0.067379
-0.382337 0.073215
0.585049 0.011605
-0.344866 -0.107874
0.557897 0.021691
0.646521 0.230698
0.266418 0.416191
-0.506330 -0.317718
0.082843 0.210629
-9999 -9999
0.595417 -0.054506
0.574342 0.026313
-9999 -9999
-9999 -9999
-0.525194 0.064869
-9999 -9999
-0.302490 -0.562193
-0.499011 0.005741
-9999 -9999
-0.028015 -0.792692
-9999 -9999
-9999 -9999
-0.037727 -0.460761
0.179348 0.339543
-0.186254 -0.289821
-0.166420 -0.167758
-0.155243 -0.107565
-0.210260 -0.123010
0.537732 0.017735
-9999 -9999
0.130552 0.055015
-9999 -9999
-9999 -9999
-0.252911 -0.269067
-9999 -9999
-0.592218 -0.028069
-0.533765 0.015751
-0.547265 0.021422
0.313847 0.363615
-9999 -9999
-0.602525 -0.032300
-0.568860 -0.022158
-9999 -9999
-0.285552 0.099509
0.563635 0.057806
0.308757 0.471986
-0.189572 -0.281062
0.506012 0.099716
0.252557 -0.036471
0.385320 -0.008059
0.138290 0.329899
0.469186 0.046531
0.196190 0.488235
0.699309 0.285602
-0.406993 -0.145525
0.538473 0.301067
0.364993 0.381681
-0.464550 0.066785
-9999 -9999
-9999 -9999
0.436704 0.548312
0.458693 0.722040
-9999 -9999
-9999 -9999
0.027852 0.076154
-0.171031 0.001104
-9999 -9999
-9999 -9999
-0.592536 0.003960
-9999 -9999
-9999 -9999
0.507225 0.002622
-0.541252 -0.057510
0.072758 0.308854
-0.559283 -0.050144
0.632529 0.042376
-0.495485 0.015137
-0.570595 -0.014363
-0.198886 -0.089495
0.144835 0.007147
-0.117932 0.014620
-9999 -9999
0.185482 0.273410
0.170126 -0.009018
-9999 -9999
-0.276305 -0.328362
0.163619 -0.047241
-0.232265 0.115333
0.355457 0.331323
-0.568443 -0.007733
0.222203 -0.124896
-0.294910 0.072247
-9999 -9999
-0.373627 -0.003153
-0.238605 -0.340207
0.562556 -0.013722
-0.113767 -0.267336
-0.573741 0.006071
-0.185907 -0.443501
-0.302784 -0.391241
-0.551620 0.165289
0.188360 0.586139
-0.141532 -0.477828
-0.077020 -0.290139
-0.074150 -0.640524
0.513256 -0.101203
0.488183 -0.079737
-0.135689 -0.110427
-0.487468 0.081408
-9999 -9999
0.353675 0.590856
-0.097309 0.145292
-0.338092 -0.559349
0.091926 0.726917
-9999 -9999
-0.548006 0.105679
-0.615009 0.062412
0.529027 0.004807
-0.202150 -0.014051
-9999 -9999
-0.161928 -0.313045
-9999 -9999
-9999 -9999
-0.586842 0.015556
-9999 -9999
-0.134694 -0.074480
0.566847 0.056992
-9999 -9999
0.257444 0.252961
-0.237333 -0.250093
-9999 -9999
-9999 -9999
-0.564286 0.049535
-0.306408 -0.255009
0.550066 -0.032028
-9999 -9999
-9999 -9999
-0.258591 -0.399767
-9999 -9999
-0.275393 0.131517
-0.224119 -0.432070
0.253182 0.375346
-0.357728 0.156911
-0.336252 0.208619
-9999 -9999
0.313821 -0.059565
0.244455 0.414384
-0.062662 -0.409289
0.484369 -0.031280
0.622439 -0.028912
-0.246933 -0.492539
-0.588363 -0.004123
-0.619044 -0.295676
-9999 -9999
0.052580 0.768416
0.138284 0.269122
0.423738 0.573373
-9999 -9999
-0.010515 -0.104807
0.205481 -0.024479
-0.072914 -0.079770
-9999 -9999
-9999 -9999
-9999 -9999
-9999 -9999
-9999 -9999
0.535577 0.086435
0.127395 0.371593
0.177918 0.308454
0.489054 -0.009629
0.135852 0.146010
0.177092 0.207961
0.217463 0.250667
0.239621 0.230133
0.247032 0.166027
0.249709 0.261642
0.565243 -0.016142
-0.553880 0.027632
-9999 -9999
-0.188843 0.040442
-0.552613 0.065850
0.143119 -0.084537
-0.348344 -0.347748
0.541158 -0.045707
-0.306786 -0.304336
-0.562224 0.104377
0.375794 0.339275
-0.342836 -0.347904
0.026849 0.214374
0.264561 0.392564
0.280717 0.413992
0.093253 0.280651
-0.198489 -0.303377
0.099281 0.370905
0.140743 0.385385
-0.372127 -0.046759
0.487508 0.051069
-9999 -9999
-0.234885 -0.476458
-0.445247 0.007293
-0.608245 -0.348515
-0.566740 0.106219
0.066288 0.801056
-0.506996 0.107660
-0.574711 0.046576
-9999 -9999
-0.001989 -0.084595
-0.090621 -0.653769
0.094069 0.047967
-9999 -9999
-0.651938 0.059179
-9999 -9999
-0.542996 0.058418
-9999 -9999
-9999 -9999
0.512923 -0.021959
-0.135156 -0.072845
-0.084368 -0.270733
-0.148720 -0.258472
0.561017 0.015056
-0.220401 -0.185914
-9999 -9999
-0.291756 -0.262079
-0.171877 -0.002338
-9999 -9999
0.220476 0.287438
-0.226052 -0.007523
-9999 -9999
0.157689 -0.046368
-0.153479 0.022019
0.315217 0.323450
-0.567328 -0.024799
-9999 -9999
-0.074379 -0.291974
-0.197782 0.108551
-0.342960 -0.386953
0.565800 -0.044704
0.039784 0.301189
0.205972 0.258149
0.139758 0.238551
-0.263763 0.059687
-0.261930 -0.436230
-0.557154 0.024442
-0.354029 -0.167625
-0.467830 0.083880
0.735121 0.087717
-0.354455 -0.327996
0.539575 0.018436
0.127471 0.327605
-0.674456 -0.440243
-9999 -9999
0.584412 -0.140831
-0.560074 0.209635
0.424758 0.694619
-9999 -9999
-0.138520 0.060510
0.288058 0.651300
-0.089419 0.026620
-0.458271 0.018339
0.006761 0.788076
-9999 -9999
-9999 -9999
0.571152 0.050677
-9999 -9999
0.207958 0.289823
0.219048 0.094874
0.537257 -0.019744
-9999 -9999
-9999 -9999
-0.592698 0.017516
-0.555300 -0.023159
-9999 -9999
-0.275694 -0.289621
-0.124195 -0.019325
-0.243699 -0.051939
-0.566364 0.012648
0.562011 -0.057758
0.128247 -0.064331
0.563774 -0.014196
0.585677 -0.020902
-0.553737 0.075059
0.392789 0.297125
0.259513 -0.112845
0.269024 0.385018
-0.326968 0.130192
0.283177 -0.090632
0.304363 0.448129
0.550199 -0.077539
0.477885 -0.012470
0.358193 0.429367
-0.504434 0.063990
-0.067596 -0.399243
-0.517509 -0.122415
-0.635621 -0.147046
0.475723 0.080587
-0.074133 -0.317067
0.127778 0.198390
0.032328 0.816638
-0.537262 -0.615259
-0.033354 -0.805663
-0.068273 -0.187431
-9999 -9999
0.425086 -0.113705
-9999 -9999
0.615797 -0.175854
-0.464904 -0.007795
-9999 -9999
-0.556077 -0.062823
0.519788 -0.023864
-9999 -9999
-9999 -9999
0.157499 0.060027
-9999 -9999
-0.517230 -0.005222
-9999 -9999
-0.163830 -0.332017
-0.526446 0.011684
-0.123868 -0.064873
-0.222014 -0.293013
-9999 -9999
0.571226 0.036356
0.245492 0.245381
-9999 -9999
-9999 -9999
-0.166717 0.050425
0.363291 0.250782
-0.559750 -0.047656
0.123184 -0.100725
-9999 -9999
0.234326 -0.049199
-9999 -9999
-0.326913 -0.344269
0.282088 -0.134868
0.353864 -0.050540
-0.424223 0.288850
-0.539750 0.024733
-0.087190 -0.325036
-0.287441 -0.387156
-0.145450 -0.389244
-0.305682 -0.117795
0.193765 0.525306
-0.741249 -0.060128
-0.209823 -0.410752
-0.060166 -0.541051
0.607139 0.008715
0.022383 0.828634
-0.497141 0.067427
-9999 -9999
-9999 -9999
-9999 -9999
-9999 -9999
0.594728 0.083942
-0.335630 -0.695304
-9999 -9999
-9999 -9999
-9999 -9999
-0.590001 0.035683
-0.500809 0.029557
-9999 -9999
0.114135 0.102065
-0.560344 0.102662
-0.100612 -0.316523
0.176526 0.135374
-0.181384 -0.283851
-0.210753 -0.183628
-0.224516 -0.207911
-9999 -9999
-0.550501 -0.017218
-0.226415 -0.279814
-0.513713 0.047512
0.553713 0.057058
0.153411 -0.033251
-0.608630 0.016996
-0.385054 -0.268823
-9999 -9999
-9999 -9999
0.531102 -0.053170
-0.363665 -0.354968
0.567741 0.019213
-0.252169 0.104683
-0.220473 0.093585
-0.018406 -0.336378
0.681500 0.008178
0.067455 0.274137
0.305153 0.317395
-0.018113 -0.394046
0.473170 -0.017292
-0.469132 -0.016554
-0.441975 0.013525
-0.597311 0.075217
-0.177096 -0.363702
-0.130085 -0.552668
-0.548313 -0.458074
-0.555330 0.022647
-9999 -9999
-9999 -9999
-0.386374 -0.490341
-9999 -9999
0.039148 0.024185
0.020969 0.724182
-9999 -9999
-0.120620 -0.098038
-9999 -9999
-9999 -9999
0.212919 -0.136417
-9999 -9999
-9999 -9999
-0.154712 -0.394539
0.154304 0.239735
-0.113006 -0.317894
0.150458 0.180896
-0.193418 -0.129115
0.122561 0.129250
-0.545564 0.015721
-0.168929 -0.118338
-9999 -9999
-0.069342 0.019566
-9999 -9999
0.227970 0.062905
-9999 -9999
-0.155045 0.006717
-0.347066 -0.312958
0.301852 0.362713
0.555246 0.016207
-0.170860 0.047717
-9999 -9999
0.195801 -0.098231
0.264992 -0.121734
0.074015 0.307820
-0.090236 -0.266641
0.389256 -0.142531
0.331180 -0.196207
-0.291868 -0.323864
0.144246 0.309948
-0.509393 -0.014824
-0.371918 -0.114480
-0.165103 -0.442688
0.541781 -0.068957
0.578465 -0.005160
0.107540 0.643001
-0.560414 0.136154
-0.470162 0.141231
-9999 -9999
0.073279 0.132485
0.437868 0.526683
-0.456884 -0.691216
0.381232 0.561723
-0.177670 0.005660
-9999 -9999
-0.075115 -0.696977
-9999 -9999
-9999 -9999
0.588425 -0.070400
-9999 -9999
-9999 -9999
0.528768 0.033604
0.192311 0.130711
-0.520819 -0.066363
-9999 -9999
0.215857 0.351572
0.239518 0.228265
0.585629 -0.033014
-0.513896 -0.045524
0.249722 0.290737
-9999 -9999
-0.170167 -0.302159
-0.242947 -0.336062
0.140387 -0.007526
0.240816 0.292820
-0.558020 0.032445
0.285805 0.331504
-9999 -9999
0.192052 -0.027921
-0.638854 0.039178
0.310485 0.366047
-9999 -9999
-0.272218 -0.404037
0.071815 0.227532
0.202823 0.228653
-0.360932 -0.372289
-0.307150 -0.004588
0.540727 0.023255
0.687000 0.089756
-0.365028 -0.120155
0.267763 0.369973
-0.597568 0.002722
-0.211079 -0.375802
0.512150 0.023271
-9999 -9999
-0.692806 -0.568386
-0.475756 -0.637210
-0.663687 -0.037564
-9999 -9999
0.396245 0.819027
0.062553 0.107439
-0.041407 0.071125
0.571947 0.004162
0.203205 -0.047321
-9999 -9999
-9999 -9999
-0.546268 -0.028878
-9999 -9999
0.594478 0.007291
-0.545895 0.048662
-9999 -9999
0.066650 0.342474
-9999 -9999
0.157530 0.289808
-0.218514 -0.160050
-9999 -9999
0.134551 0.119005
0.159279 0.002407
-0.574317 0.006103
0.142926 0.008361
0.226514 0.330638
-0.269472 -0.260035
0.248778 0.315526
0.145265 -0.019107
0.138029 -0.078259
-9999 -9999
-9999 -9999
0.310454 0.361445
0.518686 -0.019627
0.571151 0.028813
0.240125 0.377128
-0.271975 -0.436588
0.323803 0.542232
-0.549418 -0.060693
0.499978 0.044782
0.422906 0.018710
0.208354 0.500322
0.429459 0.104392
0.526759 0.115010
-0.693966 -0.140570
-0.228979 -0.359394
-0.585326 0.015051
-0.538895 -0.027025
-9999 -9999
0.051957 0.207240
-0.083835 -0.188823
0.535508 -0.084786
-9999 -9999
-0.087578 -0.060482
-9999 -9999
-9999 -9999
-0.577733 0.045915
-0.527469 0.041183
-0.085551 0.167920
0.213641 -0.144786
-9999 -9999
-9999 -9999
-0.126637 -0.375429
0.094787 0.312214
0.196731 0.090917
-0.064776 -0.249180
-0.523876 -0.028711
-0.248248 -0.261416
-9999 -9999
0.538445 0.056740
0.548406 0.061838
0.283383 0.271979
-0.241233 -0.299742
-9999 -9999
0.214535 0.314342
0.547882 0.031615
-0.557354 -0.012416
0.164488 -0.061227
0.269205 0.351995
0.157313 -0.043939
-0.301894 -0.298168
-0.580497 -0.028694
0.282207 0.394499
-0.280810 -0.381507
0.282064 0.473528
