-0.496694 -0.577160
-9999 -9999
0.257358 0.654893
-9999 -9999
-9999 -9999
-9999 -9999
-9999 -9999
-9999 -9999
1.215963 0.788416
-1.413132 -1.122547
-1.988307 2.619785
-9999 -9999
0.312527 -0.489160
-2.638361 0.881044
4.752879 -1.645622
-1.289814 0.445212
-0.697447 -0.394197
13.157058 0.212460
-9999 -9999
-9999 -9999
-9999 -9999
-0.801625 -1.364726
3.506476 -1.802207
1.532166 1.622023
-9999 -9999
-9999 -9999
0.417898 -1.463879
-1.173217 -2.947322
-9999 -9999
1.370790 -0.244819
-0.828174 0.582351
0.654265 -0.631965
0.722949 -0.462670
1.438441 0.010393
-9999 -9999
-0.075076 -0.907784
0.029311 1.004864
0.565806 -0.119364
-0.073490 -0.715996
0.709349 0.004471
-9999 -9999
0.109190 0.368808
-0.595667 -0.158361
-0.596545 -0.207335
1.523866 0.379927
1.307197 0.343227
-0.578514 -0.431412
0.409511 0.397663
-9999 -9999
-1.545528 -0.335821
-9999 -9999
-0.843280 0.554911
-1.277706 -0.242802
-9999 -9999
-9999 -9999
1.527305 0.305119
-1.142887 1.545956
1.567177 0.314161
-1.028242 2.883981
2.087979 -2.043407
-9999 -9999
-9999 -9999
-9999 -9999
-6.148368 1.019049
-1.455940 -0.077006
-9999 -9999
-0.666172 -0.486415
-9999 -9999
1.969280 -8.416295
-1.720081 3.869867
1.959000 -2.926528
1.726287 0.686871
-1.266951 -0.132907
-0.775605 1.569694
-9999 -9999
-0.585023 1.153153
0.747356 -0.735447
-0.020873 -1.709145
-9999 -9999
-0.327025 -1.676365
-9999 -9999
-9999 -9999
-9999 -9999
0.031848 0.882769
1.407910 0.080965
0.012881 0.740269
1.403971 0.178648
0.095414 0.590056
0.701613 0.020684
-0.737590 -0.081588
-0.212325 -0.176076
-9999 -9999
-9999 -9999
-9999 -9999
-9999 -9999
-1.374499 -0.278074
-1.401877 -0.393483
-1.338422 -0.336139
0.358139 0.804489
0.949492 -0.523341
-1.169035 -0.382151
-9999 -9999
-9999 -9999
1.480290 -0.814439
-9999 -9999
-1.385463 -0.978912
1.557712 -2.911014
-2.157796 1.787667
-9999 -9999
2.373916 -1.366023
1.678083 0.371033
6.640233 -0.108036
-9999 -9999
-9999 -9999
-9999 -9999
-1.384930 -0.643070
-3.204365 7.844221
-9999 -9999
-9999 -9999
-9999 -9999
-1.318628 -0.144539
-9999 -9999
-0.171549 -3.395943
-0.573683 -3.199786
-0.767390 0.808939
-9999 -9999
0.952200 -0.401777
0.725322 -0.682837
0.065952 1.459599
-9999 -9999
-9999 -9999
0.706219 -0.088859
0.006732 0.877940
-0.031384 -0.733443
-0.145188 -0.617083
-9999 -9999
1.458634 0.113389
-1.576878 -0.097813
1.518156 0.172707
0.529754 0.246218
-1.484262 -0.309564
0.452790 0.261568
-9999 -9999
-9999 -9999
-9999 -9999
1.412583 0.360703
1.276183 0.258383
-0.121308 -0.674519
0.120910 0.784566
-1.343535 -0.461717
-9999 -9999
-9999 -9999
-9999 -9999
2.042571 -1.453948
-1.486651 3.115372
1.199098 0.428573
-9999 -9999
-0.016588 0.468313
-1.811382 0.024009
1.359184 0.700881
-1.477921 0.338476
-1.710023 -0.436946
-9999 -9999
-9999 -9999
-9999 -9999
1.342678 0.495437
-9999 -9999
-9999 -9999
-9999 -9999
-1.589531 0.378584
-0.752579 1.291090
-0.491414 1.232439
1.437341 -0.138842
-9999 -9999
-9999 -9999
-9999 -9999
1.606776 -0.122384
-0.144997 -1.256053
-9999 -9999
-1.412904 -0.088602
-0.116635 -0.841828
0.040210 0.780338
-1.399701 -0.024803
-1.443867 -0.159338
0.735770 -0.040423
-9999 -9999
-9999 -9999
1.497676 0.146823
0.264776 0.094648
-0.243758 0.088480
-9999 -9999
1.378670 0.223963
0.434120 -0.192593
1.293717 0.653465
-9999 -9999
-9999 -9999
0.733999 -0.477156
1.203761 0.756850
1.349908 0.834782
-9999 -9999
-1.361504 -0.823073
-9999 -9999
-9999 -9999
-9999 -9999
-9999 -9999
-9999 -9999
1.406085 0.729860
-9999 -9999
-6.154418 -1.763022
2.213416 0.577354
-0.555992 -0.835976
-9999 -9999
0.295840 1.843314
-9999 -9999
-9999 -9999
-9999 -9999
-9999 -9999
-0.393293 1.589285
-9999 -9999
1.385021 -0.420998
1.558947 -0.139306
-1.232292 0.102044
1.617866 -0.046702
-9999 -9999
-9999 -9999
0.846478 -0.345875
0.825506 -0.316005
0.035037 0.917516
-9999 -9999
-1.455063 -0.258461
0.611362 -0.062706
0.111328 0.543676
-1.403473 -0.129123
-9999 -9999
-9999 -9999
-9999 -9999
0.162830 0.068116
-0.478615 -0.398698
-1.381097 -0.614750
0.348366 -0.103984
0.475869 0.480789
-1.516250 -0.364588
-0.626719 0.541453
-9999 -9999
1.413860 0.409544
0.030439 0.962865
-9999 -9999
-1.357059 0.985780
-9999 -9999
1.601819 0.849990
-9999 -9999
-1.423002 -0.280956
-9999 -9999
-9999 -9999
-9999 -9999
0.876525 0.685751
-1.076315 -1.189124
-9999 -9999
-9999 -9999
1.668220 -5.704295
-1.605035 -2.669316
-9999 -9999
2.130086 -2.704498
-9999 -9999
-9999 -9999
0.160443 5.181312
-9999 -9999
-0.655976 1.279304
0.733003 -0.756325
1.211470 0.000102
-9999 -9999
0.585072 -0.681282
0.819173 -0.287705
-9999 -9999
-9999 -9999
1.452533 0.152961
0.636342 -0.235286
1.365454 0.249101
-0.097922 -0.660395
1.446323 0.211161
0.744838 0.010640
-9999 -9999
-9999 -9999
-9999 -9999
1.517038 0.248525
-1.350167 -0.294959
-0.604625 -0.407461
-9999 -9999
-9999 -9999
-0.452098 0.490066
-9999 -9999
-9999 -9999
1.304190 0.233952
-0.817968 0.818216
-9999 -9999
-9999 -9999
-9999 -9999
-1.746859 -0.650696
0.662846 -2.958171
-1.254332 -0.135664
0.369770 -0.590631
-1.135639 -0.255493
-9999 -9999
-1.224601 0.662503
-9999 -9999
-1.360777 0.065748
-0.208843 -8.040883
-9999 -9999
-9999 -9999
-9999 -9999
-9999 -9999
2.338542 0.626924
0.701150 -0.953620
-0.794811 1.399407
-9999 -9999
0.703415 -1.104426
-9999 -9999
-0.112390 -1.697234
-9999 -9999
-9999 -9999
-9999 -9999
-0.090506 -1.382343
-9999 -9999
1.394926 0.095202
-9999 -9999
-1.318436 -0.259411
-1.452566 -0.096316
-9999 -9999
1.462614 0.013455
-0.177919 -0.370859
1.414546 0.159938
-9999 -9999
0.279828 0.066023
-9999 -9999
0.606316 0.381513
0.406145 0.272528
-1.431946 -0.510471
0.403450 -0.407690
-1.326500 -0.540453
-0.903364 0.356008
-0.034210 -0.666006
1.238301 0.698721
1.254268 -0.819546
-9999 -9999
-9999 -9999
-9999 -9999
-9999 -9999
0.269098 -0.542108
-9999 -9999
-0.789537 -0.577456
-1.426595 -0.618456
6.596676 2.287309
-9999 -9999
-12.760568 -0.718669
1.801011 -4.994607
-0.613494 -0.761590
-9999 -9999
-3.632099 2.785154
-3.639930 1.668151
-9999 -9999
-9999 -9999
1.665715 -0.552902
-9999 -9999
-0.359496 1.542921
0.246502 2.353802
0.370338 1.635559
0.742831 -0.560097
1.460344 -0.204729
-1.479672 0.077304
-1.529862 0.076689
0.731178 -0.282276
-0.012819 -0.848323
1.318511 -0.018021
-9999 -9999
0.685838 -0.090817
1.419258 0.205748
-0.679708 -0.031911
-0.013285 -0.343150
-1.441361 -0.267199
0.545670 0.255603
-9999 -9999
-9999 -9999
-9999 -9999
-0.401304 -0.427645
-0.603060 0.213533
-1.250388 -0.845556
-0.725733 0.254645
-9999 -9999
0.801816 -0.284693
1.083592 -0.324775
-9999 -9999
-1.883362 0.123245
1.032007 1.332605
-9999 -9999
-9999 -9999
0.735073 1.130501
0.718976 -0.528393
-9999 -9999
4.965412 -0.228664
-4.815239 -4.363932
-9999 -9999
-0.331957 -2.062606
-9999 -9999
-9999 -9999
-9999 -9999
-9999 -9999
-0.574959 -1.470842
-9999 -9999
-1.024370 0.428438
-1.602781 -4.594034
0.362178 -1.516584
0.430353 -1.257461
-9999 -9999
-1.185608 0.257319
-1.562276 0.041069
0.619135 -0.644088
-1.548686 0.073303
-0.147930 -1.292460
0.209979 1.145118
-0.696861 0.109306
0.108098 0.942329
-0.667749 -0.004916
-9999 -9999
1.387433 0.372881
-0.052165 -0.516154
-9999 -9999
0.126468 0.124365
0.528832 0.257435
1.433664 0.681516
0.414161 0.355007
-9999 -9999
-9999 -9999
-1.403254 -0.399271
-1.411058 -0.421171
0.600909 -0.383864
-1.370365 -0.634089
-0.713462 0.636752
-9999 -9999
-9999 -9999
-9999 -9999
-9999 -9999
2.469068 -0.862831
-2.130043 2.422840
-9999 -9999
-0.536381 0.582024
1.032086 0.725075
-9999 -9999
-9999 -9999
-1.284072 -0.791411
1.980044 0.715383
-9999 -9999
-9999 -9999
1.232545 1.658477
2.534540 -3.022328
1.407232 0.783466
-9999 -9999
-0.047813 -3.207093
-0.476549 1.676614
-0.989179 -3.291437
-1.611439 0.413717
-9999 -9999
0.699343 -0.650311
0.715204 -0.525038
0.701808 -0.661133
-1.576863 0.233450
0.778011 -0.435261
0.703812 -0.431559
-0.128625 -0.881854
-9999 -9999
-0.655468 0.134796
1.413917 0.063569
-0.580356 0.110700
-0.152387 -0.459156
0.744809 0.037910
0.567560 0.111933
-1.470566 -0.235791
-0.622765 -0.336992
1.412846 0.374086
0.253200 -0.193442
1.308968 0.344111
0.460225 0.636547
-9999 -9999
-1.307728 -0.381749
-9999 -9999
0.752709 -0.525375
1.017551 -0.613346
-9999 -9999
1.248119 0.615396
-9999 -9999
-1.431045 -0.917612
-1.855347 2.796041
-2.204364 1.527097
-1.381329 -0.529578
0.897685 0.334270
-9999 -9999
6.325976 0.416526
-0.107004 -0.681020
-12.624992 1.940316
-9999 -9999
-9999 -9999
-4.156385 7.565082
0.912474 0.926168
1.436404 0.696824
-9999 -9999
-9999 -9999
0.834069 -1.635366
-9999 -9999
-1.414612 0.372421
-9999 -9999
-1.210796 0.049790
-9999 -9999
0.426160 1.693159
-0.066614 -1.472743
-0.009303 -1.383263
-9999 -9999
-9999 -9999
-9999 -9999
1.380877 0.226642
0.726106 -0.071235
0.657663 -0.052601
-1.425192 -0.164252
-9999 -9999
-0.589500 -0.118829
1.513048 0.252603
-9999 -9999
0.243196 0.090407
1.521577 0.491581
1.297562 0.370160
0.344876 0.654838
-1.389937 -0.704028
0.533965 -0.216306
-0.916192 0.239546
-9999 -9999
-1.058125 0.363882
-9999 -9999
-9999 -9999
-1.117339 -0.990793
2.619036 -0.552503
-9999 -9999
0.216457 -0.401516
-0.529964 0.651984
2.988753 -0.307921
1.379003 0.940632
-0.770679 -1.273810
5.968612 2.876110
2.598336 1.159056
-9999 -9999
4.535579 -3.856558
6.513859 -4.401453
4.014893 -2.150893
-9999 -9999
-0.782907 -1.890249
-9999 -9999
0.010445 3.390496
-9999 -9999
0.372151 2.024266
1.423714 -0.185920
-1.206992 0.243173
0.106167 1.538604
-9999 -9999
-9999 -9999
1.553213 -0.072142
-9999 -9999
1.429098 0.070217
1.281424 0.039580
1.348367 0.186535
-9999 -9999
-0.129831 -0.621613
-9999 -9999
0.167829 0.379890
-9999 -9999
0.585041 0.205024
-1.411339 -0.485513
-0.469301 -0.321843
-0.221465 0.032217
-0.322672 -0.416167
-1.388768 -0.399722
0.518670 -0.301152
0.414112 -0.378865
1.417899 0.622600
0.110019 0.751368
1.317391 0.619252
-9999 -9999
1.398774 0.858218
-9999 -9999
1.617544 1.071654
2.120664 -2.830994
-2.527489 1.217880
3.708910 -1.131754
-0.873025 -0.725704
4.487273 -2.422830
-9999 -9999
-1.033436 -0.212685
-13.049145 1.719180
-9999 -9999
-9999 -9999
-9999 -9999
-0.585902 -0.964727
-9999 -9999
1.132913 2.000560
-0.399688 1.220744
-9999 -9999
-9999 -9999
1.290933 3.111463
-0.635322 0.903443
1.216245 -0.324195
1.624343 -0.100249
-0.676659 0.717432
-1.554087 0.286105
-9999 -9999
-0.657431 0.383752
-9999 -9999
-9999 -9999
0.199844 0.763310
-9999 -9999
-0.221588 -0.572342
-0.121544 -0.447331
-9999 -9999
-0.638413 -0.046960
1.506202 0.247422
-0.632900 -0.334770
1.425943 0.293794
-9999 -9999
-1.295611 -0.325464
-0.492794 -0.535639
-1.491044 -0.280140
-9999 -9999
-9999 -9999
0.182926 0.733157
-9999 -9999
1.008605 -1.176722
1.476169 -1.132592
1.463948 -1.459701
-9999 -9999
-9999 -9999
1.347707 0.194173
1.527639 0.508212
-9999 -9999
-9999 -9999
-9999 -9999
-0.972288 0.128173
2.271141 1.381995
0.341508 0.166102
-9999 -9999
-9999 -9999
1.751383 -4.013030
2.594570 -2.799234
1.839183 0.581982
0.616593 -1.007704
0.834057 -1.545507
-1.793124 0.019040
-0.516451 1.220358
-9999 -9999
0.765843 -0.674727
-1.581633 0.001368
0.449527 1.510509
1.516517 -0.001189
0.058893 1.357375
-0.157060 -1.044867
-0.668652 0.182313
0.745314 -0.190926
-0.107681 -0.685624
-0.716997 0.082008
-0.668120 0.101673
-9999 -9999
-9999 -9999
-0.232616 -0.309207
-9999 -9999
-9999 -9999
-1.420096 -0.324659
0.181722 -0.104778
-9999 -9999
-9999 -9999
-1.593847 -0.323969
1.362555 0.290243
-1.424539 -0.465095
-0.144901 -0.692447
-9999 -9999
-0.992427 0.949856
1.587406 0.787404
-1.511557 1.330963
-1.514256 -0.682657
1.336851 -0.122802
-9999 -9999
-1.570760 -0.875943
1.115168 0.383291
-1.735016 -0.350446
6.196564 -0.659025
-9999 -9999
-3.285904 0.768050
-9999 -9999
-1.539099 5.597538
-9999 -9999
-9999 -9999
-9999 -9999
-5.693762 2.494301
-9999 -9999
0.772714 4.658037
-9999 -9999
0.146282 1.902413
0.124163 2.231543
-9999 -9999
-1.605811 0.101795
-9999 -9999
-9999 -9999
-0.091075 -1.241523
-1.580507 -0.058248
0.593767 -0.268299
-9999 -9999
-9999 -9999
0.643583 -0.051685
-9999 -9999
-1.371143 -0.053503
-0.245884 -0.374166
-0.257449 -0.286407
1.522254 0.212766
0.579773 0.140725
-0.368517 0.066657
-9999 -9999
-0.371909 -0.378981
