1.132543 -0.006223
1.143368 -0.023315
1.139075 0.003687
1.141353 -0.015356
1.169288 0.027843
-1.148353 0.034634
1.159255 0.004165
-1.199896 -0.012298
1.168475 0.015957
1.160588 0.034095
-1.208390 -0.026138
-1.134809 -0.084792
-1.213354 -0.015212
-1.129351 0.001226
1.178471 -0.077068
-1.194279 0.035866
1.136805 -0.003850
-1.179689 -0.029194
1.161043 0.020730
-1.245846 -0.000941
1.171439 0.031275
1.191974 -0.003630
-1.139563 0.010112
1.221488 0.046480
-1.266605 -0.065436
-1.219827 0.001452
1.184176 -0.002187
-1.149623 -0.060860
1.178572 0.073838
-1.196496 -0.038274
1.168039 0.074040
-1.140039 -0.020934
-1.193084 -0.054257
1.244317 0.017652
-1.095149 -0.013931
-1.169389 -0.041249
1.190877 0.010266
1.183820 0.062333
1.137864 0.018820
1.206022 0.036911
-1.171131 -0.039708
-1.148311 -0.020724
-1.166211 -0.034956
-1.226205 -0.052502
1.182620 -0.008591
1.076485 -0.009083
1.201186 0.020650
-1.133043 -0.017632
-1.141744 0.008076
-1.177387 -0.026421
1.152678 0.026512
1.142132 0.007680
1.218919 0.085617
-1.197793 0.013721
1.168695 0.080459
-1.204916 -0.023185
-1.171894 -0.031188
1.166775 0.097910
1.197342 0.069873
-1.147746 -0.081968
-1.218699 -0.008691
1.184617 0.063708
1.181488 0.058590
-1.214231 0.017725
-1.177666 -0.088429
1.212125 0.113880
1.181270 0.061527
1.176844 0.058132
-1.143521 -0.066757
-1.170432 -0.101499
-1.177808 -0.055206
-1.140258 -0.032361
1.345461 0.019051
-1.191878 0.030149
1.175728 -0.021463
1.156967 0.004813
-1.201455 -0.035781
-1.181764 0.008667
1.144685 0.026047
1.204483 -0.001853
-1.210049 -0.007385
1.238282 0.005538
1.142265 -0.007772
-1.193960 -0.029482
1.163293 -0.009367
-1.200162 -0.017364
-1.153236 0.036821
-1.194934 -0.003765
-1.190410 -0.057251
1.173464 -0.009724
-1.160668 0.009174
-1.211846 0.018177
-1.180744 -0.015283
1.156633 0.026524
-1.217399 -0.037130
-1.169661 -0.008417
-1.146876 0.006802
-1.177216 -0.060678
-1.191528 -0.014792
-1.157595 0.004822
1.230061 0.073296
1.167434 -0.016074
-1.197150 -0.026690
-1.225836 0.007626
-1.103240 -0.044465
1.191645 0.069527
-1.177277 0.002630
1.144742 0.041371
-1.249004 -0.069725
-1.163138 -0.024596
-1.181567 0.014177
1.244511 0.038011
1.174375 -0.000547
1.207206 0.111875
-1.157559 -0.011513
1.153827 0.060337
-1.126978 0.016115
-1.113667 -0.121677
1.168389 -0.033753
-1.134542 -0.018629
-1.246920 -0.048627
-1.220758 -0.005941
-1.167745 -0.015396
1.177939 0.028932
1.199119 0.037465
-1.220345 -0.006468
-1.158846 -0.034060
1.186501 0.001698
1.185312 0.005203
1.219164 0.055786
1.112927 0.006187
1.134749 0.001521
-1.171559 -0.025916
-1.225997 -0.021449
-1.163840 -0.025436
1.151751 0.016840
-1.150308 -0.047679
-1.114982 -0.005824
1.192347 0.020286
1.167877 0.001844
-1.186500 0.010986
-1.092697 0.031969
1.218238 -0.030918
1.140444 -0.033872
-1.103041 0.010873
1.158089 0.021845
-1.159519 0.006906
1.121017 0.017619
1.178427 0.026409
-1.174704 0.015909
1.127610 0.011661
1.183848 0.027597
1.173435 0.033358
1.138858 0.006713
-1.175446 0.032303
-1.130789 -0.006613
-1.238507 -0.048844
1.162515 0.014435
1.168728 0.009340
-1.217694 0.082000
-1.145529 0.021173
1.210062 0.002078
-1.148702 0.016915
1.172590 0.062093
1.189086 0.070801
1.140315 0.056116
-1.142966 0.025537
1.232675 -0.092845
-1.174336 -0.033357
-1.172677 -0.014850
1.163273 0.018963
1.152461 0.058453
-1.168409 -0.031829
-1.172622 0.007403
1.171848 0.082732
1.194371 0.037334
-1.183555 -0.015890
1.254843 0.034762
1.125795 0.024594
1.205500 0.064173
-1.174847 -0.007859
-1.167612 -0.034172
1.186863 0.004806
-1.227336 -0.028990
-1.179146 -0.033556
-1.182024 -0.035935
-1.173072 0.028008
1.207958 -0.022607
-1.157048 0.017310
1.159397 0.008625
-1.181082 0.006397
-1.149395 0.014831
-1.139108 -0.011698
1.146447 0.005070
-1.110099 -0.003736
-1.163973 -0.014818
1.178076 0.053827
-1.140761 -0.024126
-1.162043 -0.003026
-1.214310 0.048299
-1.175851 -0.014299
1.133210 0.036570
1.251335 0.039985
-1.156728 -0.085530
1.224153 -0.004442
1.176087 0.033091
1.152438 -0.105131
1.165602 -0.028109
1.092319 -0.018533
1.217881 0.062493
1.154264 -0.018009
1.193879 0.041335
1.190028 0.013083
-1.179161 -0.041912
-1.217906 -0.019273
-1.234112 0.099668
-1.227512 -0.060030
-1.231338 -0.021109
1.193192 0.039466
-1.108333 -0.043679
-1.176224 -0.042393
1.185312 0.009608
-1.116563 -0.068040
-1.168328 -0.005237
-1.183537 -0.057587
1.203719 -0.010953
1.124110 0.009607
-1.199700 -0.058384
1.143504 0.020670
1.194664 0.027405
-1.162695 -0.014705
-1.216791 -0.038149
-1.162993 -0.025497
-1.137696 -0.012460
1.156025 0.019278
1.191312 -0.003508
1.211221 0.043350
-1.109901 -0.026690
1.184344 0.026460
-1.130487 0.042373
1.145652 -0.013011
1.187466 -0.024214
-1.157118 -0.036111
-1.104500 0.013513
-1.160804 -0.017558
-1.195763 0.007379
-1.160420 -0.028070
-1.243964 -0.003686
-1.199515 -0.029266
-1.192949 -0.039517
-1.227440 -0.034083
1.192132 0.053850
-1.244615 0.020450
-1.186400 0.010691
1.179996 0.009667
-1.254458 0.045984
1.172261 0.033637
1.218200 0.025317
-1.147522 -0.028168
1.211346 -0.001185
1.118877 -0.001911
-1.110494 -0.033660
-1.204696 0.053989
1.182238 0.024412
1.267702 0.001310
-1.225997 0.021168
1.179142 -0.010952
-1.160095 -0.010079
-1.219644 -0.033351
-1.205451 -0.032252
-1.151144 -0.056512
-1.198829 0.008993
-1.192859 -0.049333
-1.244358 -0.016271
1.162790 -0.016984
-1.191081 0.021275
1.166169 -0.021300
1.198616 0.030035
-1.158381 0.042097
1.149356 0.014861
1.187284 0.047114
1.143822 -0.015255
1.190800 0.000673
-1.210578 0.031435
1.219632 -0.023302
-1.076812 0.046061
1.229356 -0.013270
-1.116832 0.032583
1.124744 -0.011860
-1.197668 0.044976
-1.168346 0.000343
1.163208 0.007754
-1.202277 -0.021153
1.129899 -0.029697
1.126723 -0.035596
-1.241212 -0.027266
1.168127 -0.000696
1.154676 0.002252
1.176296 -0.032340
-1.204930 -0.002707
1.250398 -0.003298
1.209564 0.005236
1.157508 -0.044491
-1.244567 0.073036
-1.169955 0.020933
1.205832 0.021813
1.144324 -0.021138
1.215434 0.000739
-1.144082 -0.017753
1.106986 0.016155
1.152506 -0.071313
1.221751 -0.031366
-1.249926 -0.054241
1.245330 -0.015087
1.185684 0.016811
1.146225 0.004436
1.160687 0.040675
-1.171931 0.008414
1.173407 0.054137
1.177856 -0.017965
-1.153157 0.010944
-1.226953 -0.001580
-1.126397 0.019286
1.145723 -0.014412
-1.168330 0.038953
1.223145 0.019693
1.162107 -0.024908
-1.185123 -0.018383
-1.176725 -0.005758
1.126945 -0.005328
1.141343 -0.010707
-1.225818 -0.004309
-1.172890 0.020489
-1.102592 0.012894
-1.204750 -0.003203
1.138030 -0.020515
1.144597 -0.032893
-1.063501 -0.010670
-1.166914 -0.056331
1.107625 0.046116
1.182799 0.058733
1.170152 0.007711
1.209104 0.019475
1.219795 0.021324
1.217334 0.058481
1.176364 0.048611
-1.187057 -0.041952
-1.190244 -0.015652
-1.185917 -0.011811
-1.220360 -0.058530
-1.224176 0.051794
1.194326 0.032972
1.207679 0.032154
-1.144661 -0.080318
-1.216227 -0.032683
1.169179 0.030518
1.139158 0.028197
-1.108943 -0.058114
-1.171158 0.002361
-1.233985 0.058045
1.239028 0.036747
-1.174518 -0.014502
-1.189785 -0.014952
-1.177582 -0.022297
-1.215709 -0.044013
1.179738 0.034093
1.171832 0.042749
-1.131542 -0.023544
1.140754 -0.008880
1.227491 0.026273
1.149280 -0.058230
-1.152175 -0.052385
1.156983 -0.033909
1.168458 0.015020
1.136509 -0.029080
1.151690 -0.013384
1.193251 0.024326
1.154481 0.001304
1.190849 -0.001846
-1.192359 -0.036842
-1.211395 -0.021756
1.113768 -0.046653
1.202531 0.017735
1.162600 -0.043112
1.099764 -0.013734
1.199423 0.015354
-1.162911 -0.000675
1.115310 0.006359
-1.185952 -0.026567
1.096718 -0.032755
-1.152426 -0.009250
-1.184023 -0.038269
-1.185348 0.022513
-1.090759 0.045828
-1.186969 0.026857
-1.145305 0.024200
-1.244683 -0.000636
-1.230642 -0.029736
1.180984 -0.031467
-1.185935 0.059838
-1.106506 -0.023201
-1.226030 -0.029465
1.151653 0.033497
1.199143 0.014805
1.106640 -0.003565
-1.181340 -0.020709
1.131173 -0.030276
1.186072 0.053346
-1.257757 -0.025330
1.225388 -0.030308
-1.160140 -0.022408
1.153866 0.030121
-1.201872 -0.009696
-1.153267 -0.027526
-1.153607 -0.045711
1.203505 0.015504
1.130122 -0.010858
1.255318 -0.035233
-1.170803 0.000667
1.187742 0.015748
-1.156187 0.036494
-1.248861 -0.013572
1.197160 -0.014561
-1.182818 -0.024906
1.197453 0.047546
-1.151608 0.021328
1.155136 -0.017150
1.215614 -0.022677
1.196972 -0.022728
-1.064663 0.041632
-1.209924 -0.001066
-1.151839 0.026919
1.137979 -0.000418
1.174082 -0.022837
-1.143701 -0.035660
1.119749 0.044243
1.172140 0.025625
-1.160291 -0.012366
1.156887 0.010040
1.160526 0.007802
1.179398 0.017488
-1.177703 -0.081049
1.214219 0.024109
-1.145644 -0.068724
-1.196125 -0.038062
1.184874 0.032698
1.188425 0.025744
-1.212852 0.081993
1.152477 -0.016286
1.189376 0.018723
-1.176235 -0.045194
-1.209844 -0.089867
-1.151951 -0.064254
-1.140918 -0.048269
1.173895 -0.019076
1.130844 0.109553
1.290992 0.042333
-1.193914 -0.021392
1.206683 0.001136
1.158814 0.034549
1.157003 0.039514
-1.164362 -0.026005
-1.142180 -0.082856
1.159813 0.027835
-1.139438 -0.032878
-1.247191 -0.037956
1.160046 0.021789
-1.176705 -0.057948
1.176555 0.016432
-1.166120 -0.062148
1.167899 0.004993
1.195556 0.046323
1.191832 0.022363
1.132399 0.025547
1.176662 0.016229
1.196966 0.006452
1.176567 0.005892
-1.124477 -0.020014
1.182089 0.000994
-1.106199 0.036594
1.121911 -0.018098
1.207605 -0.044641
1.203014 -0.005195
-1.142789 0.001371
1.130857 0.048689
-1.140101 0.054182
1.174615 -0.011901
1.212609 -0.064064
-1.161886 -0.007195
-1.156941 -0.012596
-1.212084 0.057705
1.188085 -0.037586
1.248070 0.007961
1.180622 -0.024640
1.162998 -0.008495
1.196862 -0.048430
1.165448 -0.035778
1.231296 0.032189
1.207032 0.039648
1.186354 0.023458
1.154325 0.016887
-1.122275 -0.004309
-1.134842 0.109897
1.182098 -0.053688
1.224712 0.011335
-1.206326 -0.019818
-1.162933 0.010291
-1.182220 -0.007559
-1.203782 -0.018217
1.183184 -0.009357
1.174990 0.045021
-1.190635 0.013827
-1.188001 0.022861
-1.266880 -0.027492
1.141410 -0.019712
1.186379 -0.013594
-1.177066 0.019871
1.191736 0.044257
-1.189854 0.042342
1.179201 -0.009410
1.168024 0.008610
1.157957 -0.002341
-1.170328 0.021124
1.196982 0.008337
1.169446 -0.021215
1.133866 -0.040316
1.200748 -0.015984
-1.172684 0.041656
-1.138205 0.030473
-1.184464 -0.004171
1.157298 0.047442
1.146617 0.004279
-1.185717 -0.050982
1.146160 -0.046678
-1.170739 -0.053217
1.230484 -0.011805
1.174642 0.012954
1.134999 -0.018711
1.236355 -0.024223
1.158073 -0.036098
1.251960 -0.059346
1.211393 0.025402
1.169435 -0.087045
1.250301 -0.035980
-1.123258 -0.036928
-1.263526 -0.060029
1.194916 0.023524
-1.181411 -0.004596
1.243716 -0.036548
1.204836 0.045011
1.191187 -0.038791
-1.122405 0.068128
-1.238435 0.010106
-1.162387 0.052499
-1.148334 0.019064
-1.167309 -0.013127
-1.186442 -0.013216
1.165872 0.049147
-1.156334 -0.028888
-1.162337 -0.023511
-1.153837 0.008825
1.211587 0.013613
-1.128250 -0.014216
1.132338 -0.020588
1.160495 -0.036673
-1.222758 -0.022291
1.184555 -0.016966
-1.157374 -0.020619
-1.206020 -0.021624
1.109681 -0.004156
1.115010 -0.015853
1.223383 -0.006417
1.160682 -0.032671
1.088918 0.002491
1.198375 -0.005591
-1.143585 0.006706
-1.137620 -0.004324
1.195933 0.023428
-1.152116 -0.046728
1.136883 0.017438
-1.207072 -0.026889
-1.131258 0.035453
1.143063 0.003766
1.198212 0.040077
1.126862 0.026547
-1.169148 0.001355
1.200812 -0.037080
1.135360 0.045099
1.236683 -0.009134
1.208895 0.044934
1.163303 0.002942
1.202391 -0.003637
-1.200335 -0.006950
-1.182319 -0.041196
1.107641 0.020076
-1.153282 -0.006794
1.130451 0.036387
-1.182809 -0.040191
-1.201856 0.076665
1.147859 0.014223
-1.237199 -0.007773
1.252816 -0.018351
-1.173996 -0.013488
1.166461 0.010210
-1.168779 -0.029752
1.187414 -0.022181
1.147416 0.049485
-1.178991 0.025827
-1.146136 -0.001119
1.246619 -0.024246
1.158708 -0.034691
1.175779 -0.007021
-1.179147 0.014567
-1.181350 -0.004990
-1.155964 0.030773
1.146705 0.006835
-1.148657 -0.020393
1.138751 0.002262
-1.184567 0.009221
1.260070 0.027429
-1.194968 -0.022906
1.187075 -0.002328
1.187987 -0.027416
1.105976 -0.021749
-1.125853 0.029534
-1.203914 -0.037322
-1.198824 -0.056435
-1.156545 -0.056653
1.179329 0.035626
1.180313 0.002571
-1.156078 -0.002046
1.173992 0.019050
-1.180650 -0.019465
-1.222384 -0.054465
-1.225436 -0.073252
-1.174260 -0.005277
1.240193 0.042435
-1.167129 -0.019069
-1.155900 -0.020900
1.219162 0.004504
1.124639 0.079826
-1.232894 -0.049635
-1.196723 -0.054787
1.206894 0.018250
-1.113392 -0.045083
1.182717 0.066705
-1.194609 0.032106
-1.181800 0.005377
1.252636 0.064678
1.199796 -0.052614
-1.190549 -0.016432
-1.150566 -0.017517
-1.192282 -0.050060
1.186990 0.004371
1.157582 0.062777
1.157864 -0.012688
1.174963 0.011249
-1.212738 0.023701
1.129201 -0.019608
-1.182345 -0.001572
-1.159034 0.001494
1.186316 0.019590
1.174764 -0.009653
1.195596 0.025510
1.183071 0.024030
1.141572 -0.013561
-1.186402 -0.000511
-1.238447 -0.008557
-1.186517 -0.015697
1.179576 0.031263
1.210815 0.009321
-1.102219 0.052896
-1.147904 -0.008192
1.213563 0.048949
1.144917 0.000378
-1.174792 -0.039433
1.213066 0.063023
1.103790 -0.009555
-1.128108 -0.008132
-1.260241 -0.075866
1.174720 0.029045
-1.131859 -0.013453
-1.259150 0.046256
1.191208 0.021666
1.267757 0.026329
-1.221379 0.002769
1.208267 -0.005053
1.196918 0.000918
1.159089 -0.024155
1.230160 0.020588
-1.183389 -0.037181
-1.171278 -0.078198
-1.150450 -0.004673
1.201643 0.096097
-1.167961 0.021280
1.134272 -0.038317
-1.242303 -0.018377
-1.175909 0.060532
-1.177534 -0.003626
-1.120758 -0.018483
-1.198089 -0.012470
1.160381 0.002199
-1.150958 -0.041931
-1.187029 -0.016335
1.156368 0.012336
1.208361 -0.004465
-1.143618 -0.011865
1.200545 0.004799
-1.142892 -0.012524
1.191685 0.010913
1.174647 -0.014339
-1.155619 -0.020103
1.188717 0.044615
-1.134067 -0.016680
1.187430 0.018123
-1.191232 0.003444
-1.200494 -0.025328
1.153119 -0.040728
-1.216407 0.001841
-1.136805 0.016008
