1.392781 0.034777
1.364748 0.039768
1.298880 0.051499
1.372797 0.060365
1.426211 0.102883
1.347185 0.048731
-1.365374 -0.064654
-1.402097 0.013240
-1.406184 -0.072991
1.338087 0.038001
1.438886 0.072268
1.359716 0.078911
1.496852 0.036224
1.347741 0.037289
-1.432289 -0.029356
-1.359054 0.019971
-1.346812 -0.049888
-1.476663 -0.042806
1.413191 -0.029717
-1.345647 0.014659
-1.443367 -0.067334
-1.357092 -0.079722
1.318304 0.109077
-1.422180 -0.064914
-1.413314 -0.010736
-1.365968 -0.104488
1.364675 0.008408
-1.352601 0.016711
1.398284 0.004170
-1.474249 -0.005082
-1.404458 -0.019837
1.321726 0.027446
1.459264 -0.012676
1.403072 0.042553
1.345547 0.009750
-1.409349 -0.045399
1.378189 0.034821
1.457533 -0.022481
1.332015 0.036352
-1.408588 -0.009575
-1.343497 -0.003595
1.366120 -0.015757
-1.425621 -0.049028
-1.420144 -0.023831
-1.414222 -0.039939
-1.382785 -0.041109
-1.388406 -0.063585
-1.464314 -0.046582
-1.486976 -0.015284
-1.384881 -0.025931
1.298238 0.007921
1.382791 -0.015488
1.415831 0.000514
1.402065 0.033959
1.392918 0.052946
1.386633 0.022055
1.417677 0.062461
-1.325460 -0.010871
1.420002 0.018649
-1.489768 -0.052272
1.377164 0.013308
1.298729 0.043402
1.368120 0.046062
-1.403883 0.021040
1.303906 0.016243
-1.464571 -0.014726
1.355047 0.009034
-1.306698 -0.031969
1.516825 0.015662
1.338934 0.095106
-1.280500 -0.163552
-1.345873 -0.134067
1.487925 0.033799
-1.414814 0.016830
1.374316 -0.091950
1.331574 0.000276
1.376231 -0.000547
1.481424 -0.016191
-1.415973 -0.045687
-1.367604 -0.042458
-1.431527 -0.018261
-1.438929 0.002381
1.326760 -0.024331
-1.455327 -0.026625
-1.329710 -0.029898
-1.399602 0.049851
1.386295 -0.025619
-1.328379 0.030114
1.357292 -0.003975
-1.335689 -0.014816
1.442055 0.057840
1.418640 0.048783
1.427172 -0.016269
1.371133 -0.039317
-1.388510 -0.057173
-1.380162 -0.046244
-1.384966 -0.003010
1.338764 0.032182
1.363333 -0.008777
1.371573 0.003597
-1.395111 -0.053778
1.399932 0.030690
1.306717 0.047084
-1.360377 0.047006
1.437206 0.069501
1.331763 0.089976
-1.392323 -0.031756
-1.358140 -0.008193
1.389540 0.047490
1.336383 0.067202
-1.422268 -0.032669
1.346713 -0.007738
1.343066 0.005025
-1.451166 -0.077796
1.406816 -0.069631
1.293064 -0.019816
1.444947 0.026599
-1.330348 -0.056413
1.457130 0.120452
-1.304871 -0.118014
-1.354475 0.001368
-1.403553 -0.031613
1.399501 0.025886
1.382544 0.004284
-1.425039 -0.025564
1.448994 0.008276
1.329819 0.025418
1.387229 -0.000184
-1.428953 0.025952
1.416818 0.060508
1.385421 0.007555
-1.502542 -0.022889
1.333518 0.024460
-1.394984 0.040868
-1.382499 -0.026885
1.400439 -0.026184
1.356792 0.031312
1.371277 0.009901
-1.357043 -0.066224
1.435003 0.013099
-1.382264 0.023933
-1.377126 0.011561
1.437258 0.084046
-1.377892 -0.045738
1.378072 0.025845
-1.370439 -0.000937
1.370123 -0.021058
-1.359660 0.034037
1.386809 0.032177
-1.351979 0.002466
1.301527 0.029035
1.420293 -0.047057
-1.471062 -0.069758
1.307461 0.025114
-1.455405 -0.022964
1.469986 0.040383
1.433427 0.048530
1.329634 0.094900
1.361687 -0.003918
1.329282 0.020263
-1.363251 -0.049540
1.449019 0.039505
-1.451295 0.035915
1.317020 -0.016155
1.469368 0.039359
-1.283296 -0.076276
-1.363728 -0.098762
-1.316620 -0.092303
-1.420637 -0.030839
-1.429355 -0.037813
-1.319198 0.103715
1.374317 -0.018119
1.407217 0.017471
-1.465067 -0.037216
-1.380368 0.022669
1.316620 -0.055204
-1.346615 0.026949
1.456128 0.033616
1.334016 -0.003422
-1.495366 -0.002721
-1.296764 -0.017919
-1.414235 0.016283
1.371914 0.014019
1.386528 -0.006468
-1.380062 0.037216
-1.370530 0.000528
-1.397863 -0.013488
1.406508 0.014783
-1.471142 0.022963
-1.330753 -0.003995
1.336452 -0.011993
1.348122 0.037253
1.358552 -0.006280
-1.364994 -0.065000
1.382590 0.026879
1.373211 0.035171
1.405298 0.055990
1.357198 0.043365
-1.442479 -0.069530
1.370289 0.008246
1.398853 0.040313
-1.303349 -0.044123
1.374279 0.115968
1.406576 0.092871
-1.437193 -0.033029
1.330675 0.059590
-1.442104 -0.025157
1.425629 0.018116
-1.289584 -0.051605
-1.513178 -0.086540
1.379420 -0.052637
1.298042 0.015401
1.480773 0.098921
-1.342444 -0.086063
-1.356619 -0.154067
-1.376013 -0.100732
1.429874 0.044255
1.455948 0.029192
-1.414703 0.008189
1.337787 -0.100778
1.362215 0.000383
-1.420750 0.044954
-1.344271 -0.065474
-1.364194 0.025942
-1.467854 0.047100
1.446436 0.028605
-1.324676 0.029406
1.408713 -0.042982
1.352901 -0.005588
1.426265 -0.040766
1.423356 -0.001216
-1.322980 -0.074196
-1.364010 -0.017748
1.329651 0.015336
-1.435130 -0.078252
1.397459 0.048605
-1.390390 -0.013938
-1.345498 0.007137
-1.384909 -0.032783
1.372948 0.016859
-1.350779 -0.023041
-1.312962 -0.023399
1.382457 0.000977
-1.329737 -0.021200
1.417763 0.036048
1.340811 0.029613
-1.425325 -0.039607
-1.375712 0.057721
-1.460931 -0.048877
1.351751 0.020652
-1.379963 -0.042284
1.400451 0.041023
-1.386228 -0.021066
1.398234 0.103404
1.454000 0.005501
1.347886 0.032964
-1.337508 -0.050556
1.473899 -0.028443
-1.405690 0.083220
-1.309424 -0.047239
-1.389787 -0.029379
1.411459 -0.002672
1.309986 0.132512
1.443595 0.108147
-1.426187 -0.032655
1.435623 0.021029
-1.445170 -0.005735
-1.320835 -0.007990
-1.435198 -0.055916
-1.425448 0.045667
-1.357676 -0.018073
-1.355025 -0.001410
1.501078 -0.003049
1.440661 0.018338
1.337786 -0.002400
-1.498481 -0.046045
-1.325129 -0.051317
1.485826 0.016115
1.290965 0.025907
-1.430841 -0.033322
1.411969 0.013177
1.363046 -0.019251
1.374802 0.028157
1.399886 0.015139
1.400266 -0.011033
-1.360546 -0.032524
-1.421768 -0.041966
-1.344724 -0.043975
-1.390270 0.005156
-1.394583 -0.046224
1.340853 0.021164
1.349676 0.021134
-1.409450 -0.018809
1.356842 0.052966
-1.349024 -0.069326
-1.443280 0.043233
1.480038 0.081788
1.391803 0.020220
1.408993 0.051945
-1.409323 -0.063802
1.439930 -0.003286
-1.348067 -0.047528
1.387760 0.000322
1.426331 0.003147
1.311782 0.028868
-1.531547 -0.003183
-1.402930 -0.002180
-1.309767 0.024715
1.361052 0.031121
-1.377614 -0.043551
1.314395 0.089404
-1.368607 -0.041768
1.403226 0.070193
-1.474013 -0.030070
1.335238 -0.038288
-1.324420 0.052152
-1.463447 -0.033060
-1.388386 0.026929
1.391694 -0.022575
1.356117 -0.018291
-1.400285 -0.012062
-1.476736 -0.053910
-1.381034 -0.018966
-1.422297 0.019239
1.367924 0.018255
1.421320 0.018806
-1.362544 -0.069138
-1.432905 -0.045223
-1.398790 -0.021155
1.389510 0.011792
-1.434677 -0.059544
-1.448712 -0.075189
1.370193 -0.013632
1.331080 -0.002027
1.384650 0.056026
1.341375 0.045713
-1.330302 0.013113
1.417234 0.044850
-1.352890 0.014617
1.357040 0.036908
1.385942 0.021525
1.376886 -0.013919
1.315266 0.027287
1.450504 -0.053137
1.448285 0.057495
-1.340626 -0.006529
-1.351442 -0.062392
1.422560 0.059525
1.436135 0.033613
-1.320651 -0.062750
1.404768 0.011785
1.351050 0.004979
1.313307 0.052210
-1.456362 -0.071556
1.504066 -0.103312
-1.345137 0.023920
-1.392724 -0.098211
1.452452 0.063196
1.345406 0.096772
-1.364197 -0.039371
1.471643 -0.005265
1.432327 0.031926
1.381500 -0.060330
-1.308329 0.066325
1.415821 -0.004399
-1.375475 0.095226
-1.354716 0.033253
-1.320291 0.005898
1.486312 -0.035457
-1.437400 -0.035670
-1.340615 -0.010351
1.493389 -0.018652
1.333435 -0.015927
-1.457612 0.020045
1.389232 -0.025855
1.374533 -0.000241
-1.369842 0.010232
1.377914 -0.014053
1.357728 0.006394
1.387540 0.028939
1.378159 0.004930
-1.314608 -0.030969
1.417645 0.004349
1.371366 0.008105
-1.438022 0.049589
-1.339231 -0.009510
-1.440504 -0.012518
1.333291 0.006981
-1.406398 0.000817
1.366954 0.021793
-1.282619 -0.045569
-1.409369 0.039332
-1.513946 -0.061891
1.296461 0.026612
-1.431009 -0.062290
1.391185 0.019852
1.411083 0.016616
-1.301295 -0.083513
1.381014 0.033357
1.351654 -0.018728
1.273616 0.035056
-1.445459 -0.066465
-1.315171 0.003555
-1.281445 -0.004815
1.401191 0.036131
1.361807 0.032497
1.308073 0.045005
1.385703 0.072034
-1.560013 -0.061034
1.430071 -0.044757
1.390229 -0.038004
-1.305928 0.046474
-1.432929 0.029499
-1.435879 -0.015622
-1.440089 0.021988
1.307775 -0.024827
1.406047 -0.063105
1.433485 0.001891
-1.358950 0.023950
1.429515 -0.041096
-1.400512 0.014632
1.350458 -0.036946
1.346163 0.026517
1.363919 -0.061360
1.398068 -0.012755
1.336859 -0.037631
-1.422914 -0.015988
1.409393 0.060297
-1.452890 0.050482
1.354532 -0.016311
1.392178 0.011729
1.417635 -0.022087
1.422038 0.013736
-1.333510 -0.034821
1.363614 0.015598
1.366747 -0.027117
1.396314 0.026814
-1.334943 -0.021050
-1.442446 -0.042183
1.390130 -0.023625
1.496798 0.111112
-1.270404 -0.051685
-1.377581 -0.043430
1.378534 -0.005778
1.450472 0.027244
1.365068 0.111780
-1.400645 -0.054799
1.367182 0.055238
-1.293764 -0.019520
-1.438673 -0.023091
1.327471 -0.014137
1.327663 -0.006355
-1.387730 -0.084596
1.273755 0.055385
1.342347 0.097111
-1.371668 -0.094440
1.428700 0.074883
1.407031 0.013015
1.324538 -0.000767
1.390891 0.018066
1.403926 -0.006590
1.503296 -0.005204
-1.400202 -0.020432
1.337474 0.020262
1.431813 -0.004463
-1.424798 0.012234
1.380204 -0.007136
-1.456515 0.004302
-1.322133 0.029366
1.415251 -0.022804
-1.377195 -0.033681
1.349139 -0.028799
1.419928 -0.003238
-1.381811 -0.055716
1.384095 0.034798
-1.443188 -0.049529
1.432299 0.009745
-1.334482 -0.002518
1.356106 0.008927
1.443871 0.028667
1.368909 0.024616
-1.358685 -0.033670
-1.352932 -0.040338
-1.343020 0.017218
-1.373462 -0.020707
-1.373322 -0.026573
1.405753 0.056404
-1.369519 -0.022796
-1.435953 -0.044137
-1.351132 -0.042524
1.361442 0.015095
1.388649 0.049119
-1.441772 -0.039159
1.328844 0.095872
1.405639 0.046680
1.398001 0.026791
1.339037 0.051758
-1.463754 -0.033145
1.445583 0.000974
1.306506 0.046766
-1.369379 -0.058226
-1.353676 -0.042156
-1.284479 -0.026827
1.398298 0.119413
-1.454197 0.022620
1.425482 0.015315
1.390149 -0.009165
1.295302 -0.036430
1.446205 -0.063244
-1.376253 0.022819
1.421951 -0.007276
-1.367539 -0.014423
-1.472133 0.036540
1.401012 0.040352
-1.363610 0.015124
1.449955 0.037256
1.333135 0.013983
-1.484602 0.033370
1.346992 0.015987
1.346124 -0.040042
-1.373796 0.038837
1.371294 0.016494
1.435789 0.058984
-1.383138 -0.086980
1.393507 0.005226
-1.378977 0.043082
-1.369414 -0.040911
1.364041 0.021565
1.413487 0.067556
1.322034 0.035477
1.394703 -0.002212
-1.331705 -0.041403
1.440307 0.079315
-1.374223 -0.034441
-1.313721 -0.081517
1.373703 0.021899
1.446363 0.069990
-1.296605 -0.072570
1.405536 0.114775
-1.448110 -0.046693
1.463930 0.066596
-1.325609 -0.088165
1.443067 0.067039
-1.366488 -0.018187
1.335934 0.049822
-1.524992 -0.032512
1.408787 0.073113
1.335761 -0.000594
-1.398271 -0.052840
1.337986 0.081244
-1.383151 -0.115305
-1.347578 -0.111566
1.420821 -0.021880
-1.453834 -0.081334
1.379058 -0.019064
1.373519 -0.037024
1.414867 0.040802
1.376757 0.021464
-1.348224 0.009657
-1.366596 -0.037129
-1.424087 -0.003262
1.424778 0.086184
1.409341 -0.029433
1.463971 0.001104
1.322862 -0.010744
1.429474 0.004137
-1.391084 -0.045307
1.358706 0.072202
-1.351036 -0.016226
1.340899 0.027814
1.394615 0.056158
1.391749 0.040858
1.398883 0.000011
1.305873 0.004694
1.370231 0.038525
-1.353856 -0.072094
-1.386441 -0.023799
-1.327408 -0.012923
1.357615 -0.006462
-1.351504 -0.004586
-1.417819 -0.057939
-1.338997 0.007839
-1.344382 -0.044976
1.370908 -0.016039
-1.386886 -0.041747
-1.332670 -0.048550
1.413134 0.085055
1.356161 0.015540
-1.458953 -0.068894
1.362058 0.082782
-1.405970 -0.022771
-1.354881 0.008687
-1.301363 -0.013995
-1.423805 -0.052569
1.439505 -0.054530
-1.299023 0.006465
1.379998 0.166220
-1.317844 -0.024780
1.396523 0.094231
1.385365 0.047405
1.410961 -0.092570
1.451079 0.013382
1.439759 -0.017996
-1.344933 -0.032060
-1.383854 -0.009837
-1.367158 0.016192
1.400818 -0.031588
1.342664 0.005760
1.352007 -0.008191
1.405564 0.085844
-1.318438 0.034549
-1.445447 0.015025
1.371531 -0.000895
1.425809 -0.009589
-1.402743 -0.034617
-1.354762 -0.000396
1.392526 0.039969
-1.383603 -0.024757
1.378829 -0.016214
-1.374611 -0.077288
1.460788 -0.043462
-1.351589 0.012727
-1.388941 -0.036514
1.374607 0.014491
-1.357843 0.033682
-1.371264 -0.036813
1.378654 0.031081
-1.352899 -0.006146
-1.360225 -0.014631
1.346749 -0.003425
1.364129 0.028839
-1.480833 0.012248
-1.404145 -0.099608
-1.323722 -0.048985
-1.409359 -0.035723
-1.360395 -0.042389
1.454679 0.004314
1.328026 0.033726
-1.421332 0.005358
-1.348232 0.026203
1.332183 -0.000448
-1.461312 -0.006276
-1.439204 0.072457
1.345782 -0.040484
-1.490890 -0.013453
-1.388757 0.018308
1.412990 0.064600
1.328462 0.093829
1.378990 0.065009
-1.521290 -0.087221
1.305316 -0.011784
-1.294642 0.032135
-1.471607 -0.032700
1.381755 -0.019955
1.396416 0.005157
1.334668 0.030881
-1.401756 0.049390
-1.399397 0.012653
-1.393499 0.001986
1.482597 0.040504
-1.342086 0.021322
-1.375599 0.060452
1.385288 0.026430
-1.407262 -0.060171
1.335383 0.006101
-1.398764 -0.049011
-1.414724 -0.086759
1.407571 0.043840
1.392830 -0.030262
-1.361308 -0.001557
1.362270 0.037804
1.348543 -0.013248
1.372196 0.000154
1.410959 0.025357
-1.327965 0.006041
-1.369798 0.020790
-1.366590 -0.041095
-1.360204 -0.018846
1.393416 0.016852
-1.416792 0.063338
1.420981 0.022393
-1.332754 -0.002694
1.462279 0.004372
1.363554 0.010476
1.461712 -0.002405
-1.314024 -0.008856
1.359113 -0.014208
1.392510 -0.009168
1.335780 -0.014977
-1.519178 0.038641
-1.417756 0.020224
-1.327259 0.070725
1.359399 -0.041376
-1.325698 0.039553
-1.432383 -0.057676
1.388538 -0.014882
1.430343 0.099038
1.416143 0.049312
-1.366501 0.021173
-1.347574 0.055844
-1.412236 -0.052461
1.405992 -0.012520
-1.399895 -0.099331
-1.404846 -0.035561
1.403617 -0.062964
1.385004 0.020501
-1.321776 0.019476
-1.487064 -0.012022
1.352967 -0.023472
-1.356597 0.013768
-1.377445 -0.027052
-1.390321 -0.033792
1.404327 0.002498
-1.342025 0.003662
-1.426478 -0.040205
-1.454891 -0.038592
1.423924 -0.039755
1.358626 -0.010735
1.367713 0.024443
-1.385938 0.047055
