0.022126 -0.167188
-1.297134 -0.005026
-9999 -9999
-0.794374 -0.385981
0.741403 0.440684
-0.790996 -0.472273
-9999 -9999
-9999 -9999
1.307744 0.055700
1.372220 -0.048758
0.731898 0.613629
-1.237846 0.162816
-9999 -9999
1.326432 0.018997
1.256263 -0.086195
-1.195750 0.068149
1.230677 -0.058844
-1.233704 0.011505
-9999 -9999
-1.376316 0.098550
-1.404450 0.094312
-9999 -9999
-9999 -9999
-1.229148 -0.027478
-0.679632 0.736310
-9999 -9999
0.124427 -0.615168
-0.485416 0.768379
-0.559250 0.793152
-1.317182 -0.095873
-9999 -9999
1.259232 0.036564
-0.441785 -0.034587
1.327596 -0.042186
-0.085811 0.609703
-9999 -9999
-0.645318 -0.113748
0.635932 0.139527
-1.291751 -0.045669
0.047259 -0.467751
0.711744 0.205456
0.663959 0.168442
0.676642 0.234196
1.294191 0.037762
0.070652 -0.323492
1.342377 -0.004108
0.106258 -0.232809
-9999 -9999
-9999 -9999
-1.309666 0.032706
0.785586 0.401944
0.032379 -0.146485
-9999 -9999
-0.832384 -0.460022
1.322496 -0.028522
0.720817 0.541941
1.310406 0.063427
-9999 -9999
1.280765 0.089670
1.288316 -0.117069
0.785827 0.724635
1.316162 0.004081
-9999 -9999
-0.700407 -0.712801
-9999 -9999
-9999 -9999
-9999 -9999
1.396848 0.081911
-0.552226 -0.974077
-9999 -9999
-9999 -9999
-9999 -9999
-9999 -9999
-9999 -9999
-9999 -9999
-1.295909 0.116689
0.240839 -0.252069
-9999 -9999
1.225229 0.032973
-0.294009 0.637750
-0.226710 0.596671
-1.336242 0.018149
-0.096746 0.579246
-1.226706 -0.059195
0.010751 -0.521652
0.011608 -0.537162
-9999 -9999
-1.311350 -0.044476
-9999 -9999
0.023140 -0.371893
-0.064476 0.331545
-0.062200 0.314434
0.093021 -0.329016
0.105377 -0.326985
-0.747188 -0.314955
-9999 -9999
-1.358970 0.140649
1.277516 0.029053
-0.787296 -0.410681
-0.759800 -0.360627
-9999 -9999
-0.822709 -0.449187
1.308370 -0.038556
0.728889 0.603406
-9999 -9999
-9999 -9999
-9999 -9999
-0.829979 -0.587583
-9999 -9999
-9999 -9999
-9999 -9999
-9999 -9999
-9999 -9999
1.217891 0.014328
-9999 -9999
1.392370 0.038614
-9999 -9999
-9999 -9999
-1.259782 -0.016072
-9999 -9999
0.651915 -0.761627
-9999 -9999
-9999 -9999
-0.140944 0.449704
-9999 -9999
-9999 -9999
1.223976 0.105798
0.297512 -0.686466
-1.257988 -0.006947
-9999 -9999
-1.280151 -0.047009
-9999 -9999
-9999 -9999
1.265565 0.011368
-9999 -9999
0.080342 -0.474632
-1.364857 0.013492
-0.680420 -0.215035
0.692760 0.239017
-9999 -9999
-0.709161 -0.274232
0.131380 -0.318224
0.082530 -0.297999
-0.775895 -0.365340
-1.425624 0.077539
1.267356 0.011713
-0.054466 0.155324
-0.746384 -0.384715
0.753827 0.484623
-9999 -9999
-9999 -9999
-1.227833 -0.005089
-9999 -9999
-9999 -9999
-9999 -9999
-0.818781 -0.650391
-9999 -9999
-9999 -9999
-0.696761 -0.640640
-9999 -9999
0.655263 0.741050
-9999 -9999
0.631606 0.962050
0.585494 0.993670
1.395882 -0.058114
-9999 -9999
-0.417427 -1.162734
-9999 -9999
0.644848 -0.813622
-1.272858 -0.117489
-1.315775 -0.140247
1.260970 -0.049619
0.196822 -0.306927
-0.377268 0.724318
-1.247365 -0.107438
-9999 -9999
-9999 -9999
-0.503370 0.012235
1.336361 -0.038729
-0.591630 -0.050571
1.317295 -0.040965
0.031637 -0.487739
-1.297806 0.003970
-9999 -9999
1.333745 -0.045959
-9999 -9999
-1.288617 0.006647
0.053199 -0.307026
-0.067847 0.279199
-0.681959 -0.317014
-9999 -9999
-1.326671 0.019451
-9999 -9999
-1.325106 0.064404
0.828043 0.377594
-0.041988 0.074998
-1.296771 0.053446
-9999 -9999
0.776816 0.480575
-1.274088 0.025031
1.294410 -0.009366
-9999 -9999
-0.652207 -0.595184
-0.858534 -0.600587
-1.321992 0.050851
-9999 -9999
-9999 -9999
-9999 -9999
-1.358731 0.132960
-1.265463 0.048131
-9999 -9999
0.641934 0.971703
0.673802 0.953346
-0.561344 -1.039057
-9999 -9999
-9999 -9999
-9999 -9999
-0.685768 0.645462
-0.095921 0.510195
-9999 -9999
-1.304296 -0.018052
-0.342525 0.172043
-1.271361 -0.083232
-9999 -9999
1.274861 0.007259
-0.505460 0.062513
-9999 -9999
-0.584925 -0.095888
-0.652557 -0.070514
-9999 -9999
-9999 -9999
-1.313514 -0.049582
-0.719583 -0.212431
-0.671801 -0.188700
0.662516 0.185477
-1.272537 -0.023850
1.272221 -0.037491
-9999 -9999
-9999 -9999
0.736090 0.341838
-0.781755 -0.393053
1.274537 -0.003411
-0.010288 0.164440
0.737590 0.427562
-9999 -9999
-1.276504 0.117053
-9999 -9999
-1.279738 0.005776
-9999 -9999
-1.303017 0.030665
-9999 -9999
-9999 -9999
-1.350492 -0.048281
-9999 -9999
1.286564 0.020389
-9999 -9999
-1.357179 0.080619
-9999 -9999
1.335313 0.114872
-9999 -9999
-9999 -9999
-9999 -9999
-9999 -9999
1.266293 0.105379
-1.238673 -0.006870
0.682023 -0.726114
0.111447 -0.555507
-9999 -9999
-9999 -9999
0.305656 -0.113613
-1.282385 -0.054418
-9999 -9999
-1.272041 -0.077909
-0.528423 0.042361
1.292943 0.041973
1.283982 0.034632
-9999 -9999
-9999 -9999
-9999 -9999
-9999 -9999
-1.363658 0.009689
-9999 -9999
-9999 -9999
-9999 -9999
-1.288935 -0.029560
0.687289 0.318918
0.107954 -0.243515
0.082801 -0.233667
0.828572 0.337573
-0.064943 0.149440
-9999 -9999
0.758543 0.437761
-0.745802 -0.499021
-9999 -9999
-9999 -9999
-9999 -9999
-9999 -9999
-9999 -9999
-9999 -9999
1.339678 -0.133004
-9999 -9999
-9999 -9999
-9999 -9999
1.222365 -0.160742
-9999 -9999
-1.280132 0.029421
-0.738848 -0.820590
-9999 -9999
-9999 -9999
-9999 -9999
1.421779 -0.011229
0.449029 1.055059
-0.727805 0.804361
0.717718 -0.737699
1.316609 0.105362
0.447230 -0.760145
-0.508070 0.819287
-0.407245 0.713225
-9999 -9999
-9999 -9999
-9999 -9999
-0.526639 0.030403
-0.538803 -0.042501
1.227183 0.049262
-0.644175 -0.159652
1.290150 -0.033739
0.625925 0.115315
-9999 -9999
1.326207 -0.023326
-9999 -9999
0.715830 0.203731
0.102550 -0.327094
-0.693870 -0.318589
-0.146825 0.303593
-1.355378 0.057706
1.357877 -0.021570
-9999 -9999
-0.754756 -0.356279
-1.330504 0.095997
0.014817 -0.104167
1.343543 0.015803
-9999 -9999
-9999 -9999
-9999 -9999
0.653064 0.619841
-9999 -9999
-1.214792 -0.119186
1.279745 -0.118146
-9999 -9999
-9999 -9999
-9999 -9999
-1.253075 -0.000299
-9999 -9999
1.171716 -0.051379
-9999 -9999
-9999 -9999
-0.531391 -1.014928
-9999 -9999
-1.305960 0.093700
1.205767 0.104005
0.621087 -0.891437
-9999 -9999
-0.099460 0.580952
-9999 -9999
-9999 -9999
-0.407505 0.708381
-0.312820 0.071275
0.269039 -0.667968
-9999 -9999
1.344987 -0.078251
-9999 -9999
-1.288180 -0.048947
-9999 -9999
-9999 -9999
-9999 -9999
0.065497 -0.472483
0.662494 0.200324
0.089143 -0.453780
-0.691146 -0.225959
-1.303677 -0.033239
0.688947 0.341844
-1.280415 -0.001517
-0.065406 0.267486
-1.357667 0.044083
-0.024684 0.244310
0.073425 -0.164089
1.366637 -0.067522
0.757647 0.429044
-9999 -9999
-1.339595 0.076714
-0.748748 -0.478772
-9999 -9999
1.284512 0.028281
1.328331 -0.032328
-9999 -9999
-9999 -9999
-9999 -9999
-9999 -9999
-9999 -9999
-1.238840 0.069557
1.293787 -0.065680
-0.624668 -0.797888
-1.414150 -0.035409
-1.425070 0.017750
-0.611265 -0.991856
-1.348341 0.023563
-9999 -9999
-1.253250 -0.083036
-9999 -9999
-1.228853 -0.103697
-9999 -9999
0.429097 -0.718604
-9999 -9999
-1.295883 -0.080025
1.278656 0.094700
-0.269472 0.629223
0.197909 -0.602639
-1.368150 0.039694
-0.034479 0.587083
-9999 -9999
-0.639729 -0.089219
-9999 -9999
-1.334022 0.011305
0.032183 -0.471292
-0.030640 0.513903
0.083224 -0.414705
0.756109 0.237561
-1.314944 -0.040711
-1.308388 0.014526
0.688658 0.391051
-0.714513 -0.299507
0.704508 0.336903
-9999 -9999
-9999 -9999
1.317116 -0.094774
-0.748675 -0.408341
1.342756 0.004813
0.854200 0.407885
-9999 -9999
-0.778801 -0.549667
-9999 -9999
0.743760 0.542042
-9999 -9999
-9999 -9999
0.775671 0.674097
0.739522 0.644284
0.733412 0.616893
-1.168035 0.048452
1.300060 -0.039206
-9999 -9999
1.300601 -0.042044
-9999 -9999
-9999 -9999
-1.390909 0.002332
-9999 -9999
-9999 -9999
-9999 -9999
-1.206367 -0.107318
1.299846 0.163502
0.158069 -0.474225
0.205340 -0.319487
1.278966 0.037740
-9999 -9999
-1.287777 -0.012184
-0.452157 0.037000
-9999 -9999
1.277689 0.013924
-0.064814 0.494558
-9999 -9999
-9999 -9999
-9999 -9999
-0.058423 0.466855
0.687977 0.189249
-0.671867 -0.215723
-0.028343 0.316054
-0.076390 0.303977
-9999 -9999
-9999 -9999
-0.043520 0.294459
-0.733156 -0.368362
-9999 -9999
-9999 -9999
1.342188 -0.065878
-0.716490 -0.428733
0.001617 -0.085509
0.760280 0.454516
-1.305436 0.044458
-9999 -9999
-9999 -9999
-1.304463 0.005419
-1.275594 -0.035116
-0.791538 -0.612182
-9999 -9999
0.707869 0.672985
-9999 -9999
-1.225684 0.052585
-9999 -9999
-9999 -9999
-9999 -9999
1.442473 0.009000
0.571107 1.037098
-9999 -9999
-9999 -9999
-9999 -9999
-9999 -9999
-1.283981 -0.068270
0.565464 -0.711132
-9999 -9999
-1.302500 -0.121926
0.417827 -0.644592
-9999 -9999
-0.272828 0.635842
-1.262511 -0.050573
0.190204 -0.669634
-1.346394 0.021036
-1.278909 -0.061158
-1.307577 0.026256
-1.296944 -0.001639
1.253848 -0.034121
-1.296434 -0.068090
0.692020 0.185892
-9999 -9999
1.283721 -0.035795
-0.651618 -0.280648
-9999 -9999
-9999 -9999
1.331606 0.010103
-9999 -9999
0.779101 0.375338
-9999 -9999
1.308758 -0.056775
0.005411 -0.119947
-0.799588 -0.480455
-0.822476 -0.453603
0.856264 0.498563
-9999 -9999
-9999 -9999
-9999 -9999
-9999 -9999
-9999 -9999
-9999 -9999
-9999 -9999
-1.231260 0.048094
-0.709510 -0.654061
-9999 -9999
-9999 -9999
1.339433 -0.019729
-9999 -9999
-9999 -9999
-9999 -9999
0.503536 1.088850
-9999 -9999
-0.699791 0.828417
0.648196 -0.746586
-9999 -9999
-9999 -9999
-1.344366 -0.031860
0.394478 -0.752938
-9999 -9999
-0.249231 0.621254
-9999 -9999
-9999 -9999
-9999 -9999
-0.579801 -0.111290
-0.661686 -0.109487
-0.634409 -0.138278
-0.646864 -0.114400
-9999 -9999
-0.077412 0.519091
-1.325604 0.058522
-0.733100 -0.232494
-9999 -9999
-9999 -9999
0.083861 -0.295718
-0.068775 0.214717
-0.033822 0.236199
0.793031 0.414928
-9999 -9999
-9999 -9999
0.011050 -0.088253
0.004783 -0.069734
-0.850958 -0.391700
0.799380 0.463632
1.327609 -0.038231
-9999 -9999
-9999 -9999
-9999 -9999
-1.319372 0.124226
-9999 -9999
-9999 -9999
-9999 -9999
-9999 -9999
-9999 -9999
0.666695 0.797936
-9999 -9999
0.628183 1.027711
-9999 -9999
0.503635 1.093746
-9999 -9999
-1.180533 0.041493
-9999 -9999
-0.736258 0.746874
-0.613314 0.754678
0.167296 -0.467828
-9999 -9999
-1.323703 -0.088930
-9999 -9999
-0.273417 0.660122
0.452149 -0.007524
-0.504713 0.017174
1.301161 0.028244
1.254588 0.125596
-9999 -9999
-0.044069 0.537262
-9999 -9999
1.347377 0.056325
0.079497 -0.517397
0.694100 0.215312
-9999 -9999
-0.731004 -0.271509
-0.072649 0.310409
-0.089975 0.364723
0.781741 0.305713
-9999 -9999
0.795770 0.427609
1.303300 0.014285
-0.019146 0.125753
-9999 -9999
-1.319719 -0.013177
0.831065 0.484909
-9999 -9999
-9999 -9999
-9999 -9999
-1.280898 0.064993
-9999 -9999
0.851875 0.588992
1.344763 -0.002757
-0.705002 -0.666741
-9999 -9999
-9999 -9999
-9999 -9999
-9999 -9999
-9999 -9999
-9999 -9999
-0.652308 -0.997072
-9999 -9999
-9999 -9999
-0.442695 -1.033109
0.648082 -0.803805
1.215205 0.126399
-9999 -9999
-9999 -9999
-0.226354 0.226404
1.302426 0.080115
-1.256867 -0.065487
1.240107 0.012037
1.263014 0.088713
-9999 -9999
-9999 -9999
-1.285018 -0.080191
0.013676 -0.521760
-9999 -9999
0.021122 -0.509555
-9999 -9999
-9999 -9999
0.090931 -0.432533
-0.730632 -0.211219
1.287487 0.022017
-1.268285 -0.020617
-0.694652 -0.340270
-0.720080 -0.321105
-9999 -9999
1.347063 -0.093766
-0.737935 -0.340647
0.024163 -0.141429
0.783606 0.411370
0.711876 0.482415
1.296555 -0.065661
-9999 -9999
-0.747081 -0.609103
0.724474 0.621034
-9999 -9999
-0.665987 -0.636295
-1.302182 0.124338
-1.398977 -0.008471
1.298482 0.027823
-9999 -9999
-9999 -9999
-0.688482 -0.766630
1.220061 -0.000605
1.385359 -0.006510
-9999 -9999
-9999 -9999
1.382112 0.083550
-9999 -9999
-9999 -9999
-1.234241 0.069350
-0.062213 0.736050
-1.367770 -0.138868
-0.193427 0.414496
0.162387 -0.259585
0.368051 -0.689472
-1.313002 -0.111756
0.243008 -0.680688
-0.517223 -0.002564
1.391348 -0.072813
-0.077101 0.575526
-9999 -9999
-9999 -9999
-9999 -9999
0.035049 -0.483717
0.619220 0.194910
1.359177 -0.061379
1.305635 -0.050921
-0.028534 0.321697
-0.109710 0.316989
-9999 -9999
0.685950 0.384231
-0.714167 -0.320277
0.066932 -0.248866
