1.324256 -0.160908
1.174928 -0.027779
1.385482 -0.026572
-0.949718 0.309756
1.255483 -0.231645
1.259923 -0.086671
-1.246377 0.211545
-1.158994 0.093916
0.822139 -0.349339
-0.938636 0.325212
1.135474 -0.111380
1.376287 -0.179658
-0.832006 0.296030
1.125516 -0.266108
1.100127 -0.244034
0.843045 -0.307834
-1.220628 0.138641
-1.123453 0.060152
1.328690 0.007305
1.205277 -0.185833
-1.034838 0.268695
-1.368547 0.132074
1.237238 -0.266738
0.800466 -0.243054
0.981069 -0.405467
0.808566 -0.314336
-0.889482 0.444781
-1.383196 -0.075683
1.224553 0.028443
0.914223 -0.307968
1.050378 -0.393125
1.338496 0.016372
-0.933731 0.294000
-1.014121 0.500345
1.319271 0.038129
-1.277102 0.033626
1.334817 -0.130956
-0.933321 0.424441
1.479535 0.091334
1.158428 -0.321211
0.993119 -0.458044
-1.001853 0.493697
1.092112 -0.378185
-1.264021 -0.003414
-1.237678 0.157967
0.739805 -0.544566
-1.252387 0.017571
0.865039 -0.487865
1.029895 -0.218078
-1.276185 -0.043916
1.421608 0.244882
-0.957412 0.282982
-0.910996 0.535088
1.240996 0.037176
-0.972807 0.282841
1.239758 0.055039
1.094336 0.048479
-1.364230 -0.031881
1.059042 0.001736
-1.193316 0.019844
1.308101 0.144150
1.250439 0.045284
1.483085 0.187878
0.951372 0.056793
-1.209369 0.338206
-1.068870 -0.072899
1.468245 0.247059
-1.338616 -0.370379
-1.013042 0.177194
1.288560 0.112522
0.983290 -0.187514
0.779595 0.109290
1.417701 -0.145969
-1.073193 0.034402
1.149364 -0.163256
-1.096081 0.278077
1.314645 -0.049320
-1.028892 0.337420
1.098560 -0.304427
0.984955 -0.200485
-1.307093 0.172385
-1.157912 0.142940
1.357661 0.036996
-1.234659 0.037817
0.917057 -0.394039
0.847947 -0.471045
-1.126581 0.298461
-1.443644 0.114024
1.282363 0.038482
-1.376920 0.017635
-1.170483 0.129901
-1.100750 0.090171
-0.914106 0.173091
-0.801955 0.537870
0.942665 -0.219157
0.880207 -0.538077
-1.366672 0.232777
-0.856680 0.367138
-1.082708 0.265145
-0.844734 0.315750
0.938488 -0.502944
-0.997463 0.293772
1.440485 0.146935
1.080613 -0.389486
-0.843058 0.265909
1.451482 0.021829
-1.208983 0.055475
-1.375474 0.089657
1.331002 -0.129634
-0.877876 0.296644
-1.283892 0.172971
-0.908434 0.227304
-1.176123 0.282798
-1.146708 -0.010206
-1.137516 0.228251
-1.045969 0.262781
1.231864 -0.095394
-1.298750 0.147048
-1.250733 0.256763
-1.332634 0.112300
-1.272009 -0.133951
-1.113719 -0.026162
1.371347 -0.195568
-1.079399 0.135263
-1.249234 -0.020321
-0.995154 0.351552
1.325970 0.005959
-1.113696 0.302709
0.811153 -0.297064
-0.989113 0.288827
1.395570 0.036490
1.105595 -0.291000
1.245471 -0.075611
-1.236670 -0.133166
-1.388664 0.078320
-0.994587 0.240595
1.341271 0.009895
-1.120092 0.315071
-1.254050 -0.040766
1.178931 -0.104926
0.924967 -0.242298
0.741759 -0.491081
-0.769769 0.175118
-1.433417 0.186232
-1.168070 0.506960
-1.284521 0.143229
-1.085105 0.346190
-1.308014 0.102055
1.206750 0.019211
0.875557 -0.537243
1.411188 0.108405
-1.213390 0.159976
-1.028217 0.194172
-0.987905 0.367913
0.876563 -0.201340
1.206816 -0.074396
-0.724603 0.289504
1.365446 -0.278698
-1.176158 0.427295
1.139542 -0.189342
1.142866 -0.247753
1.039462 -0.074108
-1.155801 0.098347
-1.190266 0.055984
-0.974950 0.246985
-1.286355 0.078999
0.923586 -0.279328
0.881816 -0.147278
1.066602 -0.270518
0.879431 -0.301489
-1.240871 0.027173
-1.048869 0.181863
1.397081 -0.031889
-1.268390 0.146904
1.068796 -0.324094
1.381714 0.063246
-1.308889 -0.037077
-0.959789 0.312865
1.378203 -0.014805
1.037218 -0.281818
0.779058 -0.298851
0.934488 -0.418328
1.415601 -0.122255
-0.962947 0.258007
-1.358231 -0.116763
0.952172 -0.419643
1.185694 -0.319737
1.252858 -0.151497
1.037025 -0.124886
0.726962 -0.572839
1.273920 0.022690
1.546385 -0.343194
1.455992 0.029748
0.870124 -0.299311
-1.008065 0.314454
1.379182 -0.133110
-0.821603 0.499754
1.230807 -0.043832
1.024120 -0.071659
-1.037545 0.338088
-0.782894 0.161654
-1.312616 0.005036
1.223414 0.079300
1.293180 -0.015423
0.831106 -0.384785
-0.792408 0.377943
1.174858 -0.165119
-0.959652 0.165636
-1.566594 0.053326
0.908194 -0.172526
-1.167007 0.125755
-0.974925 0.107887
-0.991042 0.135672
-1.343520 -0.036888
-1.456910 -0.006089
0.751624 -0.051989
-0.976821 0.416410
-0.733709 0.453443
-1.231858 0.250026
-1.197096 0.494333
1.257715 -0.087281
0.941218 -0.497751
-1.333977 0.222364
1.118821 -0.323130
0.878376 -0.484793
-0.927453 0.404317
-1.381246 0.080252
1.234608 0.041841
-0.893764 0.374569
-0.817344 0.412042
-1.002631 0.301351
-1.446949 0.073395
-1.311545 -0.026834
1.326535 -0.042149
-1.241702 0.105057
1.215814 -0.118680
-1.269090 0.124649
-1.122662 0.169483
0.774923 -0.328634
-0.715672 0.583812
-1.355523 0.173871
-1.268057 0.082143
-1.017048 0.446255
-1.412482 0.098026
1.270126 -0.068658
1.320409 -0.011544
0.989364 -0.248344
1.049402 -0.269113
0.869824 -0.058153
1.278589 -0.075013
-1.109835 0.071389
1.279060 -0.015743
-1.241490 0.000693
-1.021313 0.349596
-1.292828 0.121303
-0.940584 0.205263
1.059644 -0.473816
-1.006830 0.280288
1.239985 -0.176857
-1.277864 -0.118076
0.735743 -0.280476
-0.977842 0.275639
1.293764 -0.144250
-0.823497 0.179459
0.919591 -0.355870
-0.801031 0.398863
-1.293853 0.231601
-1.449075 -0.066236
0.952714 -0.115054
0.895850 -0.592757
-1.380525 0.018254
1.051845 -0.187375
-0.951452 0.375331
-0.943292 0.534526
-0.989039 0.373314
-1.217766 0.034686
0.882463 -0.267646
-0.830068 0.457780
1.500764 -0.047863
1.091044 -0.228774
1.310809 0.046831
-1.069324 0.536863
1.281183 -0.112026
1.208250 -0.023276
-0.843368 0.099278
-1.226614 0.084189
-1.123773 0.065472
-1.338503 0.188146
1.013166 -0.362775
0.917893 -0.332752
1.387976 -0.159152
1.344854 -0.134949
0.808806 -0.542699
1.249864 -0.109675
-1.222884 0.117708
1.137557 -0.392856
-0.979999 0.188597
-0.890430 0.149612
-0.755594 0.376102
-1.387702 0.323879
-0.841084 0.395308
-1.128436 0.229114
-1.055592 0.309160
-0.965648 0.241635
1.444754 -0.103259
1.073291 -0.200918
1.070537 -0.293574
1.114793 -0.399249
-0.626325 0.338207
0.847354 -0.217526
-1.005146 0.276892
0.797892 -0.158355
1.321192 -0.061991
0.970297 -0.444880
1.328992 -0.074114
-1.380812 -0.094376
0.973690 -0.236688
-1.277934 0.050319
-1.015127 0.316763
-1.149256 0.257386
-1.241084 0.304927
1.044990 -0.237815
0.905144 -0.327968
-1.317215 -0.160059
-0.892246 0.181290
1.250358 -0.041981
-1.383147 0.284289
1.140370 -0.230838
-1.256045 0.181548
-1.012806 0.320377
1.025451 -0.259742
1.091351 -0.248389
1.314558 -0.085208
-0.652572 0.545215
-0.868897 0.202227
1.392211 -0.303680
0.871309 -0.368703
-1.059035 0.406486
1.022463 -0.447030
1.239485 -0.249943
1.213290 -0.127128
-1.048581 0.420035
1.387747 0.083426
-1.203996 0.266763
0.929842 -0.172340
0.768890 -0.113075
-1.261927 -0.012412
1.278963 -0.199824
-0.880671 0.415959
-1.188764 0.302792
-1.157170 0.327524
1.238224 -0.213001
1.430876 -0.141454
0.818774 -0.308330
-1.256252 0.187010
1.099424 -0.028038
-1.114516 0.188310
-1.096401 0.234290
-1.029031 0.421385
0.799238 -0.264047
-0.931829 0.330661
-0.895116 0.395301
-1.092908 0.561328
-1.415597 -0.168362
1.326812 -0.123976
0.881806 -0.656133
-1.353792 0.132338
1.021636 -0.317586
-0.874650 0.400038
-1.410229 0.220404
0.930743 -0.364728
-0.975149 0.344294
1.260844 0.004691
0.928766 -0.338678
-0.989991 0.445637
1.235552 -0.145389
0.823238 -0.312637
-0.943290 0.576115
1.339984 -0.049915
1.289720 -0.102393
1.174129 -0.195101
-1.437394 0.033919
1.138940 -0.227753
1.305354 -0.372460
1.162093 -0.164722
0.873320 -0.395419
-1.231808 0.182212
1.346084 -0.054230
0.867037 -0.613400
-0.998617 0.402480
-1.300551 0.044078
0.990900 -0.173767
0.893629 -0.143050
1.232799 -0.089330
-1.065656 0.101820
1.306921 -0.206064
1.241963 0.013801
-1.223810 0.109534
1.359557 0.210893
1.228967 -0.102915
1.443393 0.076360
-1.078444 0.030029
-1.632195 -0.141808
-1.255754 -0.110967
1.175338 -0.116714
-1.093625 0.340946
1.442659 -0.098420
1.136178 -0.066469
1.032165 -0.262850
-0.951893 0.417164
1.277223 -0.311427
1.173538 -0.413252
0.931574 -0.247978
-1.254495 0.281953
1.116707 -0.462136
1.344407 0.024137
-0.937431 0.420213
1.313179 -0.021096
1.048773 -0.375992
1.240395 0.010195
0.922042 -0.276840
-0.898628 0.464927
1.382426 -0.146203
-1.065753 0.208939
1.229334 -0.151032
-0.961309 0.498992
1.187429 -0.148590
-1.021614 0.124367
1.003190 -0.158327
1.170814 -0.301718
-0.883078 0.140247
-0.855621 0.335638
-1.224711 0.358808
-1.400463 -0.092710
-0.895063 0.462710
-0.942231 0.187468
-0.793864 0.478090
0.925899 -0.530724
1.036226 -0.163622
-1.201927 0.247217
-0.870362 0.116227
-1.394461 -0.075787
0.614865 -0.325262
1.326542 -0.007000
-0.883400 0.189908
-0.952029 0.084501
1.262229 -0.321760
-0.991171 0.190059
0.883053 -0.386162
0.880565 -0.289192
1.271718 -0.041601
-1.169477 0.058373
-1.223624 0.152358
-0.927371 0.338712
1.411671 -0.309177
-1.271573 0.001519
1.252156 -0.022180
-0.860982 0.330585
1.391454 -0.014821
1.524020 0.118575
-0.933107 0.146580
-1.004513 0.236821
-1.242559 -0.012161
1.445185 0.066598
1.294571 -0.242353
0.937499 -0.444405
-1.125041 0.094086
-1.315589 -0.014974
-1.284090 -0.096525
1.165157 -0.028680
-1.445437 0.039116
-1.076124 0.275847
-1.033499 0.127086
-1.268408 0.175355
1.334300 0.034475
1.069940 -0.212302
1.194175 -0.176423
-1.319705 -0.031495
1.159455 0.029252
-1.034501 0.221179
1.431510 -0.078442
-1.270857 -0.003995
-1.390600 0.074786
0.768349 -0.352961
-1.284719 0.167727
-1.304874 0.142509
-1.064995 0.224287
-1.261562 -0.113746
0.797557 -0.312293
-1.304541 0.021042
-0.755097 0.291591
1.322268 -0.056514
0.782156 -0.365703
-0.929201 0.281929
-1.214238 0.285192
-0.966428 0.175990
-0.935221 0.297121
-1.033241 0.177635
1.323286 -0.006584
-0.937281 0.156841
-1.179484 0.026787
0.797925 -0.429306
-1.565952 0.163390
-0.733669 0.212587
0.963141 -0.219686
1.161833 -0.036607
1.325381 -0.097005
1.463909 0.156915
-0.917495 0.330815
-1.295108 0.014951
-1.084321 0.339194
-1.394851 0.146213
0.819459 -0.332911
1.419308 -0.154333
-1.305368 0.016142
-0.917175 0.240891
-0.915940 0.214171
0.946244 -0.361370
1.487717 -0.089823
-1.036530 0.422156
0.989066 -0.370684
-0.968188 0.515683
-1.013211 0.272079
1.015568 -0.386875
1.239221 -0.196086
0.903162 -0.426458
0.690193 -0.398855
1.307055 -0.415945
1.260993 -0.210197
1.236497 0.077933
-1.086124 0.287677
-1.543089 0.129979
1.374660 -0.094618
0.995683 -0.305934
-1.394525 -0.047370
1.200248 -0.019199
-0.799620 0.200533
-1.543662 -0.084483
1.131383 -0.055529
0.772378 -0.191509
-0.927889 0.142396
-1.186067 0.198325
-1.325042 0.171303
-1.241860 0.054305
1.385733 -0.049551
1.072776 -0.197978
1.335477 -0.028687
-1.105410 0.029203
-1.143518 0.076762
1.284708 0.110373
0.911921 -0.374575
-1.190288 0.083420
1.286217 0.038950
0.779596 -0.465787
1.194481 -0.197795
-1.126698 0.295923
1.153005 -0.169398
1.263907 -0.073989
-1.327184 0.075198
1.102000 -0.304588
0.769045 -0.369830
-0.883680 0.323097
-1.104006 0.269049
-0.926408 0.211036
1.238715 -0.000589
-0.998776 0.397309
1.002832 -0.249391
1.415731 -0.060944
-1.400462 -0.054601
-1.060309 0.431726
1.185264 -0.161735
1.186429 0.065272
1.226241 -0.164333
-0.696177 0.538264
-0.743167 0.308390
-1.406306 0.074142
-1.313781 0.400032
-1.240486 0.014603
-0.995617 0.421405
-1.242053 0.286276
-1.240916 0.246852
-1.387836 0.034888
0.836262 -0.460470
1.313814 -0.100494
-1.017181 0.213096
0.758292 -0.310364
1.155266 -0.104123
1.399019 -0.103491
0.901448 -0.272692
-0.894390 0.248443
-1.374932 0.231410
-1.090771 0.365234
-1.476881 0.252324
-1.258928 0.169126
1.334847 -0.184800
1.073624 -0.246152
1.234534 -0.259814
0.887407 -0.347788
-0.961698 0.280885
1.251370 -0.130834
1.234738 0.004681
-0.907850 0.284059
-1.028006 0.327882
-1.571692 0.066156
-1.291928 0.064615
-1.302972 0.136111
-0.935611 0.403705
-1.038683 0.237762
1.319769 -0.033286
1.453755 -0.148896
-1.394027 -0.049094
0.980488 -0.466050
1.260235 -0.026299
1.288629 -0.163364
1.020420 -0.344588
-1.370718 0.067021
1.252729 -0.224463
-1.426878 0.062905
-1.102050 0.276240
-1.340912 0.029500
-0.886010 0.165386
-1.231922 0.188972
-1.056632 0.102882
-0.801580 0.605426
-1.436095 0.171068
-1.081185 0.171376
1.371500 -0.104819
-1.411625 0.077134
-1.547661 0.020141
1.286250 -0.087947
-1.114727 0.296909
-1.161083 0.137444
-1.205479 0.099119
-1.326297 0.172037
-1.166117 0.139987
-1.277545 0.011135
1.277511 -0.039853
1.282648 -0.154066
1.123234 -0.196573
-1.289776 0.154967
-1.072697 0.200609
0.947128 -0.133375
-1.349694 0.074760
-1.159335 -0.010242
0.954296 -0.198216
1.054204 -0.160736
-1.062894 0.250603
1.299799 0.045732
1.270882 -0.117025
0.849049 -0.300429
1.331199 -0.110918
-1.455963 -0.183463
0.992181 -0.262557
1.327864 -0.042400
-1.165830 0.475429
-1.003692 0.229932
-1.218613 0.161003
0.839177 -0.525680
1.052661 -0.319388
1.342830 -0.192332
-1.290845 -0.057345
0.878151 -0.528385
1.355594 -0.250710
1.162046 -0.308468
1.258025 -0.016667
1.028292 -0.367757
-1.309641 0.044359
-1.057291 0.208425
-0.826524 0.181458
-1.272515 0.247310
1.246088 -0.015918
1.374398 -0.222136
1.416457 -0.098241
1.176050 -0.048117
0.912280 -0.324142
0.873044 -0.280626
0.844304 -0.558871
-1.300601 0.025740
-1.125650 0.267285
1.037926 -0.242816
1.213362 -0.081251
-1.398449 0.066489
-0.789349 0.107771
1.309061 -0.030440
-0.965641 0.342387
-1.094428 0.259909
-0.950765 0.444218
-0.950890 0.159129
-1.009180 0.407676
0.878034 -0.151957
-1.342013 0.000262
1.117407 -0.196095
1.155690 -0.076822
1.128432 -0.344502
1.074001 -0.233737
-0.824567 0.113204
-0.945287 0.253811
1.137139 -0.110792
-1.274399 0.063812
1.354999 -0.303470
-1.277061 0.103089
-0.987751 0.477603
1.104290 -0.234510
1.171153 -0.078004
-0.834379 0.536013
1.414607 -0.043024
-1.282866 -0.062097
0.950752 -0.305214
1.191631 0.018342
-1.306111 -0.042437
-1.375587 0.056583
-1.443081 0.153341
-0.954321 0.308179
0.971762 -0.595123
1.251920 -0.258036
1.007696 -0.341179
-1.019702 0.130707
1.277932 -0.074128
1.129985 -0.049810
0.867937 -0.628871
