0.854023 0.002386
-0.834788 0.008026
-0.864338 0.013863
0.848556 -0.027475
-0.830650 -0.015427
0.827653 -0.028088
-0.809948 -0.006591
-0.920389 0.029548
0.825520 0.031754
-0.858042 0.042493
-0.822106 -0.017797
-0.832355 0.022639
-0.859568 -0.021514
-0.810258 0.012765
0.831178 -0.018838
-0.829796 -0.017894
-0.818141 0.049908
0.844989 -0.019356
-0.816350 0.100584
-0.804825 0.040812
0.811427 -0.022924
-0.877855 -0.028667
0.845248 -0.019532
-0.856666 -0.029272
-0.859455 -0.040293
0.846428 0.064422
0.866142 0.015735
0.795706 0.031188
0.861882 0.070095
-0.814759 -0.052376
0.821442 0.032644
0.840479 0.002831
0.788696 0.025356
0.842251 0.057659
0.833028 0.026629
-0.843371 -0.042734
0.857063 0.002351
0.849131 0.052803
-0.810752 0.006529
-0.856454 -0.020081
0.856905 0.021810
-0.857822 -0.011739
-0.836224 -0.016852
0.893695 0.055797
0.814629 -0.014530
0.850615 -0.020169
-0.864063 0.023155
0.840922 0.007362
0.893631 -0.031251
0.894022 -0.002719
0.820214 -0.043471
0.825104 -0.041354
0.858877 -0.015014
0.839683 -0.023101
0.833120 -0.045601
-0.889595 0.022178
0.835340 0.030067
-0.859279 0.061924
0.853307 -0.015738
0.846236 -0.066337
0.848605 -0.033093
0.817036 -0.042810
0.844078 -0.024886
0.797328 -0.012415
-0.794147 0.017138
-0.803791 0.009817
0.833331 -0.037226
-0.795456 0.023688
0.821664 -0.042507
0.841352 -0.010008
0.875058 0.011134
-0.803997 -0.008387
0.873012 0.005205
0.836698 0.048637
-0.872827 -0.032833
0.835923 0.000052
-0.827480 -0.051176
0.851368 0.038221
-0.833614 -0.004951
0.848862 -0.017875
0.823293 0.029785
0.822620 -0.005173
0.871216 0.014933
0.870863 0.016849
0.856971 -0.003443
0.897668 0.020458
-0.835633 -0.017070
-0.854597 -0.052966
0.866502 0.036083
0.853169 0.011394
-0.837079 -0.007022
-0.853169 -0.018828
0.846741 0.037453
0.848839 -0.027821
-0.854053 0.011605
0.845092 0.001656
0.898816 -0.011270
-0.855473 0.001885
0.819063 -0.002574
-0.848559 0.017292
0.871749 -0.005252
0.839613 -0.006354
-0.822072 0.011133
-0.889381 0.012766
0.867631 0.007452
-0.823480 -0.001382
0.818137 -0.005753
0.820585 -0.031711
-0.902034 -0.000278
-0.841498 0.052802
0.837329 -0.022572
0.802627 0.021221
-0.802188 0.034156
-0.829516 -0.015055
-0.804842 0.092954
-0.801520 -0.017713
-0.796656 0.009169
0.852064 0.005220
-0.852466 -0.022899
-0.845967 0.001230
-0.854424 0.007840
-0.823818 0.008007
-0.845940 -0.034865
0.831002 0.042074
0.822186 0.034778
-0.841882 0.001489
-0.822122 -0.028556
0.876055 0.015093
-0.829107 -0.021934
0.853265 0.027016
-0.841058 -0.032212
0.815298 0.024263
0.847011 0.019060
0.872131 0.050561
0.818136 0.042863
0.821976 0.007557
-0.840178 0.018591
0.795742 -0.012497
-0.889752 -0.035710
0.867756 -0.005986
-0.821734 0.003680
-0.831703 -0.000071
-0.896106 -0.009979
0.813898 0.011780
0.843081 -0.023886
-0.872905 0.005670
0.836496 -0.018290
0.850108 -0.024985
-0.878111 0.002737
0.846465 -0.041685
0.823448 -0.015127
0.882166 -0.031202
0.842269 0.012322
0.858160 -0.084804
-0.865905 0.025895
0.812000 -0.059787
-0.876310 0.024899
-0.844141 0.069655
-0.825209 0.033315
-0.824467 0.055852
-0.783548 0.062836
-0.802758 0.056274
0.837631 -0.097962
0.787816 -0.034688
0.805422 -0.002541
0.810198 -0.018741
-0.810558 0.072472
-0.833220 0.018352
-0.807963 -0.063186
-0.778193 -0.089361
0.885737 0.025728
0.870729 0.036752
0.867265 0.047269
0.825345 0.054408
-0.862956 0.007932
-0.835291 -0.057178
-0.807240 -0.023830
0.858044 0.029849
-0.851609 -0.015752
0.815003 0.034916
-0.800190 -0.029777
-0.868728 -0.019340
0.871878 0.007659
-0.861044 0.010770
0.880784 0.007992
-0.823117 0.002844
-0.826121 -0.016095
0.807434 0.012117
0.858017 -0.004262
-0.859459 0.004851
-0.859698 -0.009338
-0.805541 -0.024611
-0.854482 0.015293
0.855958 -0.007374
-0.829994 0.031854
0.839499 -0.043716
-0.832696 0.019925
-0.824273 0.004026
-0.855755 0.034611
0.840505 0.030685
-0.853813 0.017911
-0.829175 0.059484
0.848905 -0.045747
0.815516 -0.048928
0.883431 -0.013887
-0.806612 0.048416
0.857348 -0.052652
-0.826915 -0.003109
-0.782859 0.072428
-0.809955 0.000209
-0.852338 0.091811
-0.835734 0.043821
-0.807662 0.040601
0.810090 -0.011407
-0.831743 0.033941
0.848297 -0.014624
0.861316 0.028689
-0.822748 -0.015231
-0.836109 -0.025052
0.863821 0.022263
-0.802047 -0.049169
0.871706 0.021894
-0.835853 -0.014357
-0.807470 -0.032471
-0.846645 -0.004862
-0.837521 -0.031532
-0.838551 0.022175
-0.857257 -0.066918
-0.830087 -0.000150
-0.866843 -0.024527
-0.826212 0.014122
-0.825876 0.002648
-0.883571 -0.022278
-0.837971 0.030026
0.848059 0.007456
0.881633 0.014071
0.841704 -0.037713
0.847198 0.002980
0.873186 0.008459
0.849582 0.032068
-0.880171 -0.000651
0.888675 -0.013387
-0.858844 0.023575
0.840437 -0.034185
-0.825786 0.002137
-0.856146 0.044774
0.833619 -0.059657
-0.840597 0.001356
0.839963 0.012191
-0.829811 0.014428
0.840030 0.013121
-0.843727 0.034348
0.888800 -0.007596
0.807489 -0.005678
-0.846972 0.066145
0.816267 0.003450
0.778134 -0.041831
0.810972 -0.004451
-0.834446 0.081733
-0.799126 0.031840
-0.830191 0.021418
0.862518 -0.002165
0.795250 -0.044143
0.835028 -0.006654
0.871853 0.015057
-0.840783 -0.026547
-0.818788 -0.040020
-0.825096 -0.061853
0.811606 0.065277
-0.800431 -0.035932
-0.826282 0.002362
0.822770 -0.020481
-0.793884 -0.022867
-0.804939 0.004124
0.871315 0.041545
-0.854541 -0.019395
-0.834405 -0.007646
0.888515 0.030128
-0.827143 -0.046527
0.855333 0.013885
0.858835 0.024348
0.796828 -0.008454
-0.840153 -0.005351
-0.875706 -0.032247
-0.851583 -0.004177
0.857251 0.009137
0.873569 0.000072
-0.792840 -0.001159
0.806976 -0.028059
0.823467 -0.029773
0.858004 -0.037528
0.846098 -0.023301
-0.851748 -0.000456
0.824944 -0.025800
0.808354 -0.007134
0.889284 -0.004835
0.813303 0.005982
0.827262 -0.017853
-0.802397 -0.006553
-0.829717 0.049018
-0.872037 0.032822
-0.828991 0.002655
0.836183 -0.015805
-0.824483 0.022268
0.777437 -0.018063
0.842674 0.019768
0.823427 -0.102673
0.800932 -0.023897
-0.816578 -0.002424
-0.830582 -0.032156
0.791885 0.003634
-0.820027 -0.057567
-0.807885 0.003521
0.869365 -0.014068
0.879796 -0.051639
0.815033 0.011457
-0.796949 -0.031834
0.825347 0.015779
0.817108 0.001644
0.889049 -0.022173
-0.839522 0.039402
0.868078 0.016900
-0.863430 -0.032513
0.837801 0.023767
-0.809425 0.004122
-0.849950 0.009387
-0.813097 0.027863
0.842608 -0.012142
-0.811414 0.008983
0.820836 -0.052344
-0.844650 0.006725
0.903730 0.046222
-0.811161 0.024639
-0.852791 0.002169
0.858176 -0.037578
-0.836311 -0.005595
0.833599 -0.001110
-0.848128 -0.004138
-0.815007 0.004956
0.804408 -0.017147
0.865854 -0.018838
0.854683 -0.043745
0.828171 -0.054807
0.901196 -0.032066
0.876411 0.007842
0.842676 -0.002231
-0.800342 -0.038333
0.814520 -0.014264
-0.873569 0.038204
0.818393 -0.013238
-0.844365 0.037509
0.832043 -0.022541
-0.824447 0.035965
0.837267 -0.043592
0.794787 -0.044380
0.800119 -0.017143
0.848728 0.028404
0.857546 0.005348
-0.763825 -0.067197
-0.817171 -0.048044
0.822940 -0.020660
-0.804148 -0.046595
0.855902 0.033577
-0.890021 -0.019162
-0.796154 -0.041755
-0.863190 -0.038183
0.802902 -0.029967
0.803952 0.012256
0.799080 0.016706
0.833064 -0.007950
-0.857602 -0.035697
-0.866172 -0.058516
0.839535 0.018335
0.851734 0.061123
0.863065 0.004074
-0.860803 -0.068069
0.848532 -0.028619
0.805741 -0.008107
-0.838478 0.002222
0.875610 0.042620
-0.814759 0.036026
-0.798528 0.018477
-0.839127 0.018951
-0.803308 0.006469
-0.875403 -0.002729
-0.855935 0.015003
0.839072 -0.031355
-0.854747 0.047089
0.853402 0.005929
-0.795523 0.027945
0.801977 -0.033525
-0.866300 0.042457
-0.868619 -0.009236
-0.829807 0.053617
-0.838485 0.054839
0.849848 -0.064203
0.880628 -0.011899
0.807444 -0.019237
-0.849425 0.026128
-0.833996 0.019160
-0.800681 0.047974
0.831830 -0.012447
0.825879 -0.028100
0.801045 -0.056785
-0.801616 0.001770
0.832417 -0.016161
0.803420 -0.036062
0.837306 0.007250
0.794245 0.048311
0.797828 0.022615
-0.862538 -0.015879
0.799140 0.038299
0.850710 0.045722
0.827467 -0.000530
0.792835 0.009599
0.841380 0.012691
0.801789 0.004702
0.810212 0.019786
-0.858720 -0.034198
-0.853285 -0.045967
-0.844482 -0.006421
-0.877888 -0.006475
-0.832796 0.027843
-0.824432 0.008501
-0.837019 0.021052
0.856587 0.015185
0.851846 -0.028120
-0.859387 -0.037470
0.853006 -0.041648
0.850811 -0.024015
0.920551 0.010816
0.847382 0.013426
0.867530 0.002123
-0.853788 0.021102
-0.835055 0.030796
0.847231 -0.034741
-0.830399 0.010013
0.856576 -0.032606
0.796574 -0.008465
-0.844663 0.010418
-0.829220 -0.023155
0.833013 -0.015254
0.838258 -0.009960
-0.797034 0.022515
0.842561 0.040278
-0.833360 0.031424
-0.827187 0.016026
0.810077 0.002704
-0.814619 0.016800
-0.811691 0.012874
-0.836073 0.063020
-0.813830 0.020844
-0.796353 -0.005476
0.811803 0.031341
0.822841 0.038478
0.799960 0.020906
0.874802 0.024109
0.831721 0.049133
0.856331 -0.001879
0.840612 0.055223
0.848303 0.050846
0.820880 0.028134
-0.834473 -0.016509
0.808335 0.016488
-0.787125 0.014355
0.843809 0.022581
0.811434 0.012899
-0.870789 -0.027010
-0.833586 0.027713
-0.849119 -0.029845
-0.856513 -0.035228
-0.818441 -0.049581
0.835992 -0.032614
-0.834191 0.037898
0.864663 0.031656
0.875255 0.020632
0.850552 -0.009323
-0.839229 0.022164
-0.835886 0.026820
0.826758 -0.019073
0.803114 -0.020753
-0.837753 0.005361
0.850610 -0.039114
-0.851319 0.067352
-0.856990 0.021650
-0.869371 0.064854
-0.804659 0.036069
-0.876895 0.031874
0.835304 0.000788
-0.835155 0.055960
0.816868 0.012570
-0.859944 0.053037
0.876979 -0.039701
-0.808242 0.045408
-0.858921 0.051399
0.823014 -0.068077
0.814241 -0.069695
-0.822361 0.021550
-0.799880 0.064931
0.789193 -0.083478
0.797554 -0.015586
-0.809144 0.010836
0.836968 -0.010340
0.805515 -0.038152
-0.831802 -0.053641
-0.820404 -0.007826
0.873744 0.051777
-0.797737 -0.022204
0.812940 0.025898
-0.840945 -0.033191
0.815369 -0.006683
0.872944 -0.030750
0.831732 0.000546
0.807850 -0.014293
0.802069 -0.044367
0.820666 0.011430
0.870269 0.013435
-0.876126 -0.027988
-0.837132 0.037616
0.853577 -0.010851
0.858192 0.001709
-0.837168 -0.024478
0.851094 -0.015636
-0.859753 0.007508
-0.824910 0.028303
0.816287 -0.019257
-0.856412 0.014069
-0.809631 0.043872
-0.838881 0.032398
-0.821820 0.008074
-0.809414 0.020104
0.839199 -0.004799
0.865972 -0.005809
-0.840661 0.004312
0.808427 -0.050999
0.891832 -0.045690
0.866230 -0.010000
0.832829 -0.038960
-0.860801 0.005167
-0.872733 0.061869
0.842892 0.010470
0.826537 0.003672
0.847509 -0.010794
0.822550 -0.026037
-0.812715 0.029483
-0.843562 -0.019352
-0.816074 0.099744
0.782897 -0.002788
0.793099 -0.047853
0.844759 -0.005656
0.777416 -0.050408
0.862329 0.022461
0.841739 -0.021688
-0.800906 -0.059369
-0.870796 -0.046281
0.816642 0.069051
-0.821440 -0.038239
-0.836820 -0.053366
0.854755 0.000245
0.843755 -0.018274
-0.808272 0.010564
-0.848996 0.002907
-0.822242 0.006569
0.819809 0.028105
0.827386 0.019317
0.857275 0.002100
0.832938 0.017463
-0.850101 -0.007823
-0.875792 -0.011253
-0.807064 0.021108
-0.832196 0.011445
-0.875421 -0.024589
-0.853260 0.005768
-0.858707 0.021479
-0.816803 0.018728
0.818079 0.014227
0.864193 -0.023337
0.870690 0.002963
0.849552 -0.032685
0.846458 -0.044569
0.840907 0.002907
0.806295 -0.011374
0.816393 -0.003638
0.835288 0.025751
-0.834481 -0.044896
0.833049 -0.048045
-0.864644 0.025642
-0.841223 0.038381
0.886893 -0.017447
-0.831529 0.054879
-0.854969 0.097572
0.821764 0.015586
0.797062 -0.017416
-0.806306 -0.007726
-0.808221 0.079920
-0.775640 0.035592
0.841442 0.022553
0.847561 -0.004057
0.787737 -0.008127
0.851083 0.064445
0.854985 0.019123
-0.843779 -0.038011
-0.847556 -0.039727
-0.798753 0.007400
-0.845130 -0.052764
0.846512 0.042584
-0.826660 -0.040972
0.884887 -0.008478
0.816856 -0.012708
-0.844605 -0.012100
0.893035 0.030567
-0.837710 -0.015161
0.812842 0.004048
0.865516 0.032393
-0.847488 -0.007796
-0.827098 -0.009839
0.844579 -0.009006
-0.847799 -0.015724
0.843398 -0.004794
-0.878378 -0.013012
-0.821746 -0.006775
0.869103 -0.020774
-0.898123 -0.008323
0.811067 -0.002903
0.824167 -0.013537
0.817923 0.003172
-0.827145 0.028857
-0.827762 0.023253
0.865040 -0.006440
-0.809713 0.027914
0.817265 -0.008556
-0.882497 0.011401
-0.861091 0.014004
0.853930 -0.051821
0.823027 -0.010978
-0.839623 0.037825
0.855623 0.016929
0.817494 -0.005107
-0.840541 0.056327
0.836108 -0.037041
0.803193 -0.018814
0.809644 -0.030095
0.808793 -0.028763
0.776843 -0.012086
0.796049 -0.006306
-0.879738 -0.015338
0.799145 0.001261
0.799045 -0.039107
-0.892389 0.012284
-0.838213 -0.047079
-0.854173 0.003673
-0.803039 -0.020128
-0.845421 -0.045968
0.846174 0.023300
0.824969 0.001827
-0.850173 0.027595
-0.809320 0.022512
-0.821237 -0.021269
-0.884879 -0.054140
-0.828843 -0.006200
0.857217 -0.002476
-0.899753 -0.038313
0.834780 -0.014870
0.842802 0.045349
-0.841390 -0.012314
-0.828269 0.020702
-0.845522 -0.014568
-0.913135 -0.032682
0.831601 -0.014866
0.851712 -0.024101
0.853388 0.001333
-0.816541 0.017818
0.818221 -0.008130
0.876724 -0.016285
-0.823526 0.024957
0.880577 -0.009539
-0.823676 -0.004994
0.825326 -0.024966
-0.812706 0.042457
0.841184 -0.013256
0.835212 0.022170
-0.866810 0.050027
0.845186 -0.044187
-0.778932 0.020401
-0.861014 0.000793
0.838536 0.012896
-0.842593 0.038664
0.839723 -0.042186
-0.802720 0.059630
0.830146 0.002706
0.830450 -0.078318
0.807003 -0.008475
0.797362 0.002154
0.861843 0.011398
0.830638 0.038514
-0.781102 0.035570
-0.845273 -0.034256
0.877753 0.069963
-0.852190 -0.052989
0.856876 0.060094
-0.852880 -0.067134
-0.841049 -0.010597
0.820856 -0.002778
-0.829331 0.014233
-0.815145 -0.011524
0.839372 0.007717
-0.867103 -0.065922
0.886778 0.008863
-0.862512 -0.001959
-0.860128 -0.035048
-0.825689 0.005049
-0.827921 -0.019997
-0.852555 -0.007869
-0.829651 0.021076
-0.890565 -0.039681
0.839625 0.021440
-0.840825 0.010093
-0.807119 0.001221
-0.838740 0.005410
0.805151 0.005165
