-1.025362 0.652958
1.217802 -0.038322
-0.940300 0.235166
1.062562 -0.084939
-1.052917 0.094609
1.208070 -0.142613
-1.269767 0.574037
-0.984910 0.224899
1.055772 -0.038554
1.163213 -0.255769
1.286889 -0.187665
-1.124735 0.540469
-1.022518 -0.246916
-1.063067 0.447157
0.951719 -0.005751
-1.103757 0.310679
0.921693 0.164078
-0.798974 -0.063201
-1.219406 0.246412
-1.282001 0.449070
-1.160891 0.193666
0.915197 -0.089908
-0.853621 0.264208
-1.039586 -0.082729
0.890324 0.204211
-0.652428 -0.324757
0.885183 0.008498
-0.850725 0.144563
0.950935 0.215727
0.899130 0.148095
0.691708 0.137613
-1.035183 -0.090875
-0.798782 -0.036582
1.047464 -0.012304
-0.900774 -0.143195
-0.676498 -0.373497
-1.039708 0.009092
-0.980512 0.033390
-0.916182 0.215703
-1.005089 0.235949
-1.033408 -0.043811
1.197061 -0.018670
1.121513 0.097275
-1.144523 -0.168167
-1.169404 0.373201
-1.032620 0.037155
-1.097212 0.257502
-1.055052 0.291323
1.205811 -0.108109
-1.227787 0.141193
-0.898373 0.559910
-1.051553 0.188026
-1.192165 0.151850
1.211908 -0.486572
-1.010883 -0.001787
-1.169358 0.022692
-0.934351 0.004391
-1.042285 0.415522
-1.248530 -0.234623
1.297907 -0.629021
-0.991760 -0.072027
-1.213171 0.538390
0.945736 -0.001670
-1.184121 0.099021
1.240299 -0.011330
-0.997916 0.009321
-1.205729 0.123976
-1.104763 0.602218
-0.949298 0.117536
-0.905748 0.487630
-1.166302 0.287907
1.014532 -0.069935
-0.751850 -0.123075
0.748672 0.322007
0.794385 0.328360
0.961138 0.040781
-0.883364 -0.253731
-0.854782 -0.222940
0.628390 0.161834
-0.959980 0.176300
-0.857861 -0.121543
-0.960119 -0.085594
-0.920734 0.214823
0.728789 0.250388
1.033300 0.024913
0.823001 0.050379
1.055001 -0.182197
-0.801820 0.026597
-1.072046 0.324503
-1.177098 0.362334
-0.986813 -0.101298
-1.009899 -0.510444
-1.150456 0.332154
0.970325 -0.404062
-0.920061 -0.174425
-1.042298 0.160846
1.050806 -0.123241
-1.257966 0.257250
-1.026348 0.339228
1.135943 -0.013488
1.190839 -0.321564
1.088357 -0.634261
-1.136014 0.684642
-0.870331 0.031037
1.074865 -0.213889
0.916866 -0.003082
-1.313219 0.205148
1.308773 -0.201559
-1.042540 0.194683
-1.247551 0.262289
-1.012570 0.194231
1.204964 -0.424513
-0.997401 -0.016573
1.181373 -0.195001
-1.302600 0.322911
1.110832 -0.856933
-1.104933 0.327251
-0.908913 0.302955
-1.220177 0.114627
0.998934 0.233143
-0.906695 -0.026578
0.854060 0.118177
-0.864811 -0.254668
-0.745730 -0.166033
0.770137 0.324980
-0.870533 -0.357647
0.749256 0.306595
0.838536 -0.002442
-0.774906 -0.029070
1.043995 -0.009524
0.989703 -0.366596
0.957870 0.135886
1.048516 0.023208
-0.921116 -0.254077
0.861518 -0.156020
-0.882101 0.048682
0.929933 0.156553
1.088918 -0.454227
0.967398 0.308235
1.010165 0.306022
0.947048 -0.056953
-0.988593 0.035474
0.960301 0.150534
-1.011698 0.242932
-0.990235 0.469165
-1.240938 0.302905
1.078236 -0.187240
1.107333 -0.404921
-1.009406 0.315639
1.089491 -0.213324
1.312994 -0.658252
-1.174488 0.090712
0.909558 -0.133610
1.096970 -0.203865
-1.295840 0.125322
1.105469 -0.178982
0.882951 0.105474
-1.187679 0.212585
-0.964610 0.183481
-0.837244 0.102654
1.346143 -0.459852
-1.143050 0.320920
-1.108706 0.152301
1.373785 -0.659869
0.846761 0.027494
-0.854703 0.353720
-1.092040 0.335393
1.014297 0.121004
-0.731424 -0.345506
-0.686126 -0.210692
0.893262 0.125195
-0.921072 0.076070
0.752243 0.415348
-0.841782 -0.377569
0.880867 0.135063
0.982999 -0.003779
-0.940806 -0.038788
-1.018976 0.225847
0.932980 -0.114698
0.901855 0.079251
1.019911 -0.113361
1.094214 -0.004185
0.834344 -0.084198
-0.894414 0.110669
1.038750 -0.389680
-1.152254 0.103114
-1.003365 -0.319402
1.129660 -0.073187
-0.981947 -0.077138
-0.980270 0.026298
-1.192999 0.223698
-1.090272 0.404669
1.096900 -0.305287
-0.912937 -0.194272
-0.920716 0.091549
1.208566 -0.312688
1.045905 -0.160288
-1.089607 0.543146
-1.179911 0.280230
-0.984037 -0.098381
-0.855212 -0.143109
-1.033805 0.252499
1.251544 -0.168025
1.369716 -0.243873
-1.195981 0.117161
-0.962854 0.223971
1.043753 -0.122824
1.052167 -0.283949
-1.483012 0.466949
-1.041738 0.240092
1.061191 -0.346150
1.526167 -0.835553
-0.796471 0.232817
0.940318 -0.713535
0.817058 -0.063231
1.084255 -0.205247
-0.774883 -0.145086
0.878654 0.253527
-0.860528 -0.286844
0.728511 -0.079018
-0.944516 -0.309431
-0.834252 -0.338683
-0.903162 -0.247062
0.879580 -0.025893
0.780417 0.084545
-1.022567 0.207201
-1.004137 0.151396
0.668112 0.326409
-1.055425 0.248655
-0.944041 0.003539
1.006019 -0.137914
0.917136 0.001595
1.013619 -0.360433
1.149663 -0.276612
1.070898 0.108023
-0.976997 -0.289543
-0.905079 -0.101969
-0.935031 0.265010
0.963049 -0.079717
-1.017918 0.118635
-0.900103 0.124158
-1.259619 0.372192
-1.027643 0.456063
1.096615 -0.157292
1.108563 -0.165296
-1.053490 0.032857
1.268713 -0.539670
1.102690 0.276986
-0.936548 -0.077445
-1.146402 0.292247
1.392478 -0.121740
1.159026 -0.117597
-1.111171 -0.103540
-1.182127 0.095655
1.065888 -0.402968
-1.119595 -0.041585
1.312257 0.106657
-0.984911 -0.017046
1.305937 -0.158560
-1.228443 0.145958
1.099385 -0.422517
1.112008 -0.436555
0.933996 0.105448
1.277743 -0.175918
0.885798 0.134964
-0.616920 -0.264015
0.867255 0.249666
0.681347 0.039017
-0.652260 -0.369121
0.826483 0.409713
-0.836985 -0.019107
0.937192 0.117702
0.747618 -0.139221
-0.907448 0.103065
0.943930 -0.142031
-0.804930 -0.297501
-1.016176 0.328215
1.012999 0.002980
-0.766045 -0.079165
-1.047323 0.214639
0.995762 0.000381
-1.147764 0.031969
-0.987385 -0.493220
1.023860 0.382986
1.037851 -0.008763
0.933151 -0.042580
-1.207949 0.184275
0.774232 -0.442119
-0.869441 0.781439
1.125612 -0.170917
-0.992952 0.107092
-0.909002 0.072514
1.238215 -0.236618
-1.005717 0.590505
1.208648 -0.397529
1.066309 -0.038065
0.792300 0.107460
0.911130 -0.150298
-1.352360 0.189694
1.359533 -0.743045
1.063058 0.140195
1.017341 -0.282336
0.900652 -0.562322
-1.217680 0.414958
-0.935135 0.229427
-0.894731 -0.008717
-0.940730 0.299192
-1.127249 0.720907
-0.868510 -0.010873
0.911152 -0.152645
-1.010241 0.211056
-1.425856 0.380879
0.707469 0.356081
-0.881243 -0.412200
0.834102 0.306856
0.644151 -0.080422
-0.766770 -0.358295
-0.983983 -0.059348
-0.893930 -0.157985
0.860269 0.202951
0.703119 -0.129770
-1.044836 0.275126
-0.947008 -0.081398
0.906746 0.256161
-1.061356 0.109922
0.911507 0.187282
0.812917 -0.143528
-0.969105 -0.035019
-0.931980 0.037853
-1.087757 -0.148237
0.902058 0.323271
1.199113 -0.113596
0.845393 -0.208567
-0.944055 0.209568
-1.133361 -0.003472
-1.044409 0.060958
1.194194 -0.572837
0.987737 0.195920
0.933177 -0.508433
-1.108495 0.023392
-1.074941 0.465900
1.166286 -0.626351
1.151300 -0.280477
-1.217778 0.054186
0.934005 0.096281
-1.038191 0.268458
1.097339 0.114035
1.272189 -0.578973
-1.098912 0.007599
1.321106 -0.574971
1.047190 -0.369068
-1.092418 0.388636
-1.173633 0.149771
-1.061483 0.128087
-1.036963 0.060167
1.093708 -0.740244
-1.249937 0.424434
-0.848097 0.653136
-0.982378 0.177091
1.261287 -0.275746
0.809458 0.060623
-0.865515 -0.211785
0.823225 0.112121
-0.966020 -0.101589
-0.703055 -0.414611
0.848203 0.349264
0.630439 0.387470
0.821018 -0.010119
-1.083623 0.105860
-0.985371 0.101168
0.887717 -0.089709
-0.928987 -0.089364
-1.059552 0.082289
0.993100 0.152158
-0.974843 0.411504
0.894918 -0.200422
0.961348 0.109589
-1.129344 0.106591
-0.947707 -0.420657
1.004725 0.159151
-1.058827 0.097587
-1.096093 0.448553
-1.253773 0.427636
-0.967476 0.190987
1.042267 -0.071663
-1.115841 0.288614
-0.931993 0.418558
1.154469 -0.413964
-1.067989 0.256856
1.145132 -0.519625
-1.147866 0.517407
1.116384 -0.004133
-0.989546 0.070424
-0.886219 0.015854
-1.059263 -0.113314
1.347168 -0.594483
-0.945233 -0.302359
1.169152 -0.566986
-0.989307 0.218735
-1.060606 0.089688
1.373278 -0.659261
1.173085 -0.266107
0.950181 -0.403906
-1.277939 0.762100
1.213055 -0.236698
-0.964316 0.538771
-1.248483 0.420335
1.222600 -0.552761
-0.817576 -0.098630
-0.681364 -0.235114
-0.718767 -0.198905
0.917980 -0.101955
0.749288 0.363537
0.913289 0.147475
-0.753093 -0.258247
-0.968187 0.073123
-0.872426 0.172493
0.981246 -0.005715
0.824091 -0.015025
-0.890471 -0.034874
-1.045684 0.290814
0.934541 -0.040045
0.914406 -0.156977
-0.726521 -0.167756
-1.174491 0.374043
-1.184361 0.449469
1.088636 0.302460
-1.094241 -0.150191
-0.866713 0.155605
0.767297 -0.200373
1.037206 -0.162006
-0.983953 0.405927
-1.055464 0.464376
1.007945 0.159848
1.052026 -0.458802
1.080875 -0.108861
-1.124782 0.309442
-0.995210 0.273011
1.192266 -0.321593
-1.015745 0.149168
-0.810605 -0.168338
0.891541 0.011922
1.231321 -0.208460
-1.363213 0.565386
1.150726 -0.058457
-1.185648 0.503364
-0.944800 0.004087
1.115067 -0.243133
1.243201 -0.145149
1.145362 -0.022224
1.188308 -0.221816
1.041505 -0.351959
1.101334 -0.361311
0.952079 -0.287280
1.063004 -0.009421
0.989332 0.195295
0.740563 0.223694
0.637940 0.163907
-0.737340 -0.311662
-0.707012 -0.143058
0.918994 0.348643
-1.021334 -0.116806
-0.883923 -0.242114
-0.903987 -0.008676
0.716854 -0.128419
1.030097 -0.009021
-0.920097 -0.213672
0.727259 0.099232
-1.016801 0.234905
-0.925633 0.019873
-0.873614 -0.077536
0.904731 -0.197238
-1.037843 -0.018423
1.050605 -0.088400
-1.189822 0.030067
-0.947970 -0.462917
0.839164 -0.016631
0.976656 -0.156590
-1.150052 -0.080641
-1.052077 0.410194
-0.903666 0.323506
-1.208405 0.090676
1.074605 -0.500545
1.178682 -0.377568
0.991919 0.147195
-1.076962 0.317739
-1.263181 0.595884
-0.959494 -0.340506
0.827577 0.338558
1.094566 -0.115890
-0.986876 -0.119443
1.263472 -0.409173
-1.135667 -0.068186
-1.169954 0.492889
1.001704 -0.020996
1.161930 -0.017900
-1.531185 0.386355
-1.240941 0.053808
1.318530 -0.243269
-1.085093 0.273801
-0.862608 -0.060868
-1.051907 0.329572
-1.145526 0.222180
-0.931221 -0.154881
0.711452 0.090226
-0.955714 -0.325816
0.743913 0.016612
0.829475 -0.116758
-0.781307 -0.196551
0.978269 -0.043319
0.697814 0.085075
-1.020402 -0.084057
0.773873 -0.119960
0.941689 -0.122018
-0.935952 -0.131872
-0.938804 -0.004563
-1.096838 0.228268
0.834382 0.218178
-0.866657 -0.085469
0.849985 -0.067138
1.004241 -0.060412
-1.077547 -0.298381
-1.116696 -0.372441
-0.960463 -0.445965
-0.811469 -0.066073
0.889765 -0.196270
-1.155726 0.288527
0.847178 -0.494948
1.098411 -0.225858
-1.200460 0.098497
1.015975 -0.209383
0.987089 -0.132255
1.118607 -0.515393
-1.166112 0.275497
1.258706 -0.243826
-1.110431 0.309991
-1.094058 0.100812
1.021877 -0.153110
-1.100081 -0.096426
-1.357962 0.339657
1.056228 0.236699
1.118314 -0.288907
-0.990516 0.209634
-1.052039 0.001217
-1.480887 0.677127
1.047539 -0.231223
1.266344 -0.541212
-1.179618 0.612940
-1.012412 0.018427
-0.863318 0.233902
0.834125 -0.120501
1.163896 -0.014063
0.602565 0.158728
-0.745620 -0.448286
-0.732521 -0.175834
-0.729753 -0.176511
0.697013 0.207910
-0.934793 -0.161888
-0.774760 -0.285670
0.939903 0.093854
-0.806424 0.179918
0.921489 0.071170
0.916431 -0.155609
0.901889 0.092901
-1.130858 0.253795
0.996261 0.007300
0.826147 -0.156057
0.974568 -0.209106
-1.101252 0.320272
1.085797 0.218207
-1.012328 -0.336771
1.040537 0.373391
-1.116945 0.419361
-0.999722 0.447238
-1.133530 0.028996
-1.106724 0.453766
-0.858491 0.420126
1.194287 0.309657
1.011400 0.009763
1.133597 -0.017242
1.124114 0.140580
-1.262164 0.409220
-1.338257 0.277822
0.959085 0.344299
0.817796 0.220060
0.982115 0.037237
1.139183 0.343200
1.411012 -0.047134
1.128233 0.207937
1.041148 -0.028351
1.040510 0.102910
1.462892 -0.165609
1.508157 -0.168361
1.023740 -0.043386
-1.093456 0.089844
-1.319655 0.041974
0.918557 0.034275
1.017706 -0.124808
-0.973630 -0.294779
0.985188 0.055216
0.748384 0.288226
-0.688364 -0.408834
0.876350 0.276418
0.701088 0.129896
0.928071 0.089944
0.931774 0.047738
-0.857327 -0.221964
0.902356 0.230794
1.005847 -0.010896
-0.969826 -0.006743
1.101275 -0.035513
-0.841895 -0.115038
0.980050 0.109637
0.857496 0.036036
0.857305 0.098970
-1.017334 0.133888
0.931244 -0.013143
-1.166321 -0.252383
-1.032808 -0.387180
-1.036767 -0.481302
0.886714 0.082813
-1.062576 0.319773
1.038178 -0.009139
-1.139510 0.373568
1.229342 -0.281070
-1.042204 -0.186008
-0.968947 0.153477
-0.979547 -0.039717
1.128008 -0.208898
1.098846 -0.717365
1.136384 -0.252262
-1.072811 -0.229730
-0.800431 -0.130699
1.076611 -0.038573
-1.350211 0.188701
1.221051 -0.703718
-1.198664 0.004141
1.131941 -0.225852
-1.121466 0.519630
-1.070512 -0.059997
-1.523567 0.551297
-0.914786 -0.102695
1.067075 -0.208466
-0.888776 0.288251
-1.256230 0.196472
-0.923541 0.370024
-1.203613 -0.025471
1.338005 -0.146317
0.905487 0.075876
-0.694568 -0.148725
0.774974 0.141273
-0.649179 0.099029
-0.749425 -0.192143
-0.999745 0.053684
0.871982 0.075096
0.836834 0.031055
-1.014524 0.117993
1.004840 -0.055879
-0.954893 0.105403
0.901378 -0.009233
1.060443 -0.457058
-0.934218 -0.019359
0.908706 0.047350
-0.966528 0.296751
-1.033218 0.086759
1.076119 -0.431919
-1.127775 -0.026090
0.955278 0.209953
0.888419 -0.260249
-1.046001 0.468457
1.036840 -0.305609
-1.097473 0.281027
1.177558 -0.318696
1.119215 0.190221
1.117962 -0.565297
1.064090 0.118378
1.241582 -0.454558
-1.095015 0.600345
1.281103 -0.292936
-0.959776 -0.298584
0.904770 0.170780
-1.003803 0.019703
1.099882 -0.027058
-1.337471 0.179755
-0.881152 -0.123770
-1.140740 0.110612
-0.865608 -0.026070
-1.396406 0.159246
-1.160910 0.110119
-1.045063 0.177234
-1.384868 0.216540
1.249733 -0.693988
-1.053470 0.131339
-0.886697 0.196099
-0.855737 0.034909
0.953796 0.174019
0.764149 0.301304
0.929704 0.088722
-0.789134 -0.116574
0.894370 -0.145356
0.689917 0.382369
-0.896294 -0.240707
-0.966935 -0.181923
0.877020 0.124671
-1.057293 -0.085526
-0.996497 -0.098670
0.876490 -0.094093
0.748786 0.185933
-0.977559 -0.074892
-1.126860 0.112891
-0.998477 0.136067
-0.802656 0.139764
-1.064652 0.071087
1.193300 -0.063128
-1.119883 -0.149198
1.098203 0.258987
0.985956 -0.112969
0.903043 -0.196818
-1.201408 0.285502
0.869933 -0.280516
