-0.821837 -0.013276
-0.841856 -0.025642
0.828126 0.021667
0.847301 0.004920
0.808389 -0.012656
-0.806692 -0.032526
0.867600 0.034437
-0.827396 -0.018608
0.862633 0.021523
0.852238 -0.010518
0.823175 0.028461
-0.853786 -0.045224
-0.877721 -0.025192
-0.799644 -0.020593
0.812590 0.065013
-0.768012 -0.028101
-0.824467 -0.017310
0.837488 0.036965
0.846701 0.002705
0.764228 0.004233
0.805549 0.002744
-0.894162 0.019990
-0.887138 -0.050707
0.812218 0.011224
-0.855195 0.017587
-0.833722 -0.008106
-0.860972 0.010583
-0.770373 -0.005230
0.830213 0.003305
-0.821400 -0.074431
0.850782 0.040081
-0.878329 -0.065723
0.790680 0.025761
-0.823267 -0.021939
-0.856412 0.005840
-0.885504 -0.020130
-0.825478 -0.013599
0.819295 0.025004
0.830991 0.036110
-0.833707 -0.006724
-0.820721 -0.028653
0.824093 0.035707
0.822042 0.016369
0.799259 -0.005872
0.824690 0.024845
-0.882631 -0.056359
0.797391 0.044793
-0.807493 -0.025843
0.814142 -0.005573
0.843415 0.010737
0.830952 -0.006911
0.831179 -0.004313
0.827313 -0.050149
-0.815608 -0.000003
-0.808023 0.045822
0.829589 -0.014121
0.881256 0.036920
0.846014 0.007205
0.820568 0.005330
0.811423 -0.009375
-0.870625 0.024325
-0.793884 0.025983
-0.845226 -0.025191
-0.807326 -0.009122
-0.828498 -0.007117
0.838317 0.003527
0.843543 -0.003402
-0.793072 0.002236
-0.774581 0.007178
0.820940 -0.012660
0.824988 0.034456
0.797203 -0.000212
0.850386 -0.043584
-0.813419 0.029549
0.883707 -0.033866
-0.790224 0.030428
0.839562 -0.032744
0.848532 0.019869
-0.805373 0.007435
0.852099 0.006851
0.827357 -0.004897
-0.827417 0.000725
0.814662 -0.030237
-0.862461 0.005192
-0.849280 -0.009586
-0.830230 -0.006163
-0.803410 0.006969
-0.845568 -0.004860
-0.789074 0.003263
0.806714 0.016987
-0.831219 0.013208
0.825383 -0.006665
-0.839490 0.040365
0.826878 0.018313
0.804601 0.017960
0.853686 -0.001942
0.818345 -0.014594
0.829718 -0.010564
0.822551 -0.023703
0.873338 0.007284
-0.813135 0.051463
0.785891 -0.012875
-0.845180 0.013005
0.833061 0.009188
-0.828969 -0.039902
0.838111 -0.009953
0.852555 -0.033768
0.803586 -0.017810
0.882753 -0.022914
-0.767139 0.038855
-0.829882 0.039899
-0.797869 0.019185
-0.812596 0.010183
0.810374 0.020029
0.864226 -0.040532
-0.810843 -0.013058
0.834290 -0.019026
-0.825147 -0.015995
-0.858700 -0.035505
0.825768 -0.012237
-0.874399 0.026894
0.793794 -0.036849
-0.879508 0.054935
-0.781056 0.089269
-0.828894 0.026988
-0.824700 0.016498
0.832939 0.001227
0.856380 -0.032004
-0.808050 0.036045
0.796615 -0.008567
0.821483 -0.010363
-0.857376 0.009095
0.808364 -0.019227
0.808675 -0.040169
0.844903 0.005487
-0.845583 0.005600
0.833315 -0.008742
0.791821 -0.016090
-0.816074 0.011750
0.832317 -0.007899
0.836403 -0.033133
0.867667 0.018571
0.808127 -0.001883
-0.835968 0.044634
-0.843027 0.020462
-0.828619 -0.011076
0.829266 0.009956
-0.885852 0.000918
0.819687 -0.034440
0.828412 0.002602
-0.786327 -0.000578
0.814296 -0.020585
0.867990 0.043765
0.856546 0.021119
-0.878406 -0.017838
0.821667 0.003912
-0.877618 -0.012200
-0.824632 0.010728
-0.829498 -0.027423
-0.822438 -0.003528
-0.853337 -0.060080
-0.832122 -0.003664
-0.822568 0.004564
-0.802237 0.027190
-0.807488 -0.012900
0.886955 -0.023901
0.818386 -0.030049
-0.810721 -0.017960
-0.841997 0.071141
0.852911 -0.029275
0.904943 -0.018926
-0.817455 0.021779
0.872244 -0.024040
0.827500 -0.010399
0.797743 -0.002586
-0.877005 0.012622
0.797244 -0.015990
0.801873 -0.017010
-0.810191 0.026976
0.895644 -0.012791
-0.798295 0.028554
0.827202 -0.013130
0.833736 -0.006845
0.818239 -0.022558
0.834933 0.009645
0.839257 -0.013111
-0.834233 -0.004360
-0.820954 0.019880
-0.809798 0.013196
0.803179 0.035522
-0.839475 -0.007901
-0.832288 0.018485
0.805654 0.020573
-0.830218 0.009108
0.818747 0.003144
-0.859956 0.015484
0.829921 -0.025784
-0.822568 -0.002763
0.838027 -0.001092
-0.824640 0.010106
0.884603 0.052711
-0.845343 0.006572
-0.864151 -0.014850
0.818561 -0.004615
-0.850741 -0.006027
-0.781598 0.007812
0.839670 0.039308
0.801955 -0.005075
-0.869704 -0.035200
0.810625 0.011027
0.883983 -0.010477
-0.789189 0.034784
-0.808779 0.031043
-0.851886 0.029768
0.904854 -0.030250
-0.769336 -0.026975
-0.837472 -0.019383
-0.823905 -0.008815
-0.883291 0.013121
0.791653 -0.004168
0.827657 -0.022079
0.844728 0.024175
0.866061 0.030507
-0.842991 -0.024290
-0.801867 -0.014506
-0.833763 -0.014650
0.818836 -0.001240
-0.852125 -0.022118
-0.815014 -0.013974
0.843460 -0.000097
-0.827514 -0.032005
0.851030 -0.004750
-0.832555 -0.014330
-0.824638 -0.021175
0.808087 0.012862
0.838124 -0.018479
-0.838266 0.000742
-0.843491 -0.024476
0.777059 0.025819
0.847941 0.005428
-0.831453 0.015297
-0.851647 -0.007186
0.840901 -0.026356
-0.803056 -0.006055
-0.825106 0.010543
-0.826992 -0.002526
-0.794041 -0.000736
-0.833317 0.017950
0.859388 0.002042
-0.843401 -0.001073
-0.871978 -0.004456
0.782029 -0.004244
0.899168 0.016877
-0.810046 -0.009301
-0.835110 -0.051727
-0.793149 -0.023604
-0.848438 -0.016414
0.803340 0.017400
0.798878 0.032267
0.813119 -0.000101
0.840554 0.012397
-0.802144 0.019243
-0.851775 -0.022548
-0.845955 -0.010585
-0.841067 0.056914
0.834363 -0.044636
0.861586 -0.034971
0.820576 -0.024810
-0.803069 0.023943
0.849857 -0.004305
-0.869998 0.028674
0.867815 -0.006654
0.816798 -0.042715
-0.808401 0.010719
-0.830627 0.013456
0.914748 -0.009737
-0.811349 0.036094
0.834834 -0.019140
-0.793861 -0.007570
-0.861845 0.025748
0.805480 -0.002539
0.831790 0.012710
0.841798 0.018705
-0.811778 0.007430
-0.830343 -0.003030
0.875763 0.002095
-0.812735 -0.007780
-0.869261 -0.023994
-0.827409 0.014455
-0.843024 0.004515
0.820552 -0.007397
0.852959 0.012733
0.797215 -0.007030
-0.824810 -0.002638
-0.818748 0.025551
-0.827244 0.034070
-0.867046 0.013609
-0.821893 -0.000748
0.854204 0.027760
0.832494 -0.009819
0.903747 -0.001495
0.804241 0.008469
-0.857683 0.004704
-0.818112 -0.014903
0.845877 0.030192
0.819534 -0.018704
-0.803370 0.016354
0.776924 -0.018057
-0.832249 0.034839
-0.827767 0.092266
-0.865443 0.025852
0.859182 -0.049416
-0.826378 -0.001966
-0.810352 0.002063
0.872530 -0.006298
0.817754 -0.023767
0.849044 -0.018711
-0.836360 0.002359
-0.869018 -0.007947
-0.838591 0.020042
0.807716 -0.002996
-0.832473 -0.017023
-0.805783 0.013449
0.890291 0.023498
0.817204 -0.000900
-0.824433 -0.021132
-0.819211 -0.013743
-0.809610 0.006896
0.841723 0.014522
0.816798 0.023033
0.824384 0.016424
0.815695 -0.018492
0.847816 -0.010106
0.875626 0.018696
0.817949 -0.008542
0.856003 -0.010342
-0.820134 -0.013396
-0.844713 0.010196
0.834899 0.010824
-0.844388 0.004963
0.805934 -0.022430
-0.859921 -0.024317
0.827902 -0.028531
0.794551 -0.025194
-0.872782 -0.002296
-0.832334 0.004715
-0.873196 0.001122
0.823537 0.000282
-0.867817 0.017100
-0.828388 -0.004612
0.850602 0.032152
0.826100 0.014670
0.823646 0.017350
-0.826404 0.001836
-0.814906 0.028946
0.792052 -0.035231
-0.823941 0.064506
-0.860201 0.038746
0.853237 -0.014919
0.807984 -0.019968
-0.791796 -0.052952
0.834827 -0.000972
0.847274 0.002181
-0.824437 -0.001745
0.838435 0.011330
-0.862093 -0.043532
0.842595 0.049112
-0.835013 -0.044607
0.804943 0.027279
0.827243 0.024276
-0.816462 -0.013799
-0.888814 -0.036176
-0.789849 -0.007194
-0.779731 -0.020799
-0.841959 -0.055487
0.809415 0.004022
-0.808038 -0.031714
-0.838852 0.001437
-0.834193 -0.045229
-0.819958 0.001668
-0.824998 -0.014767
0.814505 0.038161
0.822005 0.017468
-0.874696 0.000757
0.806589 -0.004378
0.840809 0.026270
-0.837147 -0.008005
-0.818848 -0.022162
-0.805167 0.017010
-0.812073 -0.031218
-0.823094 -0.011056
-0.814259 0.000004
-0.870610 -0.042443
-0.832018 -0.011317
-0.863556 -0.036545
0.794609 -0.000407
-0.884060 0.003108
-0.803023 -0.014937
0.824248 0.051480
-0.830421 -0.017923
0.867923 0.013114
0.830221 0.038719
-0.823672 0.000200
-0.829306 -0.007846
-0.812185 -0.009284
0.875431 -0.018766
-0.836431 -0.035439
-0.842835 -0.030350
-0.853039 -0.012044
-0.821836 0.013597
0.882350 -0.015102
-0.834756 0.024106
-0.865343 0.005710
-0.871977 -0.030143
0.860244 0.018654
-0.888937 -0.020777
-0.823708 -0.019386
-0.809568 -0.009047
-0.831839 -0.001765
0.894397 0.020350
0.827868 0.027686
0.842927 0.041017
0.783802 0.036965
-0.829933 -0.009084
0.822503 0.016469
-0.826961 -0.052111
-0.855138 -0.041937
0.817598 0.016364
0.808434 -0.005084
-0.851254 -0.036274
0.809384 0.009062
-0.837094 -0.028966
0.801082 0.006760
0.833131 0.000712
-0.809187 -0.005405
0.837349 0.002736
-0.811142 0.006967
-0.894043 -0.060087
-0.789603 0.000973
0.826660 0.006908
-0.809788 -0.049988
-0.859720 -0.023972
0.824018 0.029043
-0.800072 0.001177
0.889102 0.020153
0.841304 0.047297
0.854761 0.065809
-0.805027 -0.037026
-0.845813 -0.019458
-0.838068 -0.059841
0.853513 0.017367
-0.838763 -0.000929
-0.830577 -0.001708
0.764615 0.033859
-0.890975 -0.047631
0.841758 0.046836
0.912335 -0.030437
-0.765057 0.003993
-0.884391 0.034879
0.808432 -0.048137
-0.815395 0.057144
0.859415 0.018245
-0.841224 -0.018265
0.850506 -0.001502
0.817950 -0.009181
0.836151 0.018694
0.820244 -0.021678
0.858182 0.005195
-0.811681 0.007866
-0.823828 -0.022720
0.814827 0.021396
0.836794 -0.004347
0.828424 0.002311
0.847966 0.005303
-0.832789 -0.009238
0.820945 -0.017533
0.848551 0.007990
0.855347 0.020043
0.825784 -0.006334
-0.840241 0.000269
-0.837642 -0.008437
0.806632 0.002489
0.824203 0.012584
-0.867585 -0.014304
0.800589 -0.013932
0.852551 0.012489
0.814200 -0.000064
-0.825586 0.022073
0.835001 0.012372
0.864421 -0.004780
-0.846493 -0.006284
-0.798698 0.002382
-0.901492 0.010822
0.803602 0.030223
0.856381 0.035852
0.817746 -0.001674
0.849908 -0.003771
0.835216 -0.000634
0.859943 -0.019655
0.783962 -0.025433
0.812773 -0.011188
0.817723 -0.020702
0.825159 0.010620
0.858087 0.014540
-0.861530 0.024792
0.847464 -0.026292
-0.859740 0.018488
-0.795818 0.001966
-0.864624 0.000352
0.853325 0.016552
-0.869716 -0.018243
0.845267 -0.008022
-0.796636 0.009030
0.797937 0.011160
0.822276 -0.003936
-0.887769 -0.018609
-0.812960 -0.020088
-0.837755 -0.006863
0.825039 0.023372
-0.823099 0.018617
-0.844912 -0.042067
-0.833914 0.001814
-0.808418 -0.010860
0.829589 0.001322
-0.805915 -0.007795
-0.851863 -0.024851
-0.791692 -0.005692
-0.880910 0.009328
-0.814615 -0.011697
-0.829308 -0.017845
-0.829517 -0.019009
-0.836436 0.000390
0.817287 -0.028034
0.833574 0.034570
0.828872 0.013630
0.825520 -0.005049
-0.847014 -0.065376
-0.857131 -0.064731
0.840898 0.026191
0.810616 0.024692
0.858415 0.009030
0.804574 0.011848
-0.855577 -0.036047
0.795259 -0.004216
0.815646 0.032727
0.833363 0.004404
-0.816890 -0.001486
-0.815682 -0.015161
-0.852633 0.001454
0.788329 -0.035021
-0.841655 -0.010136
0.802015 0.017755
-0.786092 0.026796
0.810442 -0.062842
-0.841544 0.045271
0.798933 -0.059223
-0.848083 0.004612
0.847403 0.009912
-0.839869 -0.027460
-0.836239 -0.010797
0.799314 0.026809
0.828051 -0.004144
-0.816084 0.019797
0.859985 0.002023
0.833149 0.020452
-0.785006 -0.021467
-0.817021 -0.056318
-0.835814 0.003284
0.819588 -0.003129
-0.828145 0.013621
0.827911 0.021987
0.840151 0.022514
0.809138 0.001795
-0.854400 -0.049377
0.808271 -0.015730
0.865455 0.036011
0.796993 0.019859
0.839796 0.025530
0.811906 0.017958
-0.869857 -0.003312
0.826855 -0.016147
0.817691 0.028592
0.831044 0.021472
-0.847418 0.033475
0.855384 0.033056
0.836641 0.013090
-0.862928 -0.002260
0.820338 0.022368
0.851573 -0.013360
0.841668 0.007809
-0.826528 -0.034970
-0.822338 0.007987
-0.829247 -0.027215
0.829276 0.023826
-0.866089 -0.017369
0.806529 -0.003728
-0.857987 -0.024532
-0.818816 -0.010963
-0.837171 -0.005316
-0.837246 0.032909
0.881491 -0.018963
0.830447 -0.023817
-0.857323 0.011857
-0.823442 0.034683
0.834827 -0.021228
-0.855558 -0.039120
0.851281 0.024673
-0.857789 -0.005805
-0.842897 0.010623
0.808243 -0.018978
0.813361 0.009643
-0.807216 -0.009690
-0.817497 0.004290
-0.812131 -0.018000
0.812932 0.035935
-0.848311 0.010651
0.802727 0.035054
0.848325 -0.000973
0.818294 0.018285
0.834009 0.014980
-0.822181 0.006225
-0.856576 -0.026514
0.826261 0.022065
-0.866594 0.006802
0.809603 0.004130
-0.856428 0.010442
0.838383 -0.000130
0.861901 0.004821
0.804324 -0.022164
0.848659 -0.001941
-0.820272 0.018170
0.861193 -0.000899
-0.897883 -0.020423
0.848461 0.002604
0.837576 0.003923
-0.812971 0.011747
0.866434 0.012991
0.814459 0.015813
-0.842935 -0.039336
0.850079 -0.031970
-0.830506 0.002888
0.856309 0.030610
-0.798683 -0.009464
0.810362 -0.019680
0.860301 0.005661
0.825332 -0.009104
-0.743599 -0.001971
-0.784772 -0.009015
-0.885723 0.021889
-0.801062 0.028769
-0.887208 0.010700
0.782645 0.003458
0.838138 -0.003183
0.829745 0.005409
0.829831 0.028950
0.858427 -0.005173
0.804659 -0.007714
-0.802910 -0.007780
0.808976 -0.013742
0.857099 0.019874
-0.838208 -0.015291
-0.834284 -0.006341
0.818938 0.025248
-0.843079 -0.005020
0.833567 0.026547
0.798570 0.017624
0.831357 0.008304
-0.809688 -0.004179
0.820007 -0.005711
0.840315 0.048257
-0.808640 -0.031538
-0.832902 0.000580
0.835229 0.000820
-0.845111 -0.026609
-0.817066 -0.015412
-0.835825 -0.006633
-0.841005 0.020167
0.841749 0.021968
-0.812397 0.017601
0.819539 0.002887
0.837575 0.064028
0.849504 0.011666
0.857163 0.000798
0.764061 0.007547
-0.852010 0.009914
0.792258 0.007147
-0.829404 -0.032700
0.807643 0.035867
0.863048 0.030461
0.825343 0.032246
-0.823069 0.014276
0.798129 0.033180
-0.805429 0.003199
-0.870618 0.029648
-0.875441 0.014583
-0.813765 0.013968
0.903057 -0.003866
-0.822174 0.024984
-0.848863 0.031696
0.817634 -0.031745
0.854287 -0.017264
-0.836823 -0.022240
-0.833097 -0.012086
0.874543 -0.009244
0.830486 0.002064
0.823053 -0.005918
-0.812892 0.002282
-0.860779 -0.017703
-0.833639 -0.011022
-0.783718 -0.016208
0.800254 0.023025
-0.835691 0.003403
0.830888 0.017537
0.832837 0.022548
0.832335 0.022339
-0.811668 -0.005841
-0.819296 -0.000783
-0.847760 -0.016855
-0.814718 -0.004319
-0.845167 0.002686
