-0.681013 -0.011802
0.674661 0.002080
-0.657857 -0.014769
0.648742 -0.006735
-0.635545 -0.025753
-0.668816 -0.025940
0.654694 -0.007032
0.646982 -0.020423
0.669421 0.024973
-0.656427 0.009241
0.726923 -0.006376
-0.656892 0.005595
0.679796 -0.006079
-0.656562 0.006991
0.680499 -0.023704
-0.620269 0.024502
0.629275 0.008690
0.703543 -0.025399
-0.666476 0.012560
0.658290 -0.002327
-0.653910 -0.002074
0.657311 -0.026259
-0.633814 0.001278
-0.694469 0.059370
0.596442 0.009325
0.601665 0.000150
-0.676140 -0.016405
-0.670280 -0.000310
0.607027 0.004564
-0.634553 -0.014366
-0.662033 -0.000077
-0.638037 -0.026190
0.644436 0.033392
-0.639298 -0.018385
-0.650085 -0.020689
-0.665417 -0.015202
0.631447 -0.000067
0.678334 0.029932
-0.620059 -0.002225
-0.650866 -0.024349
0.610438 0.040101
0.650126 0.008497
0.655540 0.043501
0.641280 -0.013017
-0.657588 -0.033471
0.646474 0.022626
0.629303 -0.011379
-0.688632 -0.019695
0.648093 0.016456
0.662773 0.011361
0.621634 0.014340
0.664452 0.030155
0.656295 0.019643
-0.645910 0.013263
0.649766 -0.019119
-0.655494 -0.001811
0.671655 -0.012930
-0.615566 -0.018070
-0.688556 -0.018260
0.683508 -0.003085
0.654913 -0.020194
-0.638870 -0.004445
0.699646 -0.011235
0.621200 -0.000770
0.656921 -0.000123
0.713867 -0.039057
-0.665739 0.027187
0.648359 0.015658
0.643508 -0.004017
-0.641429 0.028946
-0.652138 -0.001400
-0.700227 0.055320
0.627198 0.027087
0.623374 0.036697
0.652690 0.018729
0.650865 -0.009804
-0.620636 -0.012896
-0.649451 -0.010186
-0.622827 -0.053111
-0.608039 -0.021929
-0.674924 -0.023613
0.646226 0.044893
0.667140 0.017873
-0.647568 -0.014923
-0.650968 -0.015262
-0.667808 -0.026447
-0.657898 -0.008470
-0.643725 -0.033473
-0.620361 -0.018107
-0.667326 -0.025932
-0.671686 -0.011501
-0.656503 -0.021239
-0.648382 -0.019470
-0.692677 -0.045710
-0.610899 -0.006866
0.660115 -0.002956
0.649580 0.001291
-0.671894 0.016869
0.638339 0.011970
-0.662303 0.000872
0.605035 0.025436
-0.625793 -0.004875
-0.627843 0.012775
-0.671859 0.012655
0.680958 0.004416
-0.639868 0.000463
0.721681 0.032539
-0.637107 0.010357
-0.660291 0.026044
-0.661177 -0.002818
-0.686249 0.034221
0.593387 -0.021627
0.649964 -0.006536
0.693668 -0.057251
0.654287 -0.005156
0.670689 0.004813
0.649688 -0.020699
0.642219 -0.021343
0.616586 -0.015449
0.699389 -0.021823
0.602391 0.012511
-0.644411 -0.024352
-0.692408 -0.022460
0.635099 0.009483
0.588815 0.034461
0.626906 0.030216
0.654319 0.053585
-0.650070 -0.019576
0.628967 0.059943
0.649825 0.047413
-0.635413 -0.034383
0.666663 0.015068
-0.651895 -0.034235
0.651825 0.054579
0.621197 0.027618
0.652930 -0.006607
0.627932 0.028578
0.648437 0.015604
0.701417 0.054974
-0.628448 -0.011374
-0.653535 -0.012213
0.663057 0.030125
-0.638546 -0.034541
0.666453 0.003338
0.671709 0.021513
0.660478 0.006910
-0.660556 -0.022324
0.644793 -0.000294
0.647075 0.017550
-0.656236 -0.018286
-0.655272 0.002779
-0.670682 0.012291
0.699443 -0.002656
0.626539 0.000872
-0.660774 -0.017832
0.691357 0.017093
-0.665961 0.004709
0.647768 0.016017
-0.682859 0.011487
-0.602518 0.015067
0.655052 0.004748
-0.695266 0.022868
-0.667459 0.016656
-0.634088 -0.007565
-0.628830 -0.010699
0.626295 0.009406
-0.633044 -0.000784
0.694395 0.002632
0.632368 0.000705
-0.618861 -0.006875
0.641152 0.014268
-0.651424 0.000318
-0.628418 0.004465
0.641709 -0.002371
-0.646115 -0.036362
0.657798 -0.009233
0.642745 0.028128
-0.658787 0.004292
-0.648485 -0.027135
0.649880 0.014335
-0.666655 -0.018958
0.638273 0.026836
0.645425 0.010431
0.634322 0.008396
0.614624 0.026846
0.657276 -0.002719
-0.645533 -0.045518
-0.639066 0.000647
-0.629829 -0.029412
0.653188 0.018523
-0.618895 0.004081
-0.669933 -0.023640
-0.666363 -0.004052
0.673430 0.009730
-0.639776 -0.020674
-0.672192 -0.007869
0.616535 0.005992
-0.628112 0.000580
-0.652400 0.003563
-0.644907 -0.012003
-0.702528 0.007172
0.603952 0.018348
-0.691790 -0.001169
0.673030 -0.010590
-0.653530 -0.013880
-0.670463 -0.021940
0.675759 -0.006359
-0.634277 0.012504
-0.665917 -0.017025
0.699415 -0.031654
0.629263 -0.002984
0.626387 0.017077
0.689834 -0.022171
-0.630597 -0.014532
-0.641921 -0.004887
-0.680173 -0.002604
-0.632920 -0.018591
-0.608704 -0.020861
-0.653946 -0.003527
0.654633 0.003582
-0.620195 -0.010737
-0.610660 -0.006424
0.626293 0.026173
0.620960 0.019174
0.662402 0.031456
0.661506 0.048297
0.639116 0.014711
0.657181 0.015212
0.660081 0.017279
0.663550 0.040115
0.673136 0.034827
-0.638510 -0.024453
-0.613584 -0.042766
0.629585 0.031397
-0.665118 -0.026558
0.655244 0.028700
-0.643514 -0.003705
-0.675725 -0.055853
-0.633790 0.002030
0.681468 0.020545
0.681088 0.003728
-0.646634 -0.000887
0.662889 0.033912
-0.661752 -0.019615
-0.661649 -0.010791
-0.667540 -0.030135
-0.668555 0.011477
-0.668466 0.010130
0.651254 -0.004830
0.609607 0.001426
0.726035 -0.020006
0.663740 -0.001240
0.661740 -0.028024
-0.677066 -0.008665
0.651823 -0.028252
-0.638158 0.039732
0.644648 0.002666
-0.678282 0.042284
0.660294 -0.016883
0.652505 0.007072
-0.620307 0.025146
-0.680535 0.018033
-0.650178 0.032526
0.706687 -0.049501
-0.597476 -0.022633
-0.625249 -0.047822
-0.666480 -0.019177
-0.639203 -0.019102
-0.618178 -0.042873
0.627053 0.020163
0.659231 0.020182
0.644307 0.004045
0.649328 0.060960
-0.640039 -0.010224
-0.648927 -0.023747
-0.678468 -0.011959
0.637052 0.024895
-0.650436 -0.060565
-0.636477 -0.028842
0.640753 0.018208
0.621841 0.032964
0.667274 0.040758
0.697229 0.035081
-0.630945 -0.004309
-0.647526 -0.010531
-0.672615 -0.015173
-0.663208 -0.020278
0.621525 -0.004462
-0.632799 -0.002762
-0.655243 -0.010540
-0.674968 -0.021422
0.691941 0.038235
0.622664 0.013189
-0.632238 -0.002613
0.650770 -0.007439
0.667371 0.006614
0.691382 -0.013783
-0.620195 -0.024288
0.705470 0.020019
0.655540 -0.005686
-0.648860 0.017635
-0.633325 -0.024995
-0.698455 -0.008512
-0.622049 0.016839
0.610031 0.003878
-0.673077 0.022275
0.643137 0.002087
0.649263 0.014943
-0.627496 -0.008242
-0.663075 -0.025111
0.631556 -0.005649
0.709162 -0.024753
0.598083 0.010314
0.652302 0.004553
-0.659556 -0.017833
-0.664791 -0.013246
-0.620988 -0.017723
0.621664 -0.000760
-0.664912 -0.031283
0.628981 0.001365
0.633738 0.013964
-0.659826 -0.020299
0.640939 0.011820
0.639449 0.025520
-0.651217 -0.051789
-0.648534 -0.047716
0.621378 0.023804
0.648068 0.005214
0.631051 0.029647
-0.663670 -0.001629
0.660918 0.019429
-0.646850 -0.028140
0.647619 -0.008732
0.648696 0.034230
0.639705 0.011558
0.696701 0.008293
-0.672153 -0.024142
0.678445 -0.008478
0.642914 0.025389
-0.678903 -0.009698
0.629783 0.004720
0.653833 0.018429
0.639800 -0.014635
-0.658175 0.009082
0.668999 -0.004443
-0.641523 0.007259
-0.741716 0.011699
0.634646 0.007303
-0.689618 0.018315
-0.647876 -0.011042
-0.716593 0.023195
0.631465 -0.026193
-0.655812 0.010140
-0.731240 0.016119
-0.667085 0.033512
0.636953 0.008144
-0.670661 0.048507
0.629855 -0.003046
-0.638511 0.048279
-0.712401 0.022919
0.580330 0.005796
0.621704 0.013054
-0.667114 0.007493
-0.639243 -0.019392
0.582730 0.032018
-0.618165 -0.023190
-0.671630 0.005601
0.616914 0.030744
-0.646635 -0.029160
-0.658956 -0.035388
-0.646811 -0.012216
-0.650770 -0.024178
-0.634544 -0.036089
-0.664435 -0.025610
-0.645908 -0.001923
-0.647421 -0.027184
0.606073 0.023157
0.655847 0.008790
0.700989 0.041109
-0.628964 0.004111
0.632075 0.031207
0.686019 0.043143
0.643763 -0.032995
-0.646041 0.001647
0.682778 0.016603
-0.684425 0.008054
-0.619236 -0.012849
-0.680864 -0.025291
0.634241 -0.009424
-0.661805 -0.020989
0.636777 -0.002614
0.668824 0.005784
0.684555 0.004377
-0.649585 -0.000460
-0.685457 -0.024336
-0.645312 -0.003129
0.682744 -0.033394
-0.663761 0.001124
0.652991 -0.001739
0.652336 -0.001112
0.619252 0.026508
-0.676627 0.027789
-0.617553 -0.000168
0.659361 -0.005150
-0.643075 0.024714
0.646491 -0.002325
0.634940 -0.009883
0.735291 -0.045335
0.594217 0.040013
0.651196 0.010429
0.673988 0.032642
0.623990 0.024266
-0.631848 -0.028897
0.594407 0.020843
0.632677 0.027849
-0.619282 -0.026259
0.681275 0.034800
0.649203 0.037625
0.634624 0.039130
-0.677207 -0.020910
0.657418 0.028745
0.633888 0.027006
0.651826 0.024221
-0.658436 0.011090
0.644236 0.014462
-0.651639 -0.031261
-0.677135 -0.020623
0.644469 -0.006485
-0.648131 -0.010561
-0.643070 -0.057554
-0.638006 0.001304
0.683161 0.022649
-0.677801 0.006781
-0.658811 -0.032836
-0.632987 -0.012883
-0.673102 -0.010198
0.623092 -0.005713
0.671009 0.050173
0.643437 -0.017127
-0.656120 0.026916
0.695822 -0.012512
-0.585957 -0.019118
-0.720240 -0.007774
0.653684 -0.012000
0.661732 0.004345
-0.648155 -0.005932
-0.679029 -0.030398
-0.650850 0.004166
0.655250 0.000824
0.653611 -0.021840
0.627535 0.002988
-0.660843 -0.015470
0.626541 -0.064350
0.644022 -0.000385
0.603883 -0.014909
0.653561 0.000545
0.607531 -0.007020
-0.671899 0.003956
0.622317 0.014324
0.629476 0.000604
-0.625130 -0.010636
0.652764 0.005652
-0.641969 -0.028380
0.634855 -0.001256
-0.648853 -0.048539
0.639265 0.030499
0.635569 0.031234
-0.643788 -0.020104
-0.645177 -0.045231
-0.652757 -0.031021
0.639713 0.012453
-0.638920 -0.024964
0.609190 0.007336
0.661121 0.035601
-0.675425 -0.021440
0.635757 -0.009727
0.630060 0.012376
-0.662901 -0.042524
-0.609678 0.016356
0.645941 -0.008708
0.671594 -0.003559
-0.639855 0.008910
0.626733 0.015338
0.703087 0.000148
-0.682057 -0.008723
0.643554 0.024176
-0.652085 0.012869
-0.680650 0.001754
0.664293 -0.007936
-0.637107 0.030579
0.671133 -0.021760
-0.638658 -0.003347
-0.696065 0.021071
0.673878 -0.004572
-0.676835 0.020925
-0.610952 0.012171
-0.647749 -0.004622
0.644857 -0.010485
0.641850 0.007862
-0.642543 -0.013605
0.623341 -0.050166
0.669333 -0.013767
-0.647691 0.008654
0.662242 -0.044303
0.593250 0.000213
0.634735 0.016924
0.654968 -0.011995
-0.629693 -0.006322
-0.614692 -0.029433
0.619361 0.006937
0.615837 0.043522
-0.629004 -0.030971
-0.671379 -0.033565
0.657277 0.000869
-0.629426 -0.015371
-0.669671 -0.013688
-0.662401 0.012712
-0.661392 0.015564
-0.651885 -0.009717
-0.641957 0.001407
-0.626962 -0.020489
-0.674778 0.008458
0.669287 0.031461
0.652690 0.003211
0.644208 0.006439
0.691154 -0.019021
-0.615743 -0.008264
0.679062 -0.007416
0.652671 0.000956
0.678316 -0.006385
-0.628698 0.017322
-0.653253 -0.003338
0.607988 0.024453
0.644615 -0.010143
0.656726 -0.003412
0.642674 0.002344
0.676691 -0.004020
-0.648784 -0.007322
-0.741947 0.002543
0.652485 0.008758
-0.662590 0.016161
0.661140 0.003329
0.680481 -0.024682
-0.600764 0.025925
-0.669700 0.014160
-0.706296 0.023199
0.643444 -0.019747
0.664467 0.000165
0.676234 -0.007208
-0.667235 0.022410
0.644353 -0.016721
0.703242 -0.014684
-0.612401 -0.009643
-0.620117 0.028789
-0.645643 -0.018142
0.665149 0.003582
-0.608245 -0.021719
-0.598917 -0.005531
-0.659099 -0.004892
-0.657762 0.012198
0.678675 0.009064
0.649846 0.003334
-0.628529 -0.013767
-0.662170 -0.004584
0.652740 0.006085
-0.642072 -0.039780
-0.656087 0.000648
0.643877 0.008917
0.624105 -0.002743
0.654894 -0.018342
-0.668495 -0.017331
-0.650479 0.011282
0.643965 0.030291
-0.659973 -0.043600
0.630243 0.011006
-0.653788 -0.014000
-0.640862 -0.027744
-0.683304 -0.019891
0.652425 0.020643
-0.675722 -0.022004
-0.587166 -0.009402
-0.648687 -0.017872
-0.655076 0.008059
0.638720 -0.002026
-0.686855 -0.004370
-0.637723 -0.005000
0.711101 0.010391
0.672503 -0.003957
-0.674882 0.006423
0.659191 0.012388
-0.697244 -0.000600
-0.618776 0.004916
-0.661659 -0.000512
0.672830 -0.015648
-0.653908 0.019761
0.662224 -0.003526
-0.662740 0.035231
0.644160 -0.013913
-0.656162 0.022685
-0.751435 0.045705
-0.638126 -0.021040
-0.617373 0.003486
-0.666412 -0.018414
0.605917 0.022796
-0.633233 -0.051133
0.603430 0.029289
0.616516 0.045364
-0.640218 -0.014636
0.662217 0.028024
0.629182 0.030966
0.639218 0.038009
-0.643694 -0.010687
-0.641526 -0.038344
-0.684409 -0.039980
0.626833 0.019677
0.627996 -0.003464
0.620810 0.020525
0.641887 0.038539
-0.689666 -0.009156
-0.644523 -0.009925
-0.661098 -0.045717
0.647771 0.048157
0.617290 -0.013840
0.666980 -0.005167
-0.649984 0.033003
0.667108 -0.002516
-0.634210 0.014215
0.662227 0.002091
0.658354 0.010868
-0.654150 0.010530
-0.627742 0.034164
0.660609 -0.029092
0.683049 -0.011489
-0.621030 0.007934
-0.718083 0.022677
-0.634226 0.020229
-0.654749 0.038887
0.681092 -0.016093
-0.677469 0.051485
0.642605 -0.044304
-0.639451 0.044118
-0.673521 0.053223
0.645907 -0.042148
-0.627993 0.009806
0.644604 -0.050216
0.651314 -0.007254
0.667402 -0.042193
-0.699193 0.070657
0.634368 0.039055
-0.634196 -0.010209
0.654588 0.017736
0.670817 0.011228
0.605199 0.027208
0.636273 0.001494
-0.638181 -0.005811
0.647126 -0.004559
0.657371 0.029901
0.655324 0.010211
0.649097 0.017359
0.634825 0.005308
0.643026 0.037342
-0.647220 -0.027741
-0.639947 -0.023707
-0.644410 -0.000736
0.631706 -0.005035
0.661783 0.021977
-0.677936 -0.027294
-0.634605 0.001827
-0.649530 -0.001995
0.650116 -0.000702
-0.596702 0.013144
-0.626048 -0.005294
0.634641 0.019089
0.647850 0.028078
-0.641825 -0.035397
0.667113 0.041124
-0.686749 -0.034497
0.635483 0.015305
0.654210 0.008835
-0.654017 -0.007085
0.694209 0.023581
0.599140 0.026210
-0.673767 -0.026409
-0.639767 -0.004871
-0.689825 0.007686
0.668033 0.023728
0.671833 -0.008818
0.646961 -0.004234
0.631210 0.015787
0.698368 -0.018437
-0.621157 -0.002922
0.617689 0.019614
-0.630419 0.029076
-0.662700 -0.000299
0.630482 0.018773
0.691858 -0.004471
0.598185 -0.020055
-0.622523 -0.034104
0.648022 0.015528
-0.650153 -0.022835
0.619541 0.038345
0.611174 0.001385
-0.649224 -0.041945
-0.629787 -0.031374
-0.668368 -0.038094
-0.644609 -0.024842
-0.643221 -0.026650
-0.671330 -0.016132
-0.628332 -0.042519
-0.662457 -0.031262
-0.638927 0.003912
-0.667403 -0.004199
-0.642757 -0.038105
0.646282 0.018096
-0.664261 -0.022877
0.624305 0.004140
-0.641220 -0.015281
0.657641 0.075701
-0.622297 -0.006666
-0.660500 -0.025190
