-0.750871 -0.677960
0.733406 0.596209
1.030800 0.791297
-0.617711 -0.994183
-0.958598 0.399828
-0.964167 -0.973419
-0.856563 0.059684
0.576734 0.536731
0.525060 0.007393
1.194936 0.501186
-0.760236 -0.194158
0.789091 0.776200
-0.674714 0.127948
1.054966 0.173791
0.745932 0.050148
-0.689469 0.131259
0.870474 0.115867
-0.822432 -0.528393
1.026701 0.483801
1.309518 0.380352
0.214583 -0.203920
-0.817857 0.060416
0.731107 -0.090553
-0.958183 -0.020998
1.301572 1.025437
-0.721039 -1.193494
1.008407 0.083203
0.805064 -0.085245
-0.802236 -0.688323
-0.739873 0.087166
0.836456 0.136759
0.882136 0.011487
0.786310 -0.178628
-1.091675 -0.489642
0.656055 -0.007164
-0.772251 -0.217535
-0.821914 -0.590447
0.693407 0.033606
-0.735615 0.024783
0.826783 0.808904
1.005481 -0.007605
0.633605 0.656175
0.952993 0.899995
-0.680931 -0.658556
0.968427 0.007292
-1.196323 -0.517997
0.551608 0.544354
-1.046119 -0.368927
-0.823924 -0.577443
-0.748234 -0.663177
-0.897366 -0.773738
1.039083 0.146669
-0.731209 -0.557451
0.819011 -0.254518
-0.809725 -0.428873
0.578074 0.572475
0.708452 0.134340
1.225995 0.959258
0.382733 0.060256
-1.053403 -0.626367
0.610189 -0.140533
-1.303644 -0.266791
0.765078 0.052489
-0.644804 -0.658767
-0.751550 0.102917
-0.948475 0.044609
-0.916779 -0.472921
-0.540028 0.327192
-0.900561 -0.549324
-1.126343 -0.836779
0.716868 0.128803
0.470948 0.665526
0.984866 -0.002655
-0.983925 -0.948136
1.525265 0.233989
0.747026 -0.073405
0.975739 0.710828
-1.025784 -0.532700
-0.721637 0.135985
0.781162 0.073306
0.752336 -0.096528
0.702499 -0.326269
-1.006560 -0.798700
-0.966139 -0.728754
-0.800211 -0.464850
-0.828733 -0.230827
-0.611132 0.186411
0.752278 0.812463
0.914752 0.115305
-0.737279 -0.629976
1.192141 0.672637
0.781375 0.793662
0.767242 0.016051
-1.168829 -0.322761
0.878250 0.669811
-0.981019 -0.512378
-0.750805 -0.657479
-0.727193 0.016924
-0.828456 -0.981255
0.659856 0.682933
0.803759 -0.229233
1.020988 -0.624950
0.838234 0.454932
0.652587 0.671285
0.588062 0.027972
-0.773948 -0.029353
0.603473 0.179760
0.664437 -0.425911
-0.645946 0.253566
1.067848 0.308289
0.940871 -0.094981
0.638753 -0.209057
0.834117 0.131861
0.939542 0.566905
1.023337 0.295967
-0.945218 0.507176
0.905692 0.438609
-1.293791 -0.966793
-0.785389 -0.033478
0.561917 0.355355
-1.032553 -0.207689
-0.857240 -0.126838
1.325882 0.581689
-0.940098 -0.496353
0.863282 0.140428
0.883640 0.632215
-0.839316 0.000951
-0.810520 -0.843028
0.762548 0.863033
-0.913439 -0.493504
0.902046 0.627825
0.989094 0.085612
-0.775392 -0.817554
-1.020590 -0.334871
0.653890 -0.050617
0.937227 0.095660
-0.909937 -0.090057
-0.718250 -0.559331
0.987188 0.828140
-0.570505 -0.593726
-0.992228 -0.067857
-0.802284 0.205658
0.810535 0.527505
0.920650 -0.111972
0.669942 -0.502335
0.666487 0.757108
-0.873730 -0.840300
0.899640 0.076426
-0.867197 0.195397
-0.948401 -0.506398
0.695538 0.122929
-0.554810 -0.722980
-0.211225 -0.881724
-1.271013 -0.454539
-0.767502 -0.102400
-0.661606 -0.698324
-0.498455 0.081318
1.265594 0.366986
-0.912967 -0.037728
0.727626 0.403504
0.771733 0.563096
0.690233 0.630997
-1.008261 -0.331846
0.799167 -0.419703
0.685626 -0.040952
-1.113832 -0.958467
0.651047 0.542556
0.627594 0.555376
0.984317 1.216079
0.487604 1.130650
1.062133 0.234654
-0.916391 -0.364535
-0.863832 -0.897934
-0.967421 -0.937881
-0.692704 -0.062738
0.895941 0.879079
0.807476 0.932981
-0.984813 -0.461488
0.715846 0.542586
0.817864 0.161592
-0.832196 0.086796
-0.706173 0.017314
0.788278 0.046476
0.619880 0.654928
-0.746720 -0.896627
-0.626355 0.117911
0.869653 1.024679
0.811125 -0.011063
-0.773204 -1.452180
-0.627879 0.025613
-0.760215 0.118153
-0.704745 0.111452
-0.645893 0.596542
0.636218 -0.337012
0.845465 1.011279
-0.557744 -0.860882
0.738224 0.731694
-0.870129 0.156068
0.819944 0.244368
0.792311 -0.052393
0.499250 1.042072
0.895499 0.743053
-0.928847 -0.820546
0.788038 -0.128205
-0.446303 -0.865083
1.078280 0.324285
-0.577475 -0.517780
-0.991401 -0.011942
0.910353 0.702002
-0.649559 0.060860
0.924244 0.543745
-0.635353 0.116326
0.734945 0.648524
-0.843860 -1.035402
0.507341 0.163519
-0.678270 -0.605328
-1.058647 -0.941077
-0.749289 0.047947
-0.916871 0.413147
-0.986004 -0.219239
-0.850488 0.272179
-1.032321 -0.665903
0.877681 0.701537
-0.794296 0.289048
1.033005 0.570943
-0.571073 0.238108
-0.821271 -0.061975
-0.888074 0.001264
-0.911264 -0.179926
-0.839820 0.018264
-0.911663 -0.069748
-0.796284 -0.024599
0.890425 0.811962
0.622362 0.621486
-0.841040 -0.732050
-0.645655 -0.636539
-0.774828 -1.072468
0.901971 0.054396
0.739796 -0.136099
0.868789 0.009826
0.916667 0.822773
-0.776830 -0.729428
1.018573 0.581562
-0.480032 -0.779143
-0.813473 0.225950
0.897766 0.563642
-0.881454 -0.248410
-0.675662 -0.069297
0.522460 -0.071272
-0.650148 0.028208
0.605223 -0.127281
0.849756 0.528040
0.664518 -0.192801
0.641580 -0.486440
0.612475 0.482022
0.709421 -0.084702
0.641957 -0.224335
0.901000 -0.051881
0.838828 0.458108
1.109161 -0.156858
-0.338839 0.096842
-1.406324 -0.579550
-0.454632 -0.292441
-0.839592 -0.396954
1.011774 0.470369
-0.870175 -0.370554
-0.985593 0.235260
0.857836 0.518646
0.933867 0.235083
-0.848454 0.114776
-0.674170 -0.104251
0.909654 0.144369
-0.726206 0.067517
-0.856533 0.106550
-0.753517 -0.824958
-0.944304 -0.340490
-0.922186 -0.105734
0.667621 0.198890
-0.771254 0.188044
-0.669794 -0.685703
-0.974519 -1.009699
0.693047 -0.049431
-0.798317 -0.091653
0.827778 0.879721
0.844099 1.526660
-1.197099 -0.452698
0.879350 0.101986
-0.745930 0.223676
0.764133 -0.177106
0.797224 0.123733
-0.969725 -1.019470
0.888827 0.051248
-0.784730 0.198791
-0.836506 -0.584283
0.568970 -0.120471
-0.742228 -0.754628
0.673021 -0.030603
0.968526 -0.390723
-0.643543 -0.128843
0.804452 0.600074
0.579574 0.674151
-0.836517 0.247134
0.722136 0.005428
0.530201 0.594776
0.652725 -0.041400
0.741324 0.128552
-0.867343 -0.491340
-1.263611 -0.351829
-0.109760 -0.093691
0.782147 0.988412
-0.632706 -0.375672
-0.619595 0.099124
-1.139162 -0.069273
-0.921140 -1.128067
0.820974 0.017345
0.827230 -0.172138
-0.939102 0.063833
0.763635 -0.114041
0.771806 0.032049
-1.100264 -0.506901
1.020872 0.846802
-1.097490 -0.275641
1.025493 0.742520
0.833029 -0.036758
-0.836682 -0.095397
-0.936386 -0.029376
-0.774503 0.122808
-0.815995 -0.722120
-0.784811 -0.004162
-0.712101 -0.501208
0.962712 0.676434
-0.679948 -0.797506
-1.045674 -0.215107
-0.670517 0.041169
-0.802105 -0.678839
0.830958 0.458412
-0.692638 -0.430972
0.723875 0.619937
-0.942737 0.157772
0.883791 0.066467
-0.882978 -0.748948
-1.348575 -0.688562
-0.907304 -0.445837
-0.708560 -0.587242
-0.230966 -0.929880
0.841079 -0.021899
-0.672067 -0.117454
-0.719113 -0.665957
0.788140 0.584972
0.928988 -0.387510
-1.116644 -0.216367
-0.806103 -0.706649
0.861443 0.319535
-0.835154 -0.640582
0.749733 0.208267
0.743766 -0.547035
0.669228 -0.006806
1.259044 0.106183
-0.766490 0.028657
-0.562224 -0.035282
0.770003 0.321268
-0.908093 -0.089111
-1.365567 -0.731319
0.933839 0.504722
-0.947190 0.018226
1.014706 0.832088
0.713421 0.049028
0.590427 -0.342676
0.718587 -0.177583
0.649433 -0.025719
0.844422 0.510473
0.968311 0.842823
-0.782654 -0.556534
0.850895 -0.057571
-0.895550 -0.582414
0.815614 0.794363
-0.812548 -0.800742
0.744483 -0.120034
-0.714517 -0.029472
0.636535 0.021476
0.572554 1.026486
-0.684162 0.278661
-0.974772 0.000465
-0.735215 0.066598
-0.815689 0.468647
0.825925 0.624167
-1.037382 -0.823141
0.600216 0.744549
0.580944 -0.318384
-0.933961 0.286685
-0.863995 -0.162794
-0.863428 0.066975
0.304114 0.900542
1.177904 0.459324
0.885603 0.810197
-1.084588 -0.541281
-0.582192 -0.535433
0.691246 -0.599851
-0.859663 -0.031003
0.671471 0.465348
-0.754932 0.197366
0.798452 -0.027562
0.848385 -0.074215
-1.198189 -0.011556
0.819379 0.408876
0.982245 -0.090905
-0.428661 -0.417734
0.545651 0.195292
0.909462 -0.094213
1.001983 0.164115
-1.088853 0.009574
0.801783 -0.034434
-0.831630 -0.842199
0.874160 0.076575
0.908456 0.013490
-0.983984 -0.687181
0.765468 0.167341
0.569382 -0.202928
-0.686163 0.169408
-0.948986 -0.160521
-0.859212 -0.158693
-0.827615 0.077166
0.754537 0.466300
-0.893532 -0.040119
0.862623 0.826425
-0.730997 -0.750531
-0.813184 -0.799469
0.774203 0.711893
-0.691020 -0.900712
-1.256687 -0.075863
-0.808149 -0.536387
-0.949291 -0.201891
0.638312 -0.253821
0.733713 0.773179
1.002981 0.748087
-0.517052 -0.782843
-0.739465 0.113823
-1.020496 -0.854217
0.834677 -0.171508
-0.792021 -0.112349
-0.698569 -0.185579
0.895844 -0.092024
-0.674693 -0.571725
-0.842596 -0.175584
0.383117 0.127911
-0.907731 0.619256
-0.945494 0.031367
0.736704 -0.085939
0.845917 0.435342
0.738957 0.744182
0.899415 0.416117
-1.128985 0.266046
-0.683921 0.149242
-0.898652 -1.099611
0.596640 0.048309
-0.739980 -0.437699
0.914261 0.031877
0.899373 0.172920
0.872581 -0.036245
-1.070086 -0.380919
-0.988751 -0.837476
0.850749 0.014764
0.742720 0.710746
0.726794 -0.171579
-0.815787 0.025616
-1.125696 -0.534464
0.591586 -0.233675
0.924449 0.804042
-0.795813 0.018872
-0.764476 0.087685
0.928561 0.654046
-0.790039 0.110910
0.797384 -0.135936
0.616957 0.658366
-0.894508 -1.017365
-0.741172 -0.776877
-0.877428 -1.323740
1.343398 0.439171
0.893415 0.730237
-0.681917 -0.757603
0.723014 -0.238145
-0.852561 -0.054636
-1.000053 -0.934189
0.703348 0.794600
-0.818545 0.112929
1.281781 0.779493
-0.553108 0.186412
0.698699 0.644055
0.660364 0.096554
1.223094 0.627802
0.721533 -0.134656
-0.701692 0.129352
-0.524535 -0.675137
1.173537 0.359170
0.612927 0.642917
-0.923633 -0.366711
-0.868874 -0.300611
-0.823164 -0.221371
-0.786282 -0.043974
-1.379137 0.118965
0.582523 -0.190548
1.040025 1.082618
0.823506 0.088122
0.730287 0.103590
1.063334 1.038238
1.165316 0.959315
-1.252753 -0.581670
-0.747937 0.369656
0.890973 -0.122626
1.035857 0.771278
0.773821 0.009673
-0.959718 -0.399283
-1.004185 -0.861339
0.585087 -0.386698
0.672849 -0.015010
0.856775 0.030393
-0.849244 -0.510652
1.023077 0.231152
0.800230 0.322414
-0.673908 -0.515376
-1.014656 -0.961656
-0.591963 0.279518
-0.964463 -0.678881
-0.832319 -0.048185
-0.965424 -0.274764
0.731553 -0.252503
-0.774267 0.039366
0.906141 0.410169
-0.940465 0.160013
-0.661897 -0.116539
-0.996913 0.131238
0.679778 0.216737
0.893866 -0.232735
-0.707278 0.406649
-0.717452 -0.602270
-0.653750 -0.549538
-0.345579 -0.780292
0.806036 -0.093535
0.750694 0.730749
1.064312 0.571221
0.613016 0.032230
0.821913 -0.214072
1.026706 0.128438
-0.772979 -0.523171
-0.505107 0.086369
-0.933303 -0.110899
0.931385 0.375922
0.612819 -0.344739
-1.077178 -0.452383
1.008358 -0.368529
-0.439525 -0.468618
0.724839 0.026045
0.788135 0.336597
-1.040829 -0.287437
1.408298 0.796206
-1.032051 -0.700472
-0.800403 -0.157024
0.759219 0.970792
-0.858649 -0.833125
0.906939 0.116264
-0.800224 -0.016787
1.024484 0.628133
-0.939845 -0.135421
0.693833 0.274802
0.974427 0.258816
0.828276 0.028142
0.743914 -0.057922
-0.953994 -0.046962
0.801456 0.942314
-0.844883 0.043767
0.875309 1.156949
-0.903896 0.009923
-0.982473 -0.212540
1.268020 0.382252
-0.826012 -0.049206
0.643289 0.076743
-0.840365 -0.693067
0.552521 -0.087043
0.850582 0.102395
-0.628967 -0.849584
0.835582 -0.265960
0.998221 -0.351027
0.708541 -0.145920
0.760485 -0.181952
-0.662275 0.002754
-1.118076 -0.441477
0.847693 0.609161
-0.926413 0.225804
-0.714440 -0.773759
1.380828 0.362590
0.656157 0.404185
0.701943 -0.073594
0.596719 -0.482990
-0.740441 0.149845
0.830824 0.424323
1.025616 0.127921
0.317317 -0.170915
1.140326 -0.054370
-0.523432 -0.354474
0.556925 -0.189819
1.099187 0.184844
0.565817 1.154975
1.197074 0.831378
-0.749706 0.145390
0.498163 0.880561
-0.705537 -0.921591
0.700415 0.757000
-0.691909 -0.582927
0.731607 0.124598
0.984066 0.367087
-0.559321 -0.503318
-0.863368 -0.263008
0.695543 -0.063067
0.840285 0.049717
0.757764 0.576895
-0.837408 -0.052750
0.962190 -0.241792
-0.714645 0.074065
1.188783 0.076854
0.739515 0.461159
-0.939020 0.111519
-1.389875 -0.480586
0.806028 0.685559
-0.850371 -0.528124
0.817702 -0.241804
-0.718123 -0.618993
-0.884998 -0.012059
0.569492 1.058525
0.741610 -0.247129
-1.222259 0.303547
0.803547 -0.032311
0.614184 0.610019
0.225236 0.911045
-1.265173 -0.475182
0.550345 0.106681
-0.799642 0.216341
0.488277 0.058878
1.037124 -0.223035
0.812223 0.785749
-0.905813 -0.531708
0.624385 0.160244
-0.935810 -0.580389
0.966682 0.096669
0.807773 -0.503173
0.464948 0.019056
-0.759561 -0.123425
0.752072 -0.069530
0.681630 0.161453
-0.865141 -0.460243
0.438028 1.129149
-1.009618 -0.161834
-0.714062 0.074700
0.802356 0.933575
-0.865865 -0.754700
-0.976500 -0.825881
-0.804526 0.050816
-0.814638 -0.062747
-0.678305 0.099553
0.797963 0.772409
-0.846186 -0.220483
-0.676988 -0.765047
0.750503 0.305152
0.756044 -0.030910
0.908509 -0.011862
-0.877412 0.135646
-0.745182 0.068959
-0.899796 -0.070244
0.699771 0.730414
0.839628 0.182317
-1.283919 -0.525445
0.679421 -0.041233
0.851030 0.752890
-0.650716 -0.559674
-0.809266 -0.648467
-0.900646 -0.189533
-0.560031 -0.637942
-0.920323 0.026257
-0.972613 -0.769620
0.780505 0.453314
0.731887 0.147738
0.711227 0.086019
1.094770 0.870479
-0.903462 -0.729265
-0.814925 0.377499
0.583269 0.708931
1.158691 -0.163466
-0.833529 -0.192556
-0.680017 -0.514566
0.917021 0.432365
0.802164 0.209597
-0.797780 -0.792405
1.025004 -0.185704
-0.819096 -0.492625
0.946313 0.121536
0.716679 0.106437
-0.747925 0.055276
0.888018 1.287438
-0.800204 -1.287922
1.272875 0.637650
-1.032106 -0.431464
0.750654 0.764284
-0.792078 -0.293097
0.695891 0.154867
-0.898606 -0.099715
-0.883860 0.056318
0.820988 -0.064517
0.822777 0.657006
-0.797042 -0.605400
0.702404 0.433470
-0.682326 0.080132
-0.884368 -0.049696
-0.759395 -0.039332
0.999483 0.986219
0.710471 0.499706
0.816213 0.796290
0.982880 0.034393
0.449905 1.224937
-0.621340 0.231236
-0.900879 0.088975
0.502509 -0.056584
