-0.893863 0.151108
-0.712751 -0.105857
-0.954362 -0.014273
0.889659 -0.091229
-0.743643 -0.094511
-0.910885 0.364507
-0.897622 0.068341
-0.625478 0.380454
0.618738 0.125141
-0.716054 -0.248178
0.865978 0.061617
-0.844696 0.187667
1.061930 0.106404
0.464525 0.162946
-0.728685 -0.435445
-0.876825 0.276002
-1.003534 -0.257979
-0.882928 -0.207797
0.651596 -0.218605
1.133568 0.177619
0.720459 -0.055755
0.659828 -0.036766
-0.793361 0.218333
0.827338 -0.213166
-0.614227 -0.108870
0.518370 0.133881
-0.530144 -0.051134
0.658775 0.047731
-0.401723 -0.230283
0.401068 0.197515
0.656232 0.016644
-0.849320 0.229590
-0.685322 -0.383506
-0.747655 0.004429
-0.837276 -0.018812
-0.647843 -0.046842
-0.885786 0.016288
-0.563755 -0.154868
0.897544 -0.174545
-0.753762 -0.098928
-0.815859 0.199375
-0.633847 -0.006562
-0.453309 0.075114
0.747237 -0.061005
0.947431 0.103127
-0.892306 0.019447
0.769249 -0.310393
-0.840564 0.135776
-0.622575 0.164365
0.940881 -0.296522
1.054434 -0.010893
-0.573711 -0.009589
-0.730851 -0.300264
-0.888519 0.205650
-0.767072 0.207104
-0.449550 -0.178053
-0.553214 -0.291497
0.845910 0.069076
0.714257 0.043213
0.936644 -0.064188
-0.801656 0.205030
0.858541 0.014005
0.848755 0.095952
-0.796039 0.120576
1.190572 0.184259
-1.011828 -0.344951
-1.027986 -0.289364
1.117378 0.327886
-0.752804 -0.061141
-0.804796 -0.109259
0.793541 -0.179498
-0.700853 0.169350
-0.232350 -0.276471
-0.665454 -0.112145
0.679799 -0.036600
0.863000 -0.099083
-0.474354 -0.335278
0.572616 0.188136
0.469709 0.116037
-0.608162 -0.317782
-0.987629 -0.277026
0.648910 0.217658
-0.713352 -0.289211
0.596443 0.453357
-0.760504 0.278861
-0.718938 -0.116358
0.809777 0.181630
0.594748 0.110082
-0.876650 0.201803
0.751688 -0.050768
-0.943986 0.138366
0.779974 0.082877
-0.877830 0.219656
-0.646813 -0.185222
0.753439 -0.072539
-0.784418 0.113266
0.807536 0.019763
0.741748 -0.223506
1.265067 -0.560929
0.794692 -0.158702
-0.657648 0.107374
0.741152 -0.334185
0.814266 -0.147535
-0.675813 -0.068140
0.559927 0.262874
-0.740589 0.190869
0.811488 -0.254257
1.020439 -0.209686
-0.836201 0.000015
-0.931236 0.486490
-0.863711 0.409463
-0.818968 0.494985
1.018782 0.120659
-0.926742 0.355509
-0.656680 0.132506
-1.251193 0.483991
0.952989 -0.381142
-0.469598 0.265612
-0.456938 0.532552
0.664985 -0.369379
0.443996 0.393445
-0.368689 -0.179589
0.428576 0.453138
0.711355 0.293426
-0.868216 -0.160649
0.342285 0.302589
-0.433201 -0.217800
0.826612 0.214022
-0.853245 -0.174811
-0.576992 -0.185467
0.693962 0.076806
0.676787 0.564968
0.728894 -0.106808
-0.562808 -0.099727
-0.726170 -0.144096
0.638283 0.222027
-0.896863 -0.088455
-0.494129 -0.169402
-0.774097 0.219639
-0.714115 -0.362462
0.645705 0.068985
-0.705117 -0.460298
0.953720 -0.125178
-0.638962 0.335445
-0.734159 0.225838
0.608473 -0.001832
1.101053 -0.451416
0.752783 -0.030392
-0.662603 -0.136079
1.029270 -0.086445
-0.917426 0.292052
0.622706 0.023559
-0.635138 -0.140936
0.657887 -0.378344
0.603380 0.272148
0.898210 -0.298206
0.901306 0.434284
-1.029475 -0.129650
-1.149501 0.537092
-0.797120 0.155036
-1.072308 -0.100147
-0.718177 0.182735
0.837912 -0.226928
-1.082291 0.361764
-0.841766 -0.191237
-0.624509 0.061493
0.821717 -0.006172
0.719372 0.261493
-0.510446 -0.085253
0.567759 -0.090940
-0.603211 -0.143626
-0.883773 0.233491
0.785710 -0.152316
0.738100 0.207082
-0.524903 0.000393
-0.768045 0.386075
-0.883363 -0.174339
-0.605695 -0.226453
0.660950 0.058403
0.646627 0.047936
-0.983287 0.090726
0.755940 -0.052621
-0.797004 0.018669
0.715108 0.057068
-0.621439 -0.017423
0.864270 -0.141151
-0.822591 0.302231
-0.852891 -0.021952
0.723224 0.179551
-0.526424 -0.246882
0.480952 0.211628
-0.847833 0.266206
0.910986 -0.026067
-0.818315 0.056799
-1.216402 -0.076599
0.662373 0.005081
-0.569812 -0.062922
0.773573 -0.160152
0.685198 0.006978
0.572564 0.396128
-0.617054 -0.427694
0.664320 -0.029603
0.740966 0.374891
-0.881148 -0.069660
0.793934 0.153482
-0.903272 -0.150105
-1.189822 -0.131476
1.015438 -0.348233
0.984614 0.634053
0.850225 -0.176111
-0.700042 -0.081713
-0.984767 -0.123016
-0.785480 -0.075571
-0.596601 0.001148
0.913214 -0.026559
-0.725043 0.121482
-0.624395 0.001824
-0.624368 0.010508
-0.782036 0.062768
0.721105 -0.204498
0.918243 -0.125530
0.687492 0.159839
0.505598 -0.074535
-0.726524 -0.011301
-0.942327 -0.058553
-0.810610 0.144728
-0.770372 -0.092547
0.743357 0.420140
-0.766778 0.248873
0.803741 -0.074078
-1.027386 0.266546
0.826482 -0.094434
-0.723537 0.342976
0.608610 0.022774
0.857301 -0.084177
-0.429115 -0.157574
0.826382 0.199799
0.659102 0.250345
0.787019 -0.180224
-0.558730 0.085736
0.471965 0.132132
0.533961 0.212943
1.188367 -0.157414
-1.137644 0.111546
-0.730969 -0.043849
-1.009182 0.345508
0.563912 0.042525
-0.691233 -0.083956
-0.728657 -0.288110
0.756615 0.352565
-0.530324 0.111796
1.045294 -0.059729
-1.116630 -0.212615
0.722038 0.245578
-1.060070 0.134216
-0.782417 0.235406
-1.292826 -0.132350
-1.037251 -0.083479
0.734870 0.023748
-0.702155 -0.205763
-0.703133 -0.133233
0.644170 0.031619
-0.778825 0.337002
-0.829199 -0.194816
0.416343 0.264785
-0.436709 -0.335425
0.676846 0.213639
0.825169 -0.179817
-0.556519 -0.212272
0.484438 0.105832
-0.512740 0.046295
0.845777 -0.147212
-0.859777 -0.280659
0.540011 0.036618
0.782492 0.266340
0.600724 -0.010510
-0.856330 0.021902
-0.695554 -0.123064
0.546284 0.062508
-0.732388 -0.132932
1.045879 -0.180944
0.858408 -0.140277
0.724303 -0.201821
-0.699141 -0.055417
0.937386 0.326657
0.693691 0.051712
0.590420 0.123877
0.833299 0.042196
0.633035 0.060466
0.645278 0.020812
1.075819 -0.218273
0.971459 -0.065253
0.730176 -0.090844
1.001507 -0.029366
-0.845720 0.216433
-0.876978 0.125219
-0.709948 -0.288982
-0.986057 -0.105226
-0.654574 -0.387402
1.030251 -0.013247
-1.060373 -0.167220
1.220885 -0.140583
-0.898455 0.147239
-0.731345 0.076521
-0.976005 -0.678925
0.717536 -0.084684
-0.963237 0.095407
1.017775 0.069475
0.816856 0.304293
0.680325 0.164227
1.048662 -0.240632
-0.827296 0.040258
-0.604053 -0.031035
0.493219 0.108732
0.651506 -0.067543
0.880220 -0.137633
0.679805 -0.121997
0.283032 0.166020
-0.619977 0.051001
-0.705361 0.032515
1.198244 -0.348914
-0.817922 0.129247
0.642370 0.130939
0.669684 0.055882
-0.593239 -0.074639
0.654507 0.270215
0.748927 -0.196170
-0.766105 -0.141980
0.750908 -0.421057
-0.625670 -0.008133
0.784845 -0.269375
0.766013 0.081700
-0.934857 -0.298823
-0.534337 -0.421109
0.794839 -0.363558
-0.927527 -0.170440
-0.715615 0.007941
-0.752370 0.087709
1.327020 -0.189740
0.575221 0.002740
-0.718465 -0.242749
-1.003192 0.132005
-0.791205 0.233340
-0.573003 -0.555177
-0.769127 -0.294344
-0.618454 0.067649
-0.824082 0.045224
-0.884552 -0.103421
0.780038 0.307730
-1.019915 0.184744
0.992353 -0.525586
-0.845893 -0.012511
0.708087 0.142151
1.027442 0.088509
0.901194 -0.256567
1.086530 -0.281398
0.502592 0.396899
0.760556 0.172073
-0.990178 -0.113017
0.619188 0.010170
0.338345 0.357519
0.599929 0.187533
-0.554223 -0.201435
-0.902185 0.183140
-0.390290 -0.228302
0.411302 0.316896
0.627937 0.001659
-0.733692 -0.067060
0.959517 0.170182
0.650905 0.115587
0.751021 0.358977
-0.658172 -0.021768
-0.909506 0.130795
0.431452 0.233001
-0.957432 0.185505
0.633544 0.231246
-0.805636 0.055505
-0.843665 0.084457
-0.781059 0.393934
-0.833424 0.085804
0.937146 0.339729
-0.568167 -0.347360
0.869201 -0.271308
0.761499 0.074295
-0.813574 -0.090553
-0.579279 -0.188297
-1.162390 0.151855
-0.910760 0.300047
-0.677622 0.183774
0.806444 -0.210776
0.868525 0.067974
0.678645 0.223493
0.653426 0.201176
0.636267 0.096813
0.712632 0.529796
0.869956 -0.124240
0.692823 0.146968
0.572484 0.268373
-0.880460 -0.381406
0.780414 -0.059347
1.062575 -0.212664
-1.107954 -0.151922
-0.728026 -0.126825
0.899557 0.330230
-0.932527 0.165745
0.695403 -0.248311
1.031230 -0.114882
-0.661675 0.175236
-0.575513 -0.103476
-0.660412 -0.174296
0.656125 0.083072
-0.708025 0.105869
-0.872977 -0.064524
-0.654418 -0.259424
0.631509 -0.017893
0.633196 0.164418
0.806903 0.233865
-0.797601 -0.014790
-0.767725 -0.164276
-0.690761 -0.497171
0.971914 -0.258051
0.764394 0.187426
0.986567 -0.315149
-0.830762 -0.062072
-0.772819 -0.091086
0.596882 0.102982
-0.774977 0.169890
0.790298 0.137752
0.910128 0.099044
0.647136 0.098535
0.629025 -0.263849
0.596639 -0.001666
-0.563534 0.209656
-0.619188 -0.099247
-0.941712 0.635774
0.908781 0.075837
-0.768305 -0.031879
0.711469 -0.175216
-0.832258 0.350818
-0.867557 -0.361854
0.737353 0.162049
-0.814850 0.232071
-0.652486 -0.311357
-1.100285 0.347948
-1.073247 -0.295850
-0.967675 -0.235071
1.056879 -0.301958
-0.859562 0.228698
-0.975508 -0.067767
1.078461 0.158835
-0.901238 -0.101391
0.867770 0.077322
0.965716 0.175827
-0.607452 0.299786
0.523181 -0.040951
0.656107 -0.293005
0.541955 -0.001288
-0.738486 0.086879
-0.743512 0.030469
-1.070816 0.138825
0.169488 0.317459
0.605581 0.264217
0.559828 0.129594
0.975295 -0.226984
0.853049 -0.096484
-0.667159 -0.230560
-0.656922 -0.133221
-0.641986 -0.325937
-0.981919 0.223828
0.649309 0.156505
0.835235 -0.098908
-0.639817 -0.125846
0.698670 -0.447124
0.900806 -0.058843
0.522718 -0.016490
0.760556 -0.034645
0.781930 -0.086898
0.975822 -0.222247
0.862863 -0.249079
-0.834615 0.245015
-0.794337 -0.063157
-0.695464 -0.000498
-0.938606 -0.145688
0.579833 -0.001944
0.644821 -0.058084
0.804271 -0.462499
0.888475 -0.260185
0.520278 0.329595
0.687228 0.115149
-1.020850 -0.174539
0.539208 0.253455
-1.070294 0.080780
-0.812249 0.110114
1.113641 -0.072009
1.111747 -0.320390
0.773409 -0.313967
-0.968559 -0.311522
0.893510 -0.232707
0.645718 -0.097502
0.986739 0.102654
0.954433 -0.055106
-0.824321 0.120442
0.628760 -0.279059
0.684859 0.284460
-0.651594 -0.124763
-0.512922 -0.129206
-0.643816 -0.007408
-0.800946 0.182311
-0.779414 0.033277
-0.327462 0.035356
-0.580558 -0.004487
-0.564505 0.005437
-0.799675 -0.026879
-0.620351 -0.139391
-0.692908 -0.144081
-0.687494 -0.168540
0.614935 -0.015029
0.582792 0.024978
1.027382 -0.116852
-0.739130 0.063386
-0.530496 0.249711
-0.968773 0.031339
-0.946424 0.253336
0.759023 -0.131353
-1.109869 0.021584
-0.862544 0.112697
-0.758849 0.369723
-0.783092 0.339570
-0.812671 0.098335
0.417044 0.177616
0.847600 0.275401
-0.791093 -0.072157
0.666583 0.164775
0.900364 -0.170744
-0.780076 0.141572
-0.551540 -0.399782
0.645899 0.336453
-0.740756 0.377583
-0.686645 -0.247104
-0.850521 -0.412955
-0.665736 -0.145332
0.935978 -0.175939
-1.029556 0.317052
0.880948 -0.188783
-1.063748 -0.604683
0.876514 -0.231712
-0.614571 0.238699
-1.122947 0.454226
-0.825858 0.116058
0.816762 -0.121868
-0.746803 0.450435
0.630305 -0.118971
0.305810 0.318543
0.453734 0.219728
0.401913 0.255479
-0.750256 -0.139464
-0.704720 -0.213584
-0.514008 -0.365968
-0.622844 -0.118496
0.688694 0.403063
0.895663 0.305899
0.701858 0.161200
-0.685580 -0.139267
-0.369065 -0.500023
0.990392 0.008069
0.620101 0.211959
0.717886 0.169337
0.625313 0.207011
0.891352 -0.070103
-0.695405 0.097808
0.899671 -0.194284
0.693100 -0.103971
0.865666 -0.068709
0.686292 0.320780
-0.649739 -0.035052
-0.756268 -0.063173
0.858756 0.182983
-0.520889 -0.111408
-0.870434 -0.591273
-0.753901 -0.190297
-0.625744 -0.237581
-0.592332 -0.050046
-0.946867 0.083026
0.652131 0.357571
0.727253 0.235798
0.756682 0.100692
-0.821086 0.075951
-0.756200 -0.164261
0.726396 -0.005780
0.956450 -0.100408
-0.863714 0.064481
0.594549 -0.004100
0.789575 0.582883
0.838495 0.001750
0.827220 0.303180
0.831891 -0.093079
0.688405 0.339626
0.744470 0.036707
-0.892179 0.184602
0.745845 -0.039391
0.688964 0.160790
0.671073 0.306155
0.439786 0.292753
-0.857999 -0.114905
0.910587 0.226476
-0.459718 -0.220218
-0.515736 -0.211670
0.481770 0.239744
0.787390 0.440817
-0.640871 -0.208463
0.915682 -0.088531
0.509138 0.372397
0.568834 0.294094
-0.806237 -0.231874
1.025954 0.011668
-0.799794 -0.267996
0.760994 -0.185536
1.005606 0.110313
-0.568698 -0.237599
-0.524622 -0.217285
-0.936991 -0.200373
-0.871908 0.021775
-0.555671 -0.304355
0.698949 0.128336
0.771193 -0.067784
-0.922386 0.185219
1.117317 -0.381458
0.863053 0.074874
0.655459 -0.097398
-0.866243 -0.017487
0.951085 -0.055909
0.791200 -0.311698
-0.821415 -0.268563
-0.563203 0.042355
0.725542 -0.045134
-0.978669 0.152436
-0.747991 -0.318715
0.993002 -0.239767
-1.013206 0.713938
0.778152 -0.045783
-0.732022 -0.061431
-0.772865 0.099166
-0.678678 0.187476
0.776327 -0.359429
-0.465913 -0.304694
0.550079 -0.331297
-0.738954 0.218605
0.696084 0.205156
0.435646 0.077918
0.472046 0.145951
-0.637349 -0.129512
-0.840359 0.339237
-0.413141 -0.193498
-0.452976 -0.204265
-0.592383 -0.032748
0.834565 0.084276
-0.849771 -0.268979
0.684218 0.066045
-0.698812 -0.104485
-0.530603 -0.296516
-0.803872 0.180455
0.646745 0.139827
-0.821796 -0.014936
-0.760607 -0.204729
1.002598 -0.161166
-0.614510 -0.133855
-0.506947 -0.017120
0.675362 0.132139
0.818282 -0.223133
-0.726421 -0.145418
-0.902644 0.214907
-0.960702 0.158869
0.846220 0.012689
0.472307 0.253702
1.013892 0.368980
0.787269 0.070434
0.660336 0.125601
0.923805 -0.381226
0.714635 -0.192231
-0.638789 -0.402853
-0.704219 -0.209660
-0.768388 -0.206849
0.590151 0.059403
0.840071 -0.301132
-0.937989 -0.105054
0.876623 -0.104420
0.814502 0.699977
0.685203 -0.118591
-1.049753 -0.664706
0.800355 0.047063
-0.789221 0.077735
-1.063172 -0.120021
-0.923294 -0.049398
0.667534 -0.123789
-0.698474 0.391036
-0.710967 0.236791
0.650869 0.094646
0.382324 0.147847
0.396221 0.209682
-1.051715 -0.069562
0.808192 0.169906
0.400771 0.204114
0.354593 0.136580
-0.572384 0.108683
0.910643 0.019377
0.696965 0.195665
0.680580 0.319814
0.634858 0.404227
-0.808491 0.082280
0.480717 0.196464
-0.644517 -0.106468
0.694876 0.266415
-0.517850 -0.056278
-0.510870 -0.111516
-0.486719 0.031215
-0.824808 -0.228504
-0.961412 0.100091
-0.792060 -0.171486
-0.691085 0.031411
0.694299 0.090831
