-0.751528 -0.007556
-1.012446 -0.142134
0.747755 -0.262316
0.732067 -0.180838
0.846412 -0.074386
0.862014 -0.066840
0.841576 -0.034426
0.951586 0.029378
0.938032 0.111238
-0.780620 0.128918
-0.955996 -0.153878
-0.668991 0.043815
0.961131 0.081144
-0.743950 0.115196
-0.764273 0.069173
0.746186 -0.032959
-0.715943 0.135925
-0.944748 0.027487
0.887924 -0.213178
-0.876784 0.143614
-1.116258 -0.055467
1.030422 -0.026548
-0.992288 -0.114149
-0.996234 -0.034762
-0.727123 -0.183353
0.674277 0.425336
0.798683 0.436263
-0.816172 0.027819
0.899294 0.320634
-0.834934 -0.265206
0.805763 0.147873
-1.006970 -0.306102
0.850024 0.360146
0.861630 0.037911
0.863100 0.053969
0.680001 0.386933
0.876203 -0.024135
0.853117 0.111513
-0.815366 0.157221
-0.825955 -0.012037
0.833184 -0.009515
0.975914 0.021180
-0.904368 0.005810
-0.945847 -0.023838
-0.850588 -0.025236
0.790813 -0.071496
0.944156 0.107613
0.697728 0.009681
-0.795436 -0.114907
0.896785 -0.094596
0.751608 -0.098049
0.756420 0.011651
-1.005851 -0.087767
0.965347 -0.059766
-0.836488 -0.012653
0.884068 0.143197
-0.827610 -0.058451
0.766775 -0.051559
-0.704773 -0.090299
0.662710 -0.119420
0.872825 0.048570
0.835948 -0.205312
-0.950083 0.009418
0.710106 -0.125173
-0.752419 0.242349
0.926762 0.066758
0.690252 -0.107789
0.870419 -0.067294
-0.980727 0.005138
-0.971043 0.078122
-0.933131 -0.090990
-0.919982 0.031740
-0.859387 -0.409938
0.641702 0.358677
0.836054 0.537093
-0.810510 -0.121911
-0.830152 -0.303300
0.782862 0.190341
-0.782204 -0.203924
0.996779 0.333443
0.842306 0.389720
0.880958 -0.001699
-0.813653 -0.016611
0.648683 0.394338
0.908764 0.070473
-0.807846 -0.285517
0.743287 -0.115558
0.895236 0.237747
0.907309 -0.109853
-0.935612 -0.069882
0.820249 -0.042202
-1.142162 -0.330905
-0.972698 -0.177597
-0.850309 0.137348
0.883471 0.085158
0.707777 0.032693
0.858423 -0.208448
1.053979 0.154380
0.735489 -0.201995
-0.767383 0.089081
1.023715 -0.018004
-0.892859 0.145457
0.884360 -0.116166
-0.858899 -0.065064
-0.822444 -0.263170
-0.840475 -0.049878
0.991430 0.286289
-0.701128 0.026834
-0.938416 -0.140395
-0.753353 0.042026
-0.758126 0.101516
0.787092 0.013700
0.978321 -0.009804
0.934832 0.054874
0.740902 -0.111206
-0.748358 0.037837
-1.096827 -0.096810
0.821443 -0.006078
1.134048 0.413490
0.786639 -0.076644
0.916602 0.305807
-0.777817 -0.170561
0.870708 0.324052
0.949307 0.111108
-0.916320 -0.149940
0.750364 0.337608
-0.896345 -0.041731
1.058632 0.152732
-0.824562 -0.192998
0.707837 0.008966
0.789802 -0.058948
-0.811363 -0.171900
-0.827247 0.049559
-0.909514 -0.255258
0.784588 -0.126758
-0.941419 0.080938
0.785064 -0.101777
1.019379 0.066019
0.830897 0.103579
-0.987895 -0.017364
-0.966166 -0.125673
0.821991 0.085978
0.865372 -0.115675
-0.838525 0.141456
-0.731782 -0.079239
1.049687 -0.018982
0.738932 -0.221846
-0.846865 0.002591
-0.841356 0.039720
-0.930023 0.142233
-0.990785 -0.058538
-0.828247 -0.128156
0.855002 0.167993
0.864162 0.013809
-0.881659 -0.072976
-0.782548 0.131101
-0.836762 0.210497
0.729076 -0.112008
-0.750316 0.028883
-0.797643 0.097015
0.781319 -0.095604
0.918879 -0.006025
-0.926751 -0.016576
-0.886780 0.280689
-0.799619 0.060328
-0.973309 0.034992
-0.868720 -0.060745
0.787531 -0.162082
0.766896 0.515799
0.574144 0.446161
0.739898 0.572415
-0.826872 0.037049
0.875091 0.320931
0.772718 0.462191
0.768971 0.204109
-1.008114 -0.280528
-0.860543 -0.185586
-0.852570 -0.014702
0.782025 0.118695
-0.785362 -0.287683
-0.883420 -0.083002
0.809139 0.154844
-0.957007 -0.066859
-0.801819 -0.055683
0.762683 -0.108684
-0.772690 0.149692
0.846450 0.064684
-1.039834 -0.362400
-0.987431 -0.093602
0.949191 0.117466
-0.888273 0.069392
-0.870365 0.055983
0.849097 -0.086024
-1.081514 -0.099714
0.747523 -0.085103
-0.853392 -0.025124
-0.786624 0.082114
0.700501 -0.027600
0.713057 -0.061423
1.143057 0.170165
0.857728 0.334335
0.780051 -0.091220
0.821395 0.093283
0.817529 -0.112863
-0.972953 -0.041419
-0.931699 -0.011027
1.003224 0.007217
-0.791532 -0.015812
-0.846914 -0.036198
-1.022685 -0.023004
-0.835294 0.052298
-0.799756 0.090498
0.889520 0.040604
1.002231 0.008713
-0.961156 -0.131160
-0.963404 -0.031173
-0.786791 -0.408533
0.722818 0.349018
0.817260 0.231291
0.692635 0.143099
0.767023 0.359683
-0.771307 -0.151795
0.875453 0.312344
0.831658 -0.026879
0.733409 0.287154
-0.736692 -0.096359
0.849572 0.125449
-0.798307 -0.334204
-0.827644 0.021678
-0.938479 -0.071208
-0.757996 0.149463
0.839456 0.032396
0.837922 -0.093431
0.752208 -0.087993
0.742526 -0.006841
-1.081112 -0.337530
-0.956558 -0.111776
0.770288 0.015460
0.854476 -0.054869
0.785542 0.206433
-0.889051 -0.159661
-0.831169 0.017525
0.756389 -0.117336
-0.750096 -0.008525
-0.873111 0.136094
-0.671780 0.052722
-0.941623 -0.099669
1.126613 0.170689
-0.806151 -0.126073
-0.803334 -0.099886
-0.808233 -0.240327
0.809049 -0.050305
0.950302 0.071070
-0.770049 -0.004180
0.694265 -0.034737
0.782462 0.003483
-0.826147 0.165275
0.890961 0.139860
-0.857384 0.072635
-0.702583 0.059647
0.855241 -0.025937
0.942570 0.005426
-0.823248 -0.072829
-0.947713 -0.117771
-0.944289 -0.419511
-0.667600 -0.438075
-0.853355 -0.469428
-0.893911 -0.143248
0.931080 0.329867
0.846931 0.495463
0.871592 0.336096
-1.031479 -0.251955
0.912146 0.050732
0.676222 0.085714
0.733963 -0.036864
-0.650803 -0.371537
0.853771 0.007279
0.778814 0.084551
0.970137 0.018586
-0.846884 0.057997
0.831459 -0.108824
-0.830776 0.063363
-0.946978 -0.142305
1.114722 0.336401
-1.061011 -0.172713
0.945736 0.099055
-0.896942 0.096804
0.921779 0.284739
0.724272 -0.283990
-0.883769 0.033335
-0.712893 0.075552
-0.851224 0.026526
-0.921255 0.025548
0.777769 -0.232320
0.723065 -0.080742
-1.123305 -0.083896
-0.867134 -0.037739
-0.826458 0.146606
0.960022 0.170896
-0.728931 0.095861
-1.028239 -0.106890
-0.804249 0.005998
-0.734647 0.121353
-0.769112 0.081038
-0.706337 0.145278
-0.926467 -0.019177
0.773968 -0.095898
-0.875826 0.202154
-0.874134 0.063087
-0.907325 0.205955
-1.073136 -0.046732
0.978251 -0.144634
0.862177 0.238140
-0.761973 -0.261185
-0.781348 -0.523534
0.889749 -0.006957
-0.794257 -0.210352
-0.811108 -0.405287
0.813660 0.170077
-1.028140 -0.170373
-0.792708 -0.251302
0.731858 0.033871
0.775480 -0.044587
0.709611 0.262606
0.919218 -0.091185
0.852136 0.174551
-0.943142 -0.075183
-0.704689 0.072394
-0.882249 0.004986
0.969540 0.114618
0.812489 0.003829
0.907347 0.067972
0.984129 0.230557
-0.867892 0.123595
0.780124 -0.122451
-0.813261 0.101441
0.870919 -0.136107
-0.979973 -0.132070
-0.847340 0.198177
-0.722501 0.026303
0.928372 0.007433
0.782002 -0.146486
0.874436 -0.086704
0.908462 0.142803
-0.879828 -0.214012
-0.780770 0.139708
-0.971012 -0.217211
0.666810 -0.135441
0.939653 0.022118
-0.784712 0.126061
-0.717467 0.115618
-0.763818 0.024320
-0.755228 0.099893
0.986575 0.047778
0.687416 -0.089959
-0.820038 0.075702
0.773262 -0.097467
0.868028 -0.220043
-1.160081 -0.318162
-0.950192 0.193418
0.645081 0.308426
-0.669139 -0.494376
0.763075 0.307657
0.837615 0.192479
0.829199 0.294284
-0.742976 -0.336355
0.886326 0.411955
-0.929244 -0.359619
-0.786928 -0.145606
-0.768074 0.017014
-0.834838 -0.116904
-0.752936 -0.296564
0.822837 -0.052220
-0.871904 -0.225926
0.803190 0.045591
-0.808782 -0.066603
0.848282 -0.004446
-0.971258 -0.151627
0.845884 0.314141
-0.879023 -0.200299
-1.025853 -0.125977
1.017911 0.087982
0.841661 0.001576
0.852083 0.179376
-0.760042 0.025955
0.909525 0.067793
0.744313 -0.097233
0.773522 -0.046033
-0.773149 0.164361
0.831066 -0.083159
0.687008 -0.065044
-1.115428 -0.277018
0.870616 0.198908
-0.863186 -0.105836
0.960689 0.108137
-0.721957 0.077294
1.075146 0.140328
0.882232 -0.094567
0.662788 -0.028386
0.716286 -0.110628
0.859913 -0.016597
-0.965558 -0.112523
-0.841341 0.020350
0.879173 -0.086725
1.048434 0.074156
-0.884835 0.046790
-0.979578 -0.086463
-0.842078 0.164325
0.859076 0.390890
0.709046 0.277768
-0.800764 -0.552436
-0.891201 -0.114436
-0.795342 -0.346280
0.775156 0.300955
-0.812304 -0.270076
0.815230 0.165830
-0.842966 -0.108039
0.873150 0.021908
-0.831997 -0.114293
0.719832 0.351885
-0.888810 -0.112830
-0.870020 -0.249968
-0.773842 0.183874
-0.811606 -0.081153
-0.963757 0.083324
0.990442 0.143965
0.782506 0.052452
1.063656 0.373923
-0.821506 -0.125421
0.956454 0.039654
-0.821004 0.029955
0.765008 0.015347
-0.909893 -0.037432
-0.879518 0.144758
0.743018 -0.105265
0.846832 0.023856
0.916294 -0.072580
-0.878559 0.072102
0.952229 0.024688
-0.827163 -0.062275
0.819033 0.226768
0.815583 -0.055604
0.763881 0.098608
0.792497 -0.170155
0.873323 0.021828
0.882641 -0.066429
0.954197 0.055881
0.819077 0.064706
-0.750961 0.228883
-0.992218 -0.028798
0.715394 -0.044409
0.624653 0.013137
0.902730 0.157997
-0.939415 -0.004019
-0.706702 -0.060072
1.017778 0.186214
0.892007 0.343783
-0.708370 -0.374233
0.914494 0.456804
-0.871743 -0.018297
-0.857324 -0.084588
0.892389 0.264613
0.910788 0.120258
-0.870118 0.055385
-0.815907 -0.310167
-0.840073 0.004669
-0.794096 0.057363
-0.636069 -0.263454
-0.688390 0.129909
0.879126 0.159494
0.979651 -0.013974
0.961247 0.167339
0.894040 -0.017491
-0.939381 0.054031
0.822888 0.124634
0.965383 0.308507
0.797998 -0.020193
0.842316 -0.012265
0.912898 -0.014330
-0.910143 0.057329
-0.903433 0.063140
0.905911 0.038629
0.711896 -0.271808
-0.804477 0.167092
-0.803280 0.146622
-0.669819 0.061595
0.860435 -0.069561
-0.925604 -0.064867
-0.841419 -0.232655
-0.746016 0.173486
-0.921896 -0.171087
-0.772574 0.160276
-0.989704 -0.090811
0.961983 -0.104039
0.722524 -0.066510
-0.813206 0.100084
0.902982 -0.105808
-0.939981 -0.014722
-0.771500 0.131500
-0.736209 0.169997
-0.934834 -0.052933
-1.004537 0.177763
1.108207 0.296431
-1.096789 -0.054175
0.887675 0.150213
-0.761910 -0.303574
-0.874276 -0.256227
-0.955997 0.110754
0.864493 0.149082
-0.884897 -0.378838
-0.942747 -0.108169
-0.817059 0.089786
-0.815315 -0.254260
-0.809257 0.145567
-0.852473 0.143119
0.728306 0.219008
0.950218 0.012768
0.880618 0.146109
-0.917575 0.044112
-0.913694 -0.039507
-0.822221 0.122127
-0.877859 0.008676
0.915179 0.083818
1.143989 0.246297
0.918196 -0.094667
-0.833841 0.065926
0.804779 -0.101877
-0.629532 0.158620
0.738038 -0.164173
-0.968102 0.008508
-0.779521 0.130212
-0.873558 0.062094
-0.775274 0.064304
0.874694 -0.202392
0.852061 0.003712
1.062533 0.087816
0.848975 0.225320
-0.755696 0.069589
0.992448 0.214251
0.753159 -0.100177
0.840211 -0.055927
-0.728467 0.116350
-0.792618 0.124036
0.711209 -0.082445
0.787582 -0.186102
-0.909574 0.045347
-0.956257 0.146530
-0.993346 0.061918
-0.921995 -0.013999
-0.824937 0.189289
0.879537 0.077278
0.871145 -0.080363
0.885685 0.316803
-0.750380 -0.348685
0.824878 0.276921
-0.789829 -0.176910
0.864943 0.269630
-0.718279 -0.557751
-0.859733 -0.285636
0.791805 0.036785
-0.832194 -0.138412
-0.777302 -0.023165
-0.804702 0.044966
-0.698156 -0.166899
0.844640 -0.042620
-0.820268 -0.217730
-0.854501 0.138481
-0.769892 0.152854
0.958542 -0.097495
0.985883 0.046102
0.865085 0.067691
-0.957538 -0.127980
0.982900 0.192465
-0.910021 -0.003750
-0.760931 0.197478
0.804292 0.053676
-0.823892 0.089126
-0.950355 -0.178182
-0.755209 0.137723
0.787874 0.035251
-0.789955 0.137290
0.770117 -0.107015
0.940140 0.030991
-0.944498 -0.028345
-0.835144 -0.279593
-0.810313 0.163173
0.895163 0.162500
0.823591 -0.236017
0.824466 -0.192523
0.706365 -0.083687
-0.718028 0.026298
0.739950 -0.024616
-1.043330 -0.076089
0.976068 0.067012
0.882733 -0.186632
-0.859087 0.086100
-1.010343 0.104616
-1.046383 -0.045784
1.075391 0.212744
-0.717214 0.074655
0.901332 0.372667
0.754089 0.333774
0.858673 0.457044
0.828616 0.037812
-0.828035 -0.215988
0.740664 0.338293
0.836826 0.274384
-1.032506 -0.241226
0.936336 0.139801
0.773387 0.121589
0.816871 0.101818
0.738662 0.420786
0.817517 -0.055042
0.924733 0.120579
0.887295 0.018204
-0.885456 0.061030
0.947509 -0.094981
0.961216 0.070870
-0.765095 -0.014968
-0.849163 -0.068035
-0.821198 -0.015331
-0.721015 0.062134
0.923981 0.021409
-0.759492 -0.026281
0.743492 -0.125719
0.825907 -0.089409
0.696000 -0.123674
-0.775544 0.023761
0.899956 0.102530
-0.703662 0.044749
-0.795510 -0.080904
1.065756 0.264969
-0.851276 -0.219271
0.792533 0.039092
0.971768 0.290721
0.784677 -0.044547
0.779419 0.039607
0.782355 0.020454
0.695962 0.014974
0.770240 -0.032091
0.980238 0.120203
-0.923721 -0.020678
-0.840234 0.003848
0.903672 -0.028248
-0.878770 0.031215
-0.951310 0.024138
1.060330 0.242236
0.808289 -0.030395
0.892111 0.352173
-0.788241 -0.380869
-0.901461 -0.445629
-0.924554 -0.053014
-0.897054 -0.201810
0.881565 0.471104
0.936876 0.342037
1.128601 0.308333
-0.803329 -0.352373
0.778545 -0.021366
-0.854446 -0.050860
0.730840 0.315083
-0.818808 0.012411
-0.889225 -0.158587
1.003245 0.020943
0.792782 -0.055957
0.868172 -0.099725
0.978360 0.119666
0.935091 0.012863
1.133777 0.491445
0.906536 0.060190
-0.796158 0.140850
0.851227 -0.010980
0.841414 0.014893
0.802897 -0.131845
0.824026 -0.109490
-0.758090 0.097819
0.775267 -0.056499
-0.807449 0.072831
-0.865545 -0.095429
-0.936924 -0.088042
0.823519 0.108032
0.863593 0.322281
-0.860202 -0.076865
-0.830470 -0.121798
0.823587 -0.127264
-0.934611 0.079734
0.868552 -0.040980
0.937924 0.105036
-0.757488 0.022040
0.804747 -0.169331
0.920302 0.125760
-0.783631 0.057604
-0.842504 0.118408
-0.801866 0.008852
0.719187 -0.052218
-0.928851 -0.108711
0.725411 0.050587
-0.881269 -0.363419
0.783462 0.311731
-0.873275 -0.275772
0.805586 0.021198
-0.833945 -0.253854
-0.823795 -0.399875
0.881436 0.271242
1.119915 0.207394
0.855234 0.085589
0.854034 0.038345
-0.719460 0.038625
0.742109 0.132337
0.834648 -0.125641
-0.796152 -0.185427
-0.992445 0.028949
-0.851509 -0.150302
-0.811351 0.080879
-0.743297 -0.029769
0.808150 0.098726
0.988014 0.183789
0.851726 -0.065152
-0.800502 0.143158
0.992881 0.100011
0.801093 0.099532
