-0.589800 -0.020610
1.021768 -0.222319
0.908516 -0.181418
0.815692 -0.178055
0.662542 -0.150714
-0.616098 0.110261
0.546130 -0.045760
-0.903698 -0.147434
-0.848020 -0.260534
-0.595040 -0.142592
0.660938 0.123377
-0.849977 0.066168
-0.896481 -0.099152
-0.508337 -0.134736
-0.841703 0.000610
-0.525846 -0.125723
-0.831849 0.083063
0.724443 0.079188
0.850265 -0.057564
0.395628 -0.116846
0.845194 -0.155251
0.654144 0.085374
-0.693461 -0.046698
0.510891 0.020307
0.729810 0.329804
0.988762 0.395562
-0.526956 -0.203935
0.864154 -0.079706
1.007778 0.435482
0.959059 0.152718
-0.953413 -0.219908
-1.043672 -0.025208
1.081625 0.073151
1.124256 -0.085549
0.906796 0.036815
1.033615 0.196132
0.796894 0.022546
-0.905179 0.042066
-0.697752 -0.036522
0.763486 0.202065
0.740192 0.155662
-0.913946 0.031275
0.908386 0.016927
0.581240 0.077995
0.798901 -0.069054
-0.713332 0.088541
0.920142 -0.195256
-0.624509 0.021190
-0.765098 -0.079863
0.750295 -0.009875
-0.854003 0.113561
0.845306 -0.182543
-0.660140 0.072443
-0.791784 0.066835
-0.862402 0.048161
1.059507 0.115875
-1.103802 0.054883
-0.627988 0.005750
0.952144 -0.050220
-0.838805 0.194704
-0.939495 -0.062707
0.507250 -0.002744
-0.901423 0.214279
0.900391 -0.002293
0.610429 0.098405
-0.926147 0.104697
-0.564200 -0.027573
0.663274 -0.187496
-0.496894 -0.048834
-0.509146 -0.123098
-0.845547 -0.041370
-0.328183 0.039930
0.955988 0.123320
0.789501 0.055426
0.794462 -0.003134
-0.781563 -0.107434
0.673274 0.305259
-0.877497 -0.329091
1.051275 0.123764
0.865859 -0.015712
-0.640644 -0.254741
-1.054633 0.022903
0.790663 0.014927
-0.597495 -0.328648
-1.091122 0.134331
0.857643 0.193363
-1.036243 0.055474
0.906744 -0.030041
-0.836328 0.126745
0.607986 0.143144
0.634429 0.251937
0.734151 0.235805
-0.691172 -0.067722
0.654140 0.019490
-0.527350 -0.107348
0.806337 0.098856
-0.692495 -0.013808
-1.085735 0.110371
0.895326 -0.141200
-0.739061 -0.093791
0.834228 -0.075814
-0.699789 0.093367
0.612505 -0.001920
0.677626 -0.079216
-0.762467 -0.340647
0.473236 -0.105459
-0.972218 -0.116326
-0.612342 0.044851
0.499675 0.007254
0.861978 0.096127
-0.822324 0.093564
0.490800 0.165554
-0.456893 0.064625
-0.573732 -0.043347
0.850798 0.094032
-0.337358 0.047693
0.576502 0.206478
-0.652668 0.032634
-0.612098 -0.181354
0.265944 0.075142
-0.860775 -0.138750
-1.038929 -0.243485
-1.086787 0.201540
0.694977 -0.110716
1.065800 0.295590
-1.138101 -0.042897
0.815651 0.290624
0.868753 0.047676
0.655053 0.242309
-0.788489 0.220385
-0.745515 -0.083953
-0.597552 -0.236682
-0.951988 0.116157
0.903750 0.027414
0.860770 -0.131566
0.921571 -0.168434
0.860346 -0.138810
-1.098112 0.184350
0.689668 0.156256
-1.002717 0.163764
-0.672472 -0.073191
-1.026210 0.266596
0.826227 -0.191451
0.682770 0.098942
0.599237 0.043583
-0.694111 0.006040
0.776316 -0.185956
-0.817918 0.003682
-0.622874 0.105024
0.624043 -0.071976
-0.813865 0.212556
-1.140714 0.116765
-0.744639 0.114785
-0.932236 0.140583
0.926795 0.109054
-0.844428 0.053112
0.960207 -0.127339
-0.774668 0.077117
0.779188 -0.277744
0.828530 0.058820
0.683982 -0.158177
-0.661664 -0.154543
-0.593669 0.122520
-0.507205 -0.020891
0.510274 0.025336
0.919711 0.083202
-0.941406 -0.137746
0.738012 0.006414
0.822290 0.381366
-1.028915 -0.146829
-1.104416 -0.029040
1.049629 -0.063904
0.697077 0.142165
0.882559 0.311102
-0.918344 -0.245294
-0.721037 -0.071582
-0.693443 -0.326373
-0.740009 0.004987
0.870311 -0.071533
-0.922992 -0.091032
0.852057 -0.131290
-0.855983 -0.018032
0.710974 0.163584
0.694716 0.074018
0.859915 -0.096583
0.666990 -0.121720
-0.986574 -0.029112
0.843884 -0.025550
-0.670663 -0.008312
-0.955880 0.239003
0.950040 -0.210727
-0.597876 0.154196
0.557179 -0.024338
-0.715103 -0.108713
-0.655374 -0.047924
-0.874150 0.191040
-0.858252 0.270681
0.743196 -0.276137
0.560094 -0.073425
0.694650 -0.155707
-1.182667 0.145329
0.732416 -0.229874
-0.946996 -0.041901
-0.829235 0.075101
-0.892978 0.075956
0.562809 0.109525
0.763354 -0.107358
0.856491 0.010029
-0.605255 -0.010890
-1.064047 0.016776
-0.697807 0.193170
0.369491 -0.108240
0.413827 -0.059474
-0.380230 0.025826
-0.626949 -0.088191
0.661522 -0.098541
0.938114 0.100713
0.919430 0.136377
0.594710 0.246829
-0.689218 -0.076962
-1.013497 -0.390560
0.921514 0.410028
0.861731 -0.046410
0.833571 0.063878
-0.863284 -0.235361
-0.721258 -0.111728
-0.767941 -0.109630
-0.866038 -0.287621
0.872087 -0.090043
-0.942369 0.092393
-0.613692 -0.059716
-0.935559 0.068983
-0.962124 0.355333
-0.819165 0.139496
-0.809271 -0.006089
0.791933 -0.013834
1.053015 -0.138687
0.846179 -0.087426
-0.887001 0.115339
0.786190 -0.070607
0.673730 -0.122721
-0.693389 -0.164104
-0.823532 0.170210
0.730164 0.102907
-0.842379 0.080194
0.623042 0.036680
-0.549534 -0.089198
0.740706 -0.059221
-0.995891 -0.071466
0.744431 0.004502
-0.630800 -0.042688
0.584978 0.038910
0.848608 0.086372
-0.708267 0.171148
0.579877 -0.209685
0.886001 -0.003940
0.601387 0.055066
0.530069 0.016134
0.724403 0.002377
0.642708 -0.107886
0.863046 -0.016003
0.273754 -0.089540
-0.774320 -0.000175
0.652391 0.171714
0.711024 0.255946
0.866098 -0.017206
-0.945785 -0.078707
0.677897 -0.000522
1.041571 0.341284
0.867984 0.084814
-0.979125 -0.323884
-1.065744 0.054366
-0.909279 -0.327686
-0.734681 -0.062804
0.526348 0.198812
0.812808 0.177990
0.730743 0.117695
-0.836890 -0.039384
-0.592054 -0.098657
0.791778 0.148710
0.883909 -0.125110
0.817335 -0.071797
0.768169 0.179373
1.018507 -0.145139
0.729184 0.060234
-0.840858 0.082552
0.765017 -0.033360
0.846910 0.014181
-0.682716 -0.023387
-0.602255 -0.197147
0.836027 -0.191368
0.666504 0.076380
0.856114 -0.054817
0.574385 0.003616
0.879529 -0.114557
0.792899 -0.125924
1.180885 0.087875
0.703206 -0.252897
0.535792 -0.029285
0.595147 0.040773
0.885900 -0.129241
-0.771606 0.171047
-0.383335 0.152054
-0.787525 0.117235
-0.651418 -0.045942
0.667696 0.140005
0.534718 0.017813
0.392679 -0.136787
-0.634508 -0.159823
0.683241 -0.164997
-0.839022 -0.161093
-0.763706 0.079485
0.798163 0.528080
0.923856 0.311179
1.137736 0.127636
0.751393 0.033981
-0.940878 -0.118290
-1.152492 -0.175730
1.163219 0.170244
-0.846726 -0.069067
0.587228 0.248444
0.796462 0.084302
0.628692 0.157591
-0.867843 -0.282583
-0.782927 -0.028681
0.897503 0.021837
0.785755 0.081348
-0.917661 0.010329
-1.063837 0.208778
-0.674483 -0.095156
0.878749 0.045973
-0.657402 -0.152451
-0.722835 -0.099308
0.749322 0.156896
0.614564 0.103739
-0.718280 0.090645
-0.771307 -0.110534
0.912286 0.010347
0.850826 -0.232232
-1.048164 0.029408
-0.585402 0.154295
0.658810 -0.084025
-0.608497 -0.104141
0.690449 0.060625
0.836025 -0.068244
0.586748 -0.041919
1.020887 0.099127
0.682333 -0.084731
-0.853765 -0.085104
-0.760113 0.210436
0.814118 -0.242338
-0.862612 0.001619
0.489386 0.064526
0.840853 -0.216906
0.699093 -0.130298
0.457785 0.002535
-0.856495 0.189296
-0.351718 0.069203
0.711650 -0.052350
0.915910 0.126201
1.009067 0.183114
1.005234 0.447598
-0.626061 -0.296967
-0.825838 -0.098195
0.718777 0.266503
1.101910 0.100421
0.937383 0.369174
-0.722156 -0.099237
0.590014 0.168434
1.109718 -0.071852
0.588522 0.137873
0.532778 0.317682
-1.013994 0.157369
-0.989057 0.138778
1.049118 -0.146281
-1.116710 0.160503
-0.981006 0.242735
0.655535 0.008081
-0.789427 -0.082066
-1.005501 0.067426
-0.792943 -0.007189
0.856321 -0.203741
1.008263 -0.191120
-0.763976 0.079376
-0.856734 -0.072724
0.809423 -0.033551
-0.683874 0.028431
-0.768785 0.008227
0.547648 -0.078589
0.758388 0.059074
-0.631325 0.042806
0.800512 0.142019
-0.899096 -0.107518
0.715160 -0.018883
-0.741422 -0.084146
0.781650 -0.048357
0.693654 0.153307
-0.432605 0.038082
-0.790518 0.184934
-0.748599 0.046812
0.560480 0.111057
0.832715 -0.075646
0.783905 0.090913
-0.742948 -0.103328
0.442411 0.080152
0.803129 0.136861
-0.607735 -0.099984
-0.380802 -0.118038
-0.857785 0.034413
0.888834 0.183646
-0.858874 0.048087
0.903723 0.017362
0.796447 -0.141674
-1.115985 -0.052348
-0.748807 -0.287997
0.797429 -0.012838
-1.116555 0.057675
0.992398 -0.101289
-1.050158 0.094229
0.989004 0.097464
-0.876271 0.163687
1.002899 -0.088803
0.641745 0.277972
-0.841784 0.080955
0.940487 -0.255821
-1.002985 0.208482
0.832091 0.083023
-0.781592 0.041451
-0.866748 0.063364
-0.626407 -0.089515
-0.745695 0.152248
-0.741140 0.155784
-0.870136 -0.049040
0.967821 -0.163197
0.790090 -0.039429
-0.690532 -0.186417
-0.614789 0.113207
0.648003 0.117291
-0.848167 0.276541
0.678551 -0.107607
-0.826976 -0.144338
-0.845558 0.032020
-0.937682 0.126828
-0.688390 0.024001
0.677847 0.169627
-0.371892 0.116098
-0.656099 -0.022856
0.467902 0.187167
-0.642062 -0.064557
-0.883151 -0.122031
0.473797 -0.130096
-0.396263 0.089626
0.631855 0.095348
0.784708 -0.015559
0.729147 0.168352
0.389469 -0.039389
0.686999 0.225053
-0.889042 -0.351850
0.606416 0.332049
-0.762909 -0.092799
-0.696499 -0.288415
-0.602432 -0.277037
0.844414 0.314076
0.698777 0.153627
-0.969982 -0.048444
0.663148 0.073517
-0.721702 -0.052151
0.898221 0.367493
-0.638150 -0.097983
-0.761303 -0.037093
0.534711 0.173752
0.874490 0.059614
0.759542 0.079986
-1.119607 0.173339
-0.718969 -0.077401
-0.780802 -0.042426
-0.801654 0.039483
0.833202 -0.043711
0.693433 -0.067063
0.770284 0.007480
-0.941919 0.140949
0.934330 -0.042272
-0.586780 -0.021984
-0.731939 0.059197
-0.840026 0.102048
0.775477 -0.174575
-0.730423 0.012180
0.684381 -0.086471
0.711629 0.001008
-0.708102 0.042959
-0.985488 -0.129248
-0.784247 0.088997
0.662804 0.051298
-0.762062 -0.000490
-0.803073 0.123345
-0.390126 0.009960
0.793601 -0.071258
0.502284 -0.059880
-0.421470 0.168681
-0.329169 0.097611
0.419033 -0.030489
0.354202 -0.029839
0.602181 0.042246
0.580491 0.072237
-0.716739 -0.177785
0.845989 0.218920
-0.802237 -0.037808
-0.916035 0.039759
-0.959771 -0.064104
0.672491 0.303474
0.961962 0.280521
-1.076550 0.052129
0.928258 0.312593
0.808713 -0.009928
0.877093 -0.019804
0.912542 0.100320
0.658005 0.093402
1.049656 0.054351
1.097335 -0.074636
-0.906711 -0.058863
0.724416 0.119094
0.837041 -0.009790
-0.728965 -0.319823
0.759957 0.006301
-1.079291 0.143230
-0.731528 -0.136506
0.744973 0.030236
-0.670605 0.205787
0.669700 -0.103625
0.876812 -0.255722
0.835186 -0.186788
-0.912529 -0.029608
-0.585895 -0.067905
-0.709622 0.094288
-0.806612 0.103188
-0.964573 0.263952
-1.239944 0.347490
0.442977 -0.071511
0.967916 -0.132086
0.575354 -0.002955
0.794298 -0.044421
-0.589512 -0.077529
-0.946610 0.093478
0.419641 -0.058240
0.556570 0.008598
0.707588 0.089122
0.682029 -0.062025
0.298459 -0.088541
0.684323 -0.148219
0.806576 0.046945
0.461152 -0.046580
0.804824 -0.047640
-0.884594 -0.081446
0.965130 0.429740
0.591676 0.276967
0.940163 -0.092389
0.999304 0.462139
1.134959 0.096980
-0.827105 -0.078489
1.054627 0.055430
0.630640 0.297417
-0.806227 -0.100666
-0.539801 -0.069440
1.097078 0.195889
0.891796 0.083371
0.889217 0.022365
1.093331 -0.068114
-0.954575 0.043445
-0.662629 -0.042442
0.968742 -0.160864
-0.661621 -0.157422
1.087020 -0.161340
1.055296 -0.160577
-0.821366 0.170024
-0.427875 -0.055494
0.876416 -0.015303
0.750966 0.078746
-0.619815 -0.210985
0.642181 -0.121981
0.669649 0.097697
0.831369 -0.302245
-0.732745 0.056129
-0.519167 0.051128
-0.861046 -0.117416
0.865052 0.253931
-0.537059 0.093737
0.591292 0.175737
0.632447 -0.074199
0.960315 -0.114763
0.516985 0.049890
0.615577 0.049175
0.782341 -0.137631
-0.871201 0.031517
0.504007 -0.021942
-0.807162 -0.006991
-0.362922 0.079554
0.508385 -0.010173
-0.686574 0.138118
0.829911 0.189282
-0.407121 0.006426
-0.849788 -0.031793
0.864821 0.336674
-0.828618 -0.351560
-0.844136 -0.101787
-1.050454 -0.507000
0.895022 0.112153
0.838738 0.119791
-0.703229 -0.140967
1.050028 -0.030958
-0.796787 0.031696
0.623689 0.178018
1.002318 0.069634
0.693847 0.128780
-0.715644 -0.160443
-0.821101 0.037409
-1.049698 0.088179
-0.993129 0.261258
0.821837 -0.048841
-0.773764 -0.079079
0.874947 0.072291
0.856690 -0.024523
0.843927 -0.075599
0.684645 -0.013248
0.809001 0.131007
0.530622 -0.028176
-0.730631 0.001387
0.733225 -0.225368
-0.832355 0.049713
-0.593566 -0.068006
-0.829756 0.198523
-0.907516 0.045653
-0.761245 -0.094619
-1.201513 -0.179336
-0.778144 0.050657
0.753508 0.032083
0.549461 -0.185666
-0.671765 0.038136
-0.834481 0.037968
0.806807 -0.229468
-0.920284 0.051924
0.659649 0.010697
-0.803202 0.159090
-0.839288 0.051220
0.558171 -0.162198
-0.763201 0.074443
-0.505556 0.017314
0.708772 -0.051252
0.617168 -0.083686
0.737367 0.158634
0.946064 0.485221
-1.079223 -0.283602
-0.828567 -0.152547
0.798511 0.434147
0.874853 0.069194
-0.908723 -0.149088
0.932213 0.099052
0.546440 0.223608
-0.718762 -0.037996
-0.853067 0.000270
1.065850 0.167321
0.999167 -0.100753
-1.000838 0.042183
-0.666305 -0.093590
0.745444 -0.136852
-0.763683 0.158248
0.634122 0.085899
-0.906620 -0.160646
1.052717 -0.141272
-0.698304 -0.059218
-0.841271 0.227886
0.955536 -0.044454
-0.734548 -0.037921
-0.797723 0.048422
-0.702961 0.033487
0.740410 -0.096277
0.587933 -0.106772
0.730894 -0.059312
-0.648656 -0.107835
0.688314 -0.249334
-1.065662 -0.064227
-1.224131 0.044858
-0.458581 0.024753
1.041052 -0.007859
-0.848258 0.244709
0.846301 0.028742
-0.374024 0.019570
0.907139 -0.079497
-0.815236 0.040074
-0.827071 -0.001115
-0.592483 0.050330
-0.774597 0.018238
0.771359 -0.003325
-0.710184 0.085901
-0.848024 -0.064297
-0.744531 -0.005242
-0.537586 -0.114752
-1.075261 -0.163030
0.931982 0.231626
-0.612295 -0.171934
-1.036598 0.150037
-0.871092 0.119259
0.768782 0.228070
0.704112 0.163374
0.790534 0.066657
-0.673548 -0.192489
0.815747 0.040004
-0.803567 -0.029855
-0.907446 -0.163974
-0.998670 0.231686
1.102521 -0.085380
0.766297 0.035018
0.816296 -0.072583
0.793589 -0.273139
1.034552 -0.296018
-0.930739 0.205628
-1.058768 0.081762
0.842266 -0.024847
-0.584540 -0.017530
-0.707247 0.146556
-0.734290 0.241969
