-0.815593 0.036229
-0.857251 0.019128
0.831466 -0.012353
-0.856646 0.087395
0.865732 -0.059189
-9999 -9999
-9999 -9999
-9999 -9999
-0.893860 0.087006
-9999 -9999
0.912540 -0.210607
-9999 -9999
-9999 -9999
-9999 -9999
-9999 -9999
-9999 -9999
0.018865 0.316580
0.853751 0.007259
-0.838875 0.011915
-9999 -9999
-9999 -9999
-0.495938 0.446710
-9999 -9999
0.547183 -0.340563
0.792065 -0.000261
-9999 -9999
-9999 -9999
0.218317 -0.059013
0.789596 0.015783
0.207415 -0.036039
0.175429 -0.023239
-0.172869 0.018209
-0.602017 -0.121805
0.141426 -0.004861
-0.599217 -0.141490
0.592163 0.134411
-0.606546 -0.124854
0.062595 -0.001741
-9999 -9999
-0.817558 -0.003207
-0.845308 0.018852
0.687417 0.030805
-9999 -9999
-9999 -9999
0.846508 -0.018618
-9999 -9999
0.790847 -0.009344
-9999 -9999
0.810862 -0.012720
-9999 -9999
-9999 -9999
-9999 -9999
-9999 -9999
-9999 -9999
-9999 -9999
-9999 -9999
-9999 -9999
-0.837364 0.050861
-9999 -9999
-9999 -9999
0.806505 0.011165
-9999 -9999
-9999 -9999
-9999 -9999
-0.031362 -0.313944
0.855003 -0.404782
0.771896 -0.367384
0.808336 -0.026228
-9999 -9999
-9999 -9999
-9999 -9999
-9999 -9999
0.498136 0.093553
0.781682 0.036094
-0.812705 -0.028174
-0.220936 0.047765
-0.217746 0.025448
-0.808487 -0.005484
-9999 -9999
-9999 -9999
0.143237 -0.014277
-9999 -9999
-0.131265 0.024458
0.810754 0.050243
0.129687 0.026854
-0.076996 0.018083
0.102275 0.019151
0.822944 -0.000123
0.837250 -0.014082
-9999 -9999
-9999 -9999
-9999 -9999
-9999 -9999
-9999 -9999
-9999 -9999
-9999 -9999
-9999 -9999
-0.826060 -0.004822
-9999 -9999
-0.858682 0.081146
-9999 -9999
-9999 -9999
-9999 -9999
-9999 -9999
0.815677 0.033885
-9999 -9999
-9999 -9999
-9999 -9999
-0.805085 0.009355
-0.813817 0.036814
-9999 -9999
-9999 -9999
-0.025968 -0.318269
-9999 -9999
0.826577 -0.008629
0.659587 -0.376447
-0.002580 -0.102886
0.828092 -0.007283
0.802603 0.001643
0.588081 -0.359121
-0.805357 -0.008522
-9999 -9999
-0.801563 -0.035603
0.522541 0.090125
-9999 -9999
-0.815857 -0.011830
-0.818583 -0.003433
-0.573570 -0.091244
-9999 -9999
0.145430 -0.019069
0.831398 -0.017355
0.606794 0.137961
0.142965 0.006640
-0.073313 0.019925
-0.822609 0.013407
0.821887 0.005256
-0.820146 0.003565
-0.070740 -0.044524
-0.809545 -0.008844
-9999 -9999
0.778935 0.019819
0.838480 -0.031301
-0.810962 0.016094
-9999 -9999
0.835548 -0.038492
-9999 -9999
-9999 -9999
-9999 -9999
-9999 -9999
-0.825042 0.038432
-0.826957 0.043119
-9999 -9999
0.810527 0.018950
-0.941719 0.231031
-0.933339 0.247753
-9999 -9999
-9999 -9999
-9999 -9999
0.883328 -0.329775
-9999 -9999
-9999 -9999
-0.845475 0.418039
-9999 -9999
-9999 -9999
-0.008307 -0.089037
-9999 -9999
0.454157 -0.289797
-0.842897 0.024857
0.502182 0.072343
-0.240874 0.017957
0.207589 -0.052150
-0.227260 0.062092
0.208558 -0.017894
0.812869 0.020848
-0.825826 -0.016546
0.164436 -0.009303
-0.144445 0.001515
-0.803894 0.002760
0.586028 0.134386
-9999 -9999
-9999 -9999
-9999 -9999
-0.089429 -0.022565
0.089625 0.010123
0.830255 -0.019231
-0.834261 0.020637
0.005557 0.042036
-0.002066 -0.066476
-9999 -9999
-0.836925 0.018060
-9999 -9999
-0.863554 0.043157
0.836858 -0.054312
-0.821652 -0.005781
-0.839274 0.037617
-9999 -9999
0.808967 -0.036729
0.795881 -0.061487
-0.902203 0.220195
-9999 -9999
0.903088 -0.089566
0.839823 -0.040108
-0.808618 0.000900
-0.804341 0.043190
0.809328 -0.020565
-0.789147 0.019729
-0.831227 0.013763
-9999 -9999
-9999 -9999
-0.858453 0.418974
0.814298 -0.026020
-9999 -9999
0.800143 -0.002478
-0.823940 0.061485
0.431867 -0.307013
-9999 -9999
-9999 -9999
-0.492778 -0.090815
0.786599 0.026853
0.817114 0.004867
-0.206787 0.028748
-9999 -9999
0.830864 0.015030
-0.170223 0.001192
0.150122 -0.011510
-0.144189 0.010060
-0.585692 -0.142870
-0.598872 -0.147265
-0.132120 -0.009187
0.809097 0.009841
0.102876 0.010875
-9999 -9999
0.692090 0.127164
-0.829376 0.022120
0.692405 0.124963
-0.679994 -0.081098
-9999 -9999
-9999 -9999
-0.795624 0.010910
-0.854002 0.017650
-0.826352 0.053098
-0.838482 0.005976
-9999 -9999
-9999 -9999
-9999 -9999
-0.848322 0.109637
-9999 -9999
-9999 -9999
-0.808326 -0.021387
-0.960002 0.254553
-9999 -9999
0.806688 -0.037457
-9999 -9999
-0.807809 0.039398
0.822952 -0.016259
0.797969 -0.011198
-0.812117 0.538050
-9999 -9999
-9999 -9999
-0.644638 0.375255
0.529174 -0.469176
-9999 -9999
-9999 -9999
0.560727 -0.369165
-9999 -9999
-0.247093 0.030147
-9999 -9999
0.221280 -0.043096
0.527879 0.083858
-0.562410 -0.128659
0.555315 0.120999
0.823493 0.006500
-0.834920 0.005065
-9999 -9999
0.598387 0.136679
-9999 -9999
-9999 -9999
0.080958 -0.008391
0.644744 0.116265
0.085313 0.015537
-9999 -9999
-0.841899 0.019734
-0.804067 -0.013244
0.004020 0.056821
-9999 -9999
-9999 -9999
-9999 -9999
-9999 -9999
-9999 -9999
-9999 -9999
-0.819545 0.020861
-9999 -9999
-9999 -9999
-0.872233 0.127170
-0.846064 0.054113
-9999 -9999
-0.803252 -0.027029
-9999 -9999
-9999 -9999
-9999 -9999
-9999 -9999
0.801330 -0.039689
-9999 -9999
-0.806769 -0.024457
-9999 -9999
-0.824935 -0.020606
-0.785817 0.363821
-9999 -9999
-0.005080 -0.137304
-0.488545 0.439472
0.446600 -0.296196
-0.546942 0.339129
-0.246484 0.049788
-0.771340 -0.047680
-9999 -9999
-0.211582 0.029125
-0.800718 -0.031821
-0.569548 -0.111335
-9999 -9999
-0.551194 -0.104250
-0.593932 -0.118944
0.815722 0.005230
-9999 -9999
-0.608998 -0.143360
-0.611648 -0.120897
0.810013 0.039571
0.817915 -0.004841
-0.100320 -0.023965
-9999 -9999
0.860794 -0.027064
0.687421 0.102993
-9999 -9999
0.785564 0.020826
-9999 -9999
0.782128 0.003837
-9999 -9999
0.810868 -0.010581
-9999 -9999
-0.849720 0.029829
-9999 -9999
-9999 -9999
-0.857531 0.108798
-9999 -9999
-9999 -9999
-9999 -9999
-0.011832 -0.158444
-9999 -9999
-0.809972 0.036080
-0.825760 0.294516
-9999 -9999
-9999 -9999
-9999 -9999
-0.843206 0.046032
-0.844411 0.011337
-9999 -9999
-9999 -9999
0.803955 -0.035970
-9999 -9999
-0.785410 0.017347
-0.541570 0.360715
-9999 -9999
0.254658 -0.041405
-0.516570 -0.115929
-0.823003 0.003493
0.524116 0.091407
0.560405 0.126000
-9999 -9999
-0.549915 -0.104693
0.597384 0.124530
0.815161 0.002579
-9999 -9999
-9999 -9999
-0.817478 -0.001562
-9999 -9999
-0.635671 -0.120227
0.080762 0.019517
0.675295 0.136327
0.062341 0.045800
-0.008236 -0.047338
0.002415 0.058531
-0.791121 -0.034394
0.742390 0.014849
-9999 -9999
0.835287 -0.050675
-9999 -9999
-9999 -9999
-9999 -9999
-9999 -9999
-0.884286 0.048539
-0.864676 0.110033
-9999 -9999
-9999 -9999
-9999 -9999
-9999 -9999
0.814898 0.035812
-9999 -9999
-9999 -9999
-9999 -9999
-0.886253 0.326786
-9999 -9999
0.031672 0.329563
-0.866639 0.398216
0.812557 0.005231
-0.830700 0.035500
-0.002394 -0.092802
0.002877 0.037254
-9999 -9999
-9999 -9999
-0.258227 0.059291
-0.782503 -0.021638
0.799697 0.021101
0.230138 -0.040568
0.788477 0.022194
-9999 -9999
0.188126 -0.019577
-9999 -9999
0.593841 0.117287
0.591092 0.101992
-0.825076 -0.001282
-9999 -9999
-0.620808 -0.112398
0.800706 0.023325
-9999 -9999
-0.097932 -0.017293
-9999 -9999
-9999 -9999
-9999 -9999
-9999 -9999
-9999 -9999
-9999 -9999
-9999 -9999
0.837490 -0.057067
-9999 -9999
-9999 -9999
-0.844143 0.049869
-9999 -9999
-0.870622 0.076230
-0.865698 0.118526
0.906948 -0.203115
-0.802681 -0.006557
-0.894953 0.087697
0.013772 0.126864
-0.815540 -0.005756
0.862045 -0.305371
0.803163 0.005834
-0.820274 0.041558
0.873591 -0.360744
0.826417 -0.331752
0.002166 -0.175498
-0.823720 -0.004415
-9999 -9999
0.635444 -0.364319
-0.792881 0.042915
-9999 -9999
-0.793185 0.006702
0.846553 -0.022935
0.827399 -0.008943
-0.773090 -0.043293
-9999 -9999
-0.232867 0.053542
0.192906 -0.017735
-9999 -9999
-0.810997 -0.013673
-9999 -9999
0.138233 -0.016213
0.586587 0.095120
0.829540 -0.027360
0.090738 -0.013836
0.107387 0.016786
-0.573949 -0.142533
-0.817427 0.030839
-9999 -9999
-9999 -9999
-0.089857 -0.037580
-0.694927 -0.097452
0.013219 0.038993
-0.828390 0.007653
-9999 -9999
-9999 -9999
-9999 -9999
-0.822191 0.041814
-9999 -9999
-9999 -9999
-9999 -9999
-9999 -9999
-0.823673 0.060984
-0.841833 0.046303
-9999 -9999
-9999 -9999
0.000920 0.154612
-0.917896 0.241075
-9999 -9999
-0.812403 0.308295
-0.794868 0.367521
-9999 -9999
-0.806093 0.020814
-0.826706 0.056457
0.829356 -0.410906
-0.824027 0.026353
-9999 -9999
-9999 -9999
-9999 -9999
-9999 -9999
-9999 -9999
-9999 -9999
-9999 -9999
0.510988 0.120503
-0.524964 -0.095360
0.798588 0.022373
0.192263 -0.038110
-9999 -9999
-9999 -9999
-9999 -9999
0.135894 -0.011544
-0.816895 0.007100
-9999 -9999
-0.814302 0.007598
0.584041 0.160507
-0.094745 -0.025832
0.808236 -0.013295
-0.059000 -0.040961
-0.066050 -0.060272
0.687096 0.110156
-0.810923 -0.014261
-9999 -9999
0.839836 -0.034147
-0.820888 0.023794
-0.822123 0.057219
-0.827807 0.034070
-9999 -9999
-0.849178 0.022303
-9999 -9999
0.882839 -0.079070
-9999 -9999
-9999 -9999
0.813990 0.001188
-0.811927 -0.004121
-9999 -9999
-9999 -9999
-9999 -9999
-0.791717 -0.003280
-0.828040 0.324347
-0.894901 0.320432
-9999 -9999
0.798713 -0.543797
-9999 -9999
0.752649 -0.374909
0.638778 -0.357413
-9999 -9999
-0.840056 0.014349
0.790422 -0.010703
-9999 -9999
-9999 -9999
0.234583 -0.046882
-9999 -9999
-9999 -9999
0.192604 -0.012101
0.563082 0.131926
0.805179 0.007919
0.569532 0.104691
0.146738 -0.018182
-9999 -9999
-9999 -9999
-0.100544 -0.004463
-9999 -9999
0.808290 0.001654
0.114493 0.028044
-0.072480 -0.030185
-0.824264 0.042405
-9999 -9999
0.830478 0.013561
-0.680394 -0.072822
-0.806156 -0.032347
-9999 -9999
-9999 -9999
-0.834940 0.052969
-0.836554 0.050269
-0.843890 0.016137
0.858503 -0.017590
-0.837168 0.042277
-9999 -9999
0.825786 -0.031630
-9999 -9999
-9999 -9999
0.810269 0.031257
0.950150 -0.239507
0.806000 0.024348
-9999 -9999
-9999 -9999
-9999 -9999
-9999 -9999
-0.844864 0.351256
0.787025 -0.523414
-0.859935 0.413575
-9999 -9999
0.811857 -0.032603
0.795432 -0.021622
-0.010725 -0.006269
-9999 -9999
-9999 -9999
0.503151 0.094304
0.770246 0.040268
-0.233482 0.056283
-0.833005 0.023498
-9999 -9999
0.192298 -0.024084
-0.168069 0.019753
0.550445 0.104904
-9999 -9999
-0.139640 0.021155
0.594658 0.129631
0.804132 0.038047
-0.823843 0.007089
0.801200 0.034302
-0.110965 -0.006330
-9999 -9999
0.817130 -0.022588
-9999 -9999
0.687678 0.121767
-9999 -9999
-9999 -9999
-0.751922 0.002165
-9999 -9999
0.859852 -0.033158
-9999 -9999
-9999 -9999
0.813851 -0.028939
-9999 -9999
-0.875492 0.052565
-0.816348 0.031751
-9999 -9999
0.802268 0.029842
-9999 -9999
-0.947616 0.202442
-9999 -9999
0.831421 -0.038735
-9999 -9999
-9999 -9999
-9999 -9999
-9999 -9999
-0.792480 0.524103
-9999 -9999
0.782241 -0.363704
0.641042 -0.400390
-0.801426 0.008294
-9999 -9999
-9999 -9999
-9999 -9999
-9999 -9999
0.485340 0.097214
-9999 -9999
-9999 -9999
-0.795318 -0.007448
0.559947 0.126220
-0.569041 -0.127268
-0.177605 0.011903
-9999 -9999
-0.146259 0.006449
-0.815162 0.019273
-9999 -9999
-9999 -9999
-0.583061 -0.171665
-0.795339 0.010798
-0.073754 -0.014791
0.828783 -0.017153
-9999 -9999
0.009433 0.040251
-9999 -9999
0.005989 0.092278
-9999 -9999
0.779090 0.001500
-9999 -9999
-9999 -9999
-9999 -9999
-9999 -9999
-0.852586 0.091649
-9999 -9999
-9999 -9999
-0.846212 0.048809
-9999 -9999
-9999 -9999
-9999 -9999
-9999 -9999
-9999 -9999
-9999 -9999
-9999 -9999
-9999 -9999
-9999 -9999
-0.055112 -0.316784
0.861715 -0.413094
-0.779033 0.387209
0.657431 -0.364350
0.001937 0.111714
-9999 -9999
-9999 -9999
-0.830178 0.010741
-9999 -9999
0.480656 0.077641
-9999 -9999
0.522812 0.078693
0.788316 0.026526
0.829574 0.007470
-0.809718 0.004336
0.180006 -0.025822
-9999 -9999
-0.808418 0.004064
0.119162 -0.014666
0.112887 -0.004202
-0.834429 0.012195
0.574008 0.149113
-0.635875 -0.102287
0.816044 -0.014668
0.057516 0.034989
0.702672 0.034523
-0.672939 -0.114282
-9999 -9999
0.005804 0.077598
-9999 -9999
-9999 -9999
-9999 -9999
