-1.288942 0.033142
-9999 -9999
-0.662533 -0.319591
-9999 -9999
0.323959 0.114917
0.658315 0.294570
0.308434 0.106912
0.533008 0.363571
0.212687 0.110478
-1.225729 0.044609
1.169753 0.048270
1.367927 -0.148095
-1.331684 0.017298
-0.532919 -0.496866
-9999 -9999
-9999 -9999
-9999 -9999
0.510158 0.600923
0.513061 0.686534
-1.298784 0.040396
0.415445 0.990598
-9999 -9999
-0.522460 -0.966648
-9999 -9999
-0.492558 -0.675305
-0.491791 -0.734072
-0.395239 0.197624
-0.347913 0.087282
-1.132898 -0.011137
-9999 -9999
-9999 -9999
0.515854 0.640118
-0.524587 -0.604772
0.451288 -0.050619
0.551434 0.552901
-9999 -9999
1.352505 -0.107379
-0.443050 -0.047677
1.383368 -0.076552
-9999 -9999
-0.448972 -0.492480
0.447321 0.143673
-0.419715 -0.183249
0.367565 0.381985
-0.509200 -0.029687
-0.339215 -0.241180
-9999 -9999
0.654476 0.281205
-0.355675 -0.283185
-9999 -9999
-0.648527 -0.336661
-9999 -9999
-1.276164 0.022940
-0.249677 -0.158811
-0.655339 -0.324348
-9999 -9999
-9999 -9999
-0.135566 -0.117466
-0.197655 -0.073144
0.299624 0.074838
-1.357149 -0.025983
-9999 -9999
-0.471743 -0.517784
-0.494032 -0.454071
-9999 -9999
0.490282 0.728955
-9999 -9999
-0.513948 -0.768109
1.259591 0.020596
1.402169 -0.139196
-9999 -9999
-1.241247 -0.111607
0.555562 0.692765
0.461385 0.717859
-1.211503 0.005166
-9999 -9999
0.562632 0.671543
-0.460326 0.150468
-0.569531 -0.669742
0.548162 0.621380
-9999 -9999
0.447788 0.039548
-9999 -9999
-9999 -9999
-9999 -9999
-9999 -9999
0.509666 -0.059621
0.555001 0.035092
-9999 -9999
0.541394 0.148367
-1.207671 0.030910
-9999 -9999
-0.521053 -0.051142
1.333753 0.042105
0.490142 0.207651
-0.337292 -0.311922
-0.708268 -0.258962
-0.355441 -0.296959
-0.544582 -0.237759
1.248814 -0.026261
0.513480 0.251164
-0.649292 -0.337348
1.273136 -0.165722
-9999 -9999
-9999 -9999
0.605024 0.411182
0.515791 0.450947
0.595920 0.391528
1.331448 -0.088911
-1.281661 0.020862
0.258380 -0.071728
-0.253233 0.144399
-0.318744 0.152711
-0.267945 0.014826
-9999 -9999
-0.322278 0.176912
-9999 -9999
1.375191 -0.046152
0.352600 -0.344171
-1.210230 0.045324
-0.430582 -0.728182
-9999 -9999
-0.491136 0.213153
0.378321 -0.136872
-0.559320 -0.723061
-0.544939 -0.615923
-9999 -9999
-1.261726 0.012157
-0.456534 0.072702
1.271632 -0.034652
1.326402 -0.084958
-9999 -9999
0.564479 0.539983
-0.462989 -0.499801
0.568306 -0.000635
0.374349 0.539853
-0.428014 -0.595681
-0.417630 -0.423730
-0.512334 -0.135319
-1.203299 -0.050834
-9999 -9999
0.539111 0.168565
-1.286986 0.124747
0.684519 0.238590
-0.443762 -0.219484
-9999 -9999
-1.440970 0.030975
0.470099 0.266573
0.557034 0.340264
0.645114 0.470584
0.608078 0.322501
0.495455 0.445055
-0.232062 -0.094013
-0.234424 -0.086964
0.193713 0.173651
0.632165 0.477877
-0.255615 0.072174
0.591647 0.558900
-0.495733 -0.482610
-0.235972 0.021983
-0.212070 0.113465
0.278492 -0.038315
1.295580 -0.086749
1.259465 0.005283
-9999 -9999
0.240557 -0.243495
0.474923 0.921308
0.361777 -0.281455
0.483676 0.702261
-0.466192 -0.729812
-1.257168 -0.047524
-9999 -9999
-0.425929 0.113696
-9999 -9999
0.526653 -0.184359
0.472377 -0.090535
-1.240013 0.005713
1.217509 -0.068488
1.308317 -0.000031
1.128461 0.033374
0.475249 0.581730
-9999 -9999
0.536109 0.518795
0.383169 0.493952
-9999 -9999
-0.506425 -0.432351
-0.314641 -0.347513
-0.362133 -0.373381
-0.500383 -0.145141
-0.496084 -0.180684
-9999 -9999
-9999 -9999
0.315561 0.188868
0.598958 0.223154
1.420111 -0.058066
-1.266122 -0.084015
0.265755 0.125656
1.347635 -0.019625
-1.277734 0.032520
-9999 -9999
-0.287817 -0.140930
-0.497933 -0.397462
-1.077921 -0.121323
-1.294658 0.001484
0.246015 0.065552
-0.271778 -0.027781
-9999 -9999
-0.555544 -0.513351
0.249380 -0.158277
-0.238270 0.202064
0.203544 -0.230584
-1.281988 0.052012
0.297604 -0.197406
-9999 -9999
1.280575 0.035255
-0.224171 -1.130544
-9999 -9999
-0.393764 0.094266
0.489201 -0.162964
-0.418364 0.099403
-0.568571 -0.679972
0.469666 -0.162200
1.243514 -0.026550
-9999 -9999
0.418323 -0.022669
-0.413983 0.009943
0.474603 -0.095126
-9999 -9999
-1.382749 0.038790
1.234970 0.016480
-9999 -9999
-1.234252 -0.065981
0.564779 0.019717
-9999 -9999
-9999 -9999
0.548020 0.100062
1.305995 -0.126396
1.230876 -0.076118
-0.306805 -0.263648
-0.352672 -0.287239
-0.566063 -0.312654
0.570829 0.282130
-9999 -9999
0.621299 0.375896
-9999 -9999
-1.470131 0.068333
-1.368754 0.076131
-9999 -9999
0.502370 0.445594
-0.143040 -0.149665
0.520901 0.516205
-0.253837 -0.051741
0.328346 0.044783
0.613852 0.407342
0.313992 0.055024
0.528808 0.534059
-1.349346 0.035970
-0.514828 -0.754061
-9999 -9999
0.422140 0.676728
-0.500518 -0.915860
1.282900 -0.088539
1.250644 -0.188851
1.336324 -0.013934
-0.325333 -0.023808
-0.331282 -0.748873
0.442629 0.792514
-9999 -9999
0.420597 -0.080289
-0.424080 -0.669324
-9999 -9999
-9999 -9999
0.404487 0.654896
-1.212319 -0.163307
-0.452634 0.112898
1.132628 0.117084
1.346858 0.046537
1.198328 0.131717
-0.493044 -0.544044
-0.400146 -0.509284
-9999 -9999
-0.511768 -0.122506
-9999 -9999
-9999 -9999
0.568340 0.093334
-9999 -9999
-9999 -9999
-0.283879 -0.341186
1.318897 -0.029144
-9999 -9999
0.594383 0.243404
-9999 -9999
-1.344532 0.021540
0.280411 0.156565
0.658470 0.299935
0.214246 0.039997
1.290985 0.079238
-0.592141 -0.420099
-9999 -9999
-9999 -9999
-0.249788 0.107431
-0.531885 -0.463502
-1.390154 0.004939
1.136165 -0.055371
-0.491305 -0.621779
-1.178139 -0.107611
-0.374651 0.203985
-9999 -9999
-9999 -9999
0.459226 0.786770
1.257224 -0.018826
-0.343005 0.419090
0.508276 0.735566
-9999 -9999
-0.630450 -0.768490
0.479203 0.759497
-1.216106 -0.008021
-9999 -9999
0.485912 0.632638
-9999 -9999
-0.415902 0.108736
-0.537506 -0.578904
-9999 -9999
-0.433156 0.065957
0.526133 0.578498
0.396786 0.523579
-9999 -9999
0.422768 0.110138
0.516944 0.004435
1.260233 0.050385
1.208733 0.045721
-9999 -9999
-9999 -9999
1.262413 -0.008117
-9999 -9999
0.659850 0.323114
0.559103 0.161219
0.230026 0.208134
-9999 -9999
-0.501018 -0.339100
-9999 -9999
-0.248733 -0.112881
-0.384585 -0.063884
-0.593891 -0.401300
-9999 -9999
0.299474 0.058564
-0.527662 -0.411373
-0.556845 -0.608093
-9999 -9999
-9999 -9999
-9999 -9999
0.260708 -0.041653
-9999 -9999
0.242054 -0.183686
-9999 -9999
0.440161 0.715691
-0.573420 -0.999744
-0.306341 0.292755
-0.323537 0.360665
-9999 -9999
-9999 -9999
-9999 -9999
-1.330974 -0.004215
-1.283396 -0.090708
1.163636 0.115962
1.261805 -0.026485
-0.524035 -0.701115
-0.466499 -0.657068
0.448418 -0.062156
-0.435503 0.046247
-9999 -9999
-0.423873 -0.038273
-1.381680 -0.022213
-0.463820 -0.112967
0.520553 -0.116835
-1.267993 -0.083128
-9999 -9999
-0.618017 -0.175193
0.342491 0.366568
-9999 -9999
-1.321531 0.091699
-1.230315 0.071519
-9999 -9999
0.655440 0.200332
-0.620802 -0.241941
-1.343379 -0.003961
-9999 -9999
-1.171769 -0.037753
-0.572600 -0.317903
-1.536986 0.111285
-0.689897 -0.389078
0.256821 0.074828
-0.598675 -0.387167
-1.321476 -0.043282
1.140111 -0.008480
-1.468200 0.065948
0.225175 0.019048
-9999 -9999
1.291976 -0.013108
0.472763 0.532665
-1.374835 0.100585
0.249696 -0.111123
-9999 -9999
1.246622 -0.144246
-0.334116 0.263849
-0.270255 0.278837
-1.217491 0.118239
1.330087 -0.035173
0.342674 -0.018381
0.424123 -0.145571
-0.375727 0.103288
-0.507309 -0.805752
-9999 -9999
0.416245 -0.153240
-9999 -9999
-1.205948 0.031155
0.396847 -0.068435
0.434643 -0.039316
0.525425 0.584295
-0.438601 0.066983
-0.500981 -0.619364
-0.444620 -0.007207
-0.469140 -0.581605
-9999 -9999
-9999 -9999
0.412352 0.423431
0.323254 0.408430
-0.495903 -0.077093
-9999 -9999
-9999 -9999
-1.335653 0.120313
0.694320 0.206119
-9999 -9999
-0.332465 -0.294321
1.405040 -0.144991
0.285060 0.205058
-0.248627 -0.139839
-9999 -9999
0.666538 0.223219
-9999 -9999
-9999 -9999
-9999 -9999
-1.160423 -0.067840
0.607332 0.375819
1.278274 -0.018530
-0.554411 -0.516367
1.404231 0.012695
-1.112032 0.048504
0.561391 0.711258
-9999 -9999
0.312378 -0.178790
-9999 -9999
-1.286692 -0.028198
-0.192405 0.266095
-9999 -9999
-9999 -9999
0.497906 0.698126
0.383030 -0.107295
1.249156 0.028963
-1.310386 -0.006281
-0.481653 -0.714860
0.539394 0.656745
0.467186 -0.163203
-0.490576 -0.605717
-9999 -9999
1.282369 -0.022893
-9999 -9999
-1.172248 -0.055613
-0.534669 -0.588332
-0.409877 -0.050651
-9999 -9999
0.436353 0.566203
-0.473706 -0.429679
0.443521 0.493123
0.525275 0.164430
-0.518107 -0.131145
0.461436 0.388552
0.488046 0.118072
-0.595197 -0.084966
-1.305069 -0.032632
0.247928 0.250858
-0.600682 -0.283700
-0.672526 -0.148569
-9999 -9999
-9999 -9999
-9999 -9999
0.627428 0.256633
-0.541819 -0.479370
-9999 -9999
-9999 -9999
0.161587 0.076327
-9999 -9999
1.165926 -0.084055
-0.497920 -0.525462
-1.319238 0.008106
-1.128433 0.081265
-9999 -9999
-1.248926 -0.198068
1.209937 -0.131026
0.500028 0.861187
-0.566197 -0.764642
0.357305 -0.318005
0.283032 -0.194920
-9999 -9999
-0.449208 -0.669038
-9999 -9999
-0.529752 -0.701729
1.235739 0.069577
-0.511690 -0.758459
-9999 -9999
0.474901 -0.164202
0.477598 0.641772
-9999 -9999
0.443736 0.559001
0.542107 -0.043675
-1.174149 -0.062133
-0.488740 0.012381
-0.475124 -0.069058
0.530860 0.457760
1.262752 0.075046
-9999 -9999
1.208813 0.017781
0.504801 0.196443
-9999 -9999
-9999 -9999
1.263955 -0.072401
-0.547542 -0.152877
-9999 -9999
-1.342148 0.046955
-9999 -9999
-9999 -9999
-1.246791 0.091660
-0.260671 -0.116239
-9999 -9999
0.329353 0.047737
0.206655 0.117525
0.535497 0.298574
-9999 -9999
0.161766 0.023786
1.492474 -0.202911
-0.291529 0.035609
-1.305083 0.108202
0.537650 0.515577
1.120120 -0.134930
-1.321309 0.219539
0.574227 0.761953
-9999 -9999
-0.280467 0.307960
0.621203 0.873668
-9999 -9999
-9999 -9999
-9999 -9999
0.360188 0.003417
1.144026 0.040496
0.555777 0.713992
0.515680 0.731199
-9999 -9999
1.240599 -0.044466
0.450489 -0.247984
0.447568 -0.032377
-0.563970 -0.524443
-1.219140 0.069663
-1.330451 0.109279
0.413013 0.561533
0.573372 0.563121
-9999 -9999
-9999 -9999
-9999 -9999
0.508025 0.060173
0.500078 0.106794
-9999 -9999
-9999 -9999
-9999 -9999
1.232411 -0.113916
-9999 -9999
-9999 -9999
-0.576457 -0.245660
1.251970 -0.140482
-0.387739 -0.214857
-0.511146 -0.246915
-0.611982 -0.351229
0.298923 0.115130
-9999 -9999
-0.650517 -0.427725
0.532283 0.479299
-0.261533 -0.096149
-1.205363 0.026624
0.653902 0.461119
0.461789 0.499940
-1.324407 0.027631
0.179577 0.055722
-9999 -9999
-0.656791 -0.651904
-9999 -9999
0.591002 0.592949
0.318919 -0.159984
0.540559 0.924603
0.317493 -0.169125
1.255463 0.098595
-9999 -9999
-0.349924 0.027695
-0.539094 -0.617416
1.221977 -0.018757
-9999 -9999
0.386212 -0.129470
-1.290529 0.014715
-0.443221 0.253676
1.261171 -0.038906
1.207456 -0.036923
0.545665 0.588033
-1.312673 0.085467
1.139148 -0.037351
-0.492928 -0.564386
0.473958 -0.017150
-0.472643 -0.036306
-0.509704 -0.074907
-0.554090 -0.053390
-1.255156 0.012311
1.209227 -0.041011
-9999 -9999
0.403020 0.358991
0.347507 0.305571
1.317141 -0.129407
1.382952 -0.042040
-9999 -9999
1.230927 -0.039849
-9999 -9999
-9999 -9999
0.551452 0.327343
-0.697364 -0.426406
-9999 -9999
-9999 -9999
-9999 -9999
-0.169341 -0.065073
-9999 -9999
1.409866 -0.004659
0.495072 0.470160
-9999 -9999
-1.318130 0.082113
0.538644 0.591704
-9999 -9999
0.217959 -0.188904
-0.561808 -0.692863
1.326683 0.008080
-0.321153 0.266054
-0.223691 0.267883
0.319244 -0.281242
-0.439929 0.317642
-1.154566 -0.078460
-9999 -9999
0.540385 0.770837
-0.352044 0.086168
-9999 -9999
-9999 -9999
0.477846 -0.194356
1.217982 0.070961
-9999 -9999
-9999 -9999
1.322635 -0.065289
-0.421649 0.043208
-0.447815 0.025301
1.194218 0.099676
0.547924 0.010733
-0.460061 -0.076353
-0.503868 -0.451150
0.361085 0.405054
-1.201782 -0.036499
-9999 -9999
0.553411 0.147323
-0.544912 -0.181902
0.584597 0.245405
0.444319 0.298463
0.515263 0.281721
-1.252204 0.018534
-9999 -9999
0.266213 0.223666
-9999 -9999
1.363136 -0.066856
-1.293617 0.102830
-1.251460 -0.047253
-9999 -9999
0.260093 0.023917
-0.197512 -0.098310
-0.609337 -0.487372
-1.278063 0.043325
-0.280208 0.052887
-0.469694 -0.548000
-0.288940 0.037641
-9999 -9999
-0.427006 -0.826113
-1.249003 0.074522
0.348486 -0.175598
-0.313139 0.203882
-0.482775 -0.824010
1.221971 0.041333
-9999 -9999
-1.245938 -0.131702
0.402935 -0.035062
-0.368747 0.179911
0.364085 -0.156669
-0.344853 0.167010
1.222873 -0.041470
-9999 -9999
-1.269822 -0.012656
-9999 -9999
0.427653 0.002468
-9999 -9999
1.154224 0.086389
-9999 -9999
-9999 -9999
-0.549819 0.035451
0.385346 0.106104
-1.347091 -0.046637
-9999 -9999
-9999 -9999
-9999 -9999
0.467497 0.301366
-0.416107 -0.164508
1.302885 0.010312
-1.274070 -0.029247
