0.944189 -0.007296
-0.993521 -0.000464
-0.929016 0.043526
-0.968445 -0.006948
0.913808 -0.002104
-0.985508 -0.000738
-0.951176 0.021150
-1.015685 -0.026918
-1.007965 -0.029957
0.974671 -0.012584
-0.996096 -0.034096
-0.969621 -0.008128
-0.961335 0.001741
0.930053 -0.004624
-0.984381 -0.027433
-0.954792 0.006181
0.979930 0.012824
-0.964992 -0.005961
0.952134 -0.028701
-0.953987 -0.026245
0.969235 0.003289
0.983398 -0.055441
1.018417 -0.007547
-0.941213 -0.026806
-1.010983 -0.044371
-0.976371 -0.053898
0.974836 0.003766
0.983853 -0.016250
-1.027032 -0.041658
1.050367 0.036422
-1.002379 -0.003167
-0.975813 0.025251
-0.961180 -0.006438
0.940891 0.006158
-1.003598 -0.013060
1.026255 0.027987
0.949505 -0.017950
0.993979 0.002702
-0.942375 0.001409
-0.973696 0.006500
0.966329 -0.023452
0.994940 -0.043847
0.971152 -0.023386
0.993411 -0.030898
0.955071 -0.033770
-0.956314 -0.018515
-0.942926 -0.004546
0.947131 -0.050352
-0.982460 0.059486
1.005825 0.020246
-0.945647 0.001889
0.955986 -0.015843
0.957025 -0.016041
0.973541 -0.008791
-0.955857 -0.010568
0.999695 0.019286
1.006489 0.038645
-0.966318 0.010267
-1.009411 -0.012145
0.945985 0.028792
-0.991344 -0.014319
-0.942492 0.035152
-0.942588 0.016824
0.946590 0.006298
-0.967070 0.035661
0.985419 0.029784
0.970210 0.004095
0.974850 0.038514
0.937186 -0.001033
1.027686 0.000817
-0.985543 0.009678
-0.977613 0.010206
-1.021780 -0.058771
1.014989 0.053184
-1.004365 -0.008817
1.033150 -0.051799
-1.027814 -0.043100
-1.072102 -0.058701
0.970689 0.040572
-0.959744 0.002037
-0.995413 0.014969
-0.982458 0.023476
0.985008 -0.005841
-1.019255 -0.043834
0.939575 -0.017636
1.010745 -0.019900
0.967537 -0.026546
0.976245 -0.029993
-0.943021 0.021387
-0.950771 0.001980
-0.985468 -0.004869
1.001766 -0.019937
-0.967264 0.000788
-0.987495 -0.030865
-0.972057 -0.025909
0.972889 -0.081786
-0.995366 0.019013
1.005776 0.039475
-0.947572 -0.021374
-0.986799 0.016430
0.945224 0.036585
-0.989315 -0.009814
0.963780 0.007688
-0.992914 -0.056098
0.998461 0.058449
0.973036 0.011046
0.967911 0.028771
0.947788 0.031048
0.974368 0.033593
-0.930070 0.012938
0.954269 -0.003854
0.964774 0.018053
-0.993957 -0.002105
-1.013604 -0.016422
0.926515 0.032282
0.961945 0.021495
-1.004492 -0.021270
0.968258 0.002474
0.975951 -0.018133
0.990194 0.020130
1.034962 0.065881
-0.978856 -0.037860
-1.002522 -0.053417
0.989312 0.027809
-1.028550 -0.058831
-1.027685 -0.060252
-0.976301 -0.045116
-1.006970 -0.037297
0.961711 -0.010519
-0.989196 -0.007035
-0.979068 -0.008832
0.996999 0.052873
-1.001473 -0.021138
0.960369 0.015366
0.944236 0.017448
0.973321 -0.006213
0.991614 0.022585
0.968890 -0.020579
1.009832 -0.001206
-0.983275 -0.038854
-0.921855 0.016943
-0.930620 -0.000652
-0.957090 -0.046418
0.961611 -0.034822
0.973355 0.010026
0.989381 -0.004636
0.941929 -0.037947
0.970810 -0.012210
-0.938210 0.005134
-0.971543 0.025844
-0.938892 0.028811
-1.001357 -0.006144
-1.029377 -0.016973
-0.957624 0.029367
0.940401 0.027394
-0.962569 0.007244
-0.974452 -0.003589
0.952674 -0.025996
0.951341 -0.022644
0.921824 -0.042674
0.955053 -0.026145
-0.990393 -0.003017
0.935696 -0.044066
0.944968 -0.019560
0.979918 0.006303
0.981912 -0.038948
-0.984265 0.015521
-0.973161 0.002461
-1.003932 -0.018491
0.964916 0.033248
1.007444 -0.005000
0.980110 -0.009297
1.012834 -0.003142
1.006855 0.029928
-0.955309 -0.034200
0.974532 -0.014055
0.995171 -0.004516
0.951391 -0.020436
-0.984162 0.029132
-1.006459 0.008376
0.953942 0.011500
-0.987644 -0.009095
-0.945114 0.035132
0.995329 0.017338
0.965284 0.003992
-0.976632 0.010228
0.980779 -0.039806
0.987962 -0.010670
0.963420 -0.035557
0.967150 0.013274
-0.947191 0.000011
-0.989757 0.043292
-0.925016 0.037842
-1.022618 0.009580
0.943461 0.017258
0.956466 -0.007672
0.956655 -0.005463
0.983803 -0.001078
0.954384 0.021659
1.008056 0.045982
-1.017311 -0.034631
-0.984097 0.006431
0.976171 0.009463
0.962907 0.025404
0.982886 0.001761
-0.950345 0.032976
-0.952760 0.027233
0.958582 -0.018813
-0.975766 -0.018283
-1.016728 -0.015744
-0.943221 -0.020294
-0.932742 -0.006509
0.954702 0.006034
-0.960143 0.018841
-0.989659 0.024662
-0.971161 -0.027158
1.023916 0.070223
0.949420 0.004599
1.007922 0.024418
0.989183 -0.002468
-1.027976 -0.022967
1.042389 0.030452
-0.992866 -0.043982
0.980246 0.007292
-0.980152 -0.003814
-0.981098 0.009334
0.989573 0.005217
-1.014808 -0.054912
-0.976249 -0.018887
-0.980946 -0.009661
0.944792 0.008038
1.014897 -0.012419
-0.984944 -0.012602
0.947429 -0.003996
-0.983618 -0.015590
-1.005142 -0.020028
0.934223 -0.017169
0.954274 0.029220
0.974836 0.010253
-0.944877 0.069528
-0.944887 0.077579
0.992691 -0.026139
-0.973995 0.000388
-0.977297 0.008748
0.908645 -0.021465
0.969606 0.013462
0.960234 -0.009323
-0.962268 -0.013809
1.001708 0.035562
0.991113 -0.002298
-0.976770 0.011512
0.944753 -0.018226
-0.977101 0.022515
0.937089 -0.016147
0.966467 0.007664
0.943888 -0.029921
-0.971742 0.011219
1.013328 -0.007835
0.939428 0.032721
0.985333 -0.040879
-0.958476 0.012593
1.015743 -0.025180
-0.972545 0.022574
-0.967369 0.004319
-1.002349 -0.028538
0.956928 0.047757
1.003007 0.071505
1.015532 -0.011999
-1.022168 -0.007148
1.042398 0.080698
0.970604 0.063961
1.008915 -0.006486
0.989907 -0.000123
0.964525 0.033772
0.997670 0.007822
-1.003063 -0.008212
0.962203 -0.037497
-0.988664 0.026033
0.923294 -0.004794
0.980555 0.011904
0.976762 0.008696
0.980101 -0.026995
-0.970062 0.027730
0.988484 -0.010660
-0.948104 0.051221
-0.948983 -0.012232
-0.952623 -0.019462
-1.004053 0.030888
0.981494 -0.006167
1.010503 0.011999
0.947780 -0.006694
-0.962580 0.015704
0.959664 -0.010607
-0.976062 0.000425
-0.967224 -0.012697
-1.001571 -0.015715
-1.022504 -0.044023
0.956833 -0.003977
-0.956954 -0.020982
-0.932487 -0.012714
0.980565 0.033602
-0.955792 0.009185
0.945269 0.024464
0.985307 -0.008824
-0.942928 0.024883
-0.989596 0.008587
-1.002684 -0.014242
0.934033 0.020658
0.981096 0.023543
0.990259 -0.005058
-0.947348 0.012473
1.026423 0.029350
-1.021439 -0.085067
-0.975522 -0.013096
0.976601 0.027727
0.993810 -0.045588
1.016711 0.020356
1.029962 0.012053
1.008237 0.059015
-0.986168 0.006944
-0.979396 -0.006170
-0.992725 0.024486
0.987562 -0.000923
-1.047866 -0.026727
0.938720 -0.015365
0.983106 0.000141
0.944236 -0.014687
-0.972324 0.001251
0.973387 -0.009611
0.978631 -0.036460
-0.985644 0.006539
-0.997130 0.010164
-0.984004 0.012280
0.950374 0.021380
0.946507 0.006582
-0.958342 0.058441
0.956342 -0.026478
0.974586 0.027268
-0.974035 0.030952
-0.957705 0.046198
0.913932 -0.015692
-0.977665 0.017205
0.954292 0.036217
-0.992149 -0.004689
1.047141 0.068327
0.957418 -0.018427
0.954089 0.043676
-0.977980 0.016079
-0.974471 -0.008759
0.947932 -0.034725
-0.984278 -0.024082
-0.963857 -0.003499
0.987261 -0.011574
-1.026732 -0.017259
-0.917747 -0.008685
-0.964674 -0.021140
0.962467 0.047882
-0.993290 0.017985
0.991053 -0.004857
-1.031119 0.010979
1.058227 0.065522
0.973861 0.023400
1.020542 0.051234
-1.006106 0.017056
1.067340 0.030322
-1.048463 -0.045800
-1.006064 -0.059480
-0.980263 -0.018376
-0.963902 0.000232
0.958469 -0.008759
-0.986138 -0.009163
1.043432 0.061578
0.949791 0.010052
0.982360 0.036662
0.940496 0.003259
-0.989514 0.001072
0.988606 0.017713
-0.994247 0.006211
-0.994461 0.001581
0.977022 0.004970
-0.976560 0.013602
1.005429 0.057376
0.928176 0.017998
0.960836 -0.020208
-0.951118 0.042847
-0.997118 0.003269
0.926265 0.001488
-0.973462 0.035360
-0.961056 -0.002048
0.949704 -0.036403
0.957640 -0.009465
0.962504 0.022175
1.022982 0.005410
0.989139 -0.021072
0.999228 0.003745
-0.907713 -0.012566
-1.026117 0.000050
0.919800 -0.025751
0.956930 0.002659
-0.957937 0.026328
-0.978462 0.002288
-1.013967 0.005658
0.937886 -0.012514
-0.929021 0.046539
-0.977151 0.019818
-1.006440 0.024412
0.960155 -0.000277
-0.962332 0.046958
-1.023779 -0.074328
0.956693 0.015274
-0.995819 -0.009916
-1.028404 0.023394
-1.043615 -0.043148
1.046353 0.058817
-0.966047 -0.045150
-0.985867 -0.007665
0.960738 -0.011876
0.965365 -0.012077
0.982556 -0.022873
1.029026 0.027921
-0.940729 0.006206
-0.958956 -0.028052
-0.947882 -0.010233
0.961848 0.003346
-0.993231 0.022425
0.956927 -0.024735
0.973203 -0.035878
1.004247 0.010307
0.976594 -0.048039
-0.955795 -0.025532
0.958966 -0.012598
-0.972194 0.075592
-0.972918 0.052195
0.970480 -0.005832
0.958067 -0.037489
0.986887 -0.033249
-0.932736 0.028564
-0.976333 0.031979
0.951826 -0.032614
0.972412 0.003613
-0.980806 -0.007480
0.991918 -0.034399
-0.975624 -0.018198
-0.927096 0.012246
-0.955782 0.024618
-0.923928 0.016020
0.917737 0.015571
-1.003257 0.001626
0.982880 -0.020768
0.990710 -0.029071
-0.968006 -0.004544
-0.970972 0.005982
1.002784 0.014638
-0.984041 0.036306
0.990542 -0.050847
-0.974429 -0.056754
-1.028569 0.018832
0.999609 0.038958
1.005792 -0.014644
-0.988715 0.061680
-1.004093 0.023693
0.991226 0.042342
0.955179 0.027518
0.981805 -0.016109
1.007292 -0.019624
0.967797 -0.028265
-1.006197 0.007646
-1.008739 0.016775
0.979029 -0.025571
0.985286 -0.024839
-0.939023 0.030959
-0.992093 0.036236
0.941485 -0.009797
0.980253 -0.045931
0.963096 -0.053260
-0.972825 0.017335
0.929916 -0.012479
0.932988 0.002518
0.966898 -0.004314
0.981429 -0.053623
-0.990681 0.042446
1.005077 -0.042097
-0.953293 0.005768
0.965219 0.006107
-0.972212 0.017894
0.990796 -0.010719
-0.950542 0.020102
0.979667 0.043937
1.011444 0.048455
0.960474 0.005918
-0.976797 -0.007512
-0.965758 -0.028087
1.007477 -0.014165
-0.929049 0.000526
-0.963007 -0.028732
0.960086 -0.035190
-0.961871 0.024902
1.012895 -0.017191
-0.978962 -0.016693
0.967132 0.021885
-0.954478 -0.023542
0.994341 -0.000610
0.973783 0.006982
0.992170 0.028371
-0.995981 -0.049545
-0.969222 -0.020085
1.016520 0.001636
-0.977802 0.058824
1.020852 0.018123
1.028425 0.027923
-0.984780 -0.015595
-0.977397 0.021899
0.961819 -0.043357
-0.951086 0.017911
-0.980787 0.016424
-1.014456 -0.013941
-0.951072 -0.011469
-0.962220 -0.007796
0.937640 -0.034769
-0.991899 0.040724
0.961864 -0.006048
0.988868 -0.025345
-0.984926 0.048339
0.985724 -0.003356
0.973010 -0.039178
-0.972329 -0.015811
-0.985200 -0.013811
0.966165 -0.057527
0.976269 -0.014166
1.010416 0.031920
-0.957798 -0.007194
0.960388 -0.011892
-0.920662 0.010726
-0.963799 0.006787
0.972064 0.038572
0.983546 0.051536
0.996972 0.063945
0.990313 0.009496
-0.995681 0.006390
0.944820 0.029679
0.950578 -0.004811
-0.936500 0.024479
-0.947573 -0.020182
-0.966764 -0.003673
-0.959543 -0.015947
-1.020676 -0.015973
0.990296 0.028436
0.940762 0.037224
-1.027701 -0.037736
-1.007766 0.047774
-1.013796 -0.011362
0.955065 0.025211
1.060229 0.061459
-0.960822 -0.027472
-0.988725 -0.009342
1.019015 -0.035044
-1.037190 -0.042248
-1.010797 -0.071806
-0.981897 -0.051299
-0.969416 0.005561
0.992035 -0.029117
-0.988290 0.022656
1.004229 0.012090
-1.014988 -0.031605
-0.974151 -0.005983
0.975823 0.011726
-0.954663 -0.013175
0.992495 -0.000992
-0.955127 -0.020155
0.955319 -0.036861
-0.949940 0.029706
-1.008302 -0.019013
0.976722 -0.024634
1.007660 0.023245
-0.965387 0.013241
0.972772 -0.028863
-0.962380 0.042569
1.005895 -0.024660
-0.946792 0.001183
-0.967961 0.006200
-0.942940 0.013904
-0.971740 -0.002492
-0.952417 0.004748
0.986294 0.028191
1.026547 0.015261
-0.960762 0.035385
-0.987997 0.006497
0.961626 0.002010
0.972161 -0.000190
-0.957184 0.017648
0.975966 -0.001778
-0.947379 0.046369
0.973386 -0.017611
1.027317 -0.003123
0.961618 0.001646
-0.975880 0.034692
-0.970785 0.012307
-1.015227 0.047782
-1.025860 0.019110
0.987959 -0.014195
-0.985854 -0.054481
0.980452 0.017121
-0.980322 -0.025202
-0.998079 0.031805
-1.008044 -0.019570
1.002208 0.036282
-0.965479 -0.025257
0.987337 -0.003276
0.990913 -0.017621
0.977262 -0.044471
0.983242 -0.024644
1.024119 0.002748
-0.985803 0.015799
0.978591 -0.012282
-0.928525 -0.002249
-0.993017 0.026999
0.992928 0.000724
0.996371 -0.032399
-0.961339 0.038241
0.981157 -0.007876
0.942928 -0.005443
-0.965351 -0.012984
-0.963535 -0.013237
-0.963233 0.049612
-0.948988 0.051708
1.038212 0.015155
-0.966366 0.002221
-0.986324 0.020779
0.947950 -0.033322
-0.958428 0.009578
0.942577 -0.011385
-0.968518 -0.023586
-1.023744 -0.036415
0.985686 -0.011106
0.971633 0.021224
-0.982849 -0.002132
-0.985684 0.010453
-0.929312 0.020647
-0.957475 0.017882
0.976758 -0.016746
0.988801 -0.009762
-0.998004 -0.004527
0.963938 -0.030225
-0.946684 0.015405
1.000816 -0.012471
1.030231 -0.025759
-0.981064 0.050413
1.014633 -0.012877
-1.004522 -0.033848
-0.986801 -0.017017
-0.993600 0.001151
-0.980158 0.022519
1.034510 0.048689
-1.044091 -0.026392
-0.972915 -0.063620
-0.992539 -0.007020
-0.981421 0.001135
0.989535 -0.036996
-0.973645 0.015913
1.025417 0.005060
-0.942502 -0.007669
-0.970824 -0.013806
-0.935222 0.015870
1.007279 -0.005497
-0.963535 0.016038
0.940952 -0.018913
0.966509 -0.017966
0.977770 -0.001209
0.965187 -0.039523
-0.994150 -0.011125
-0.977772 -0.017013
-0.943291 0.067991
0.977799 -0.034774
0.983190 -0.004974
-1.003288 -0.000760
0.964619 -0.002842
0.951276 -0.024543
-0.992482 0.001988
0.965727 -0.016028
-0.989790 -0.015007
-1.016652 -0.032217
-0.954816 0.015525
-0.984222 0.010147
0.953564 0.020023
-0.963801 0.014108
0.926837 -0.025001
-0.954398 -0.001613
0.938928 -0.030461
0.957916 -0.029303
-0.992435 -0.002323
0.936255 -0.005248
0.955968 0.009852
-1.001494 -0.003031
-1.000364 0.034588
0.979038 -0.003700
-0.987988 0.001625
-0.973667 -0.056778
-0.973862 -0.021361
1.010244 -0.016616
1.037929 -0.049396
1.004802 0.016914
1.012746 0.042166
-0.994572 -0.039673
0.962627 0.016615
-0.972067 0.003103
-0.956759 -0.014310
0.997932 0.004382
1.015406 0.014898
-0.981934 -0.003546
0.986259 0.020055
-0.946706 0.017470
-0.984582 0.005169
1.002825 0.017235
-0.976117 0.031529
0.998616 -0.038820
-0.993283 -0.001181
-0.957219 0.022160
0.977772 0.016717
0.957096 0.010788
-0.979923 0.068484
