-1.281366 0.069727
1.621963 -0.023624
0.365155 0.597676
-1.564612 0.039339
0.633967 -0.804134
0.634207 -0.792213
-9999 -9999
-0.278782 -0.553288
0.974191 -0.534622
0.834035 -0.734505
-0.259243 -0.625283
-9999 -9999
0.337516 0.477283
-1.366404 0.008742
-9999 -9999
-9999 -9999
1.330853 0.057551
-0.692544 0.614767
-0.117816 -0.472542
0.735729 -0.745502
0.169136 0.600689
-0.730873 0.552577
1.438351 0.215410
0.586127 -0.622522
0.257329 0.862925
1.581286 0.149951
-9999 -9999
1.466775 0.010099
-1.202474 1.551641
-0.303753 -1.097576
-9999 -9999
-0.042912 0.463113
-9999 -9999
0.572544 0.542024
-9999 -9999
0.363130 0.958304
-1.592071 -0.088598
-9999 -9999
-1.106157 0.171116
0.584162 -1.828220
-0.720409 1.171338
0.475632 -1.012455
-9999 -9999
1.498322 0.031802
1.493417 -0.175372
-9999 -9999
1.363879 0.035091
-0.493280 1.149444
-9999 -9999
-0.359003 -0.683445
1.540361 -0.183692
0.306510 0.640844
1.451840 -0.075874
-1.424100 0.173520
-9999 -9999
-0.225863 -0.573175
-0.220717 -0.606152
1.525241 0.055502
-0.292650 -0.603800
-9999 -9999
0.766560 -0.770481
0.731270 -0.659978
1.444683 0.042187
0.253974 0.454462
-9999 -9999
0.285970 0.483801
0.635925 -0.644345
-1.420552 -0.000897
-9999 -9999
0.315012 0.375534
0.676499 -0.606933
0.199597 0.457970
1.153553 -1.327700
-1.323507 1.844142
-0.415434 -1.053128
1.114879 -1.431580
1.341582 -1.371706
1.516992 0.258856
-0.255956 -1.158511
0.017830 -0.445824
-0.618263 1.705126
-9999 -9999
-0.734447 1.641338
0.250485 0.889408
1.209460 -1.153645
1.619581 -0.100258
-0.481517 -0.614071
-9999 -9999
0.337860 0.790326
-1.330012 -0.000007
0.520036 -0.992115
0.647805 -0.899945
-0.397751 -0.509111
-0.546944 0.906123
-9999 -9999
-9999 -9999
-1.335194 0.076297
-9999 -9999
-0.528373 0.951570
-9999 -9999
1.273064 -0.075479
-0.392877 -0.562997
-0.623847 0.809681
-0.316062 -0.516554
-0.859363 0.747851
-9999 -9999
0.226938 0.570762
-9999 -9999
0.790460 -0.787075
1.350582 -0.150169
0.758841 -0.655507
-0.307650 -0.464552
-1.389819 0.079368
-0.379485 -0.384191
0.216098 0.287358
0.292025 0.453352
-1.759322 -0.272897
0.212729 0.530170
-1.488606 -0.017918
-0.196579 -0.480754
-1.237146 1.330893
-1.617227 -0.296944
-1.481021 0.038476
-0.198043 0.584927
-1.398998 -0.050286
-0.012403 0.567875
-9999 -9999
-0.330820 -0.869131
-0.051035 0.654366
0.442388 0.653041
-0.556731 -0.744850
1.012966 -1.404005
-1.505144 -0.136029
0.698717 -1.649375
0.571850 -1.324932
2.092132 -0.445346
-0.746302 1.320901
0.488221 0.663754
-9999 -9999
0.877557 -1.086415
0.378056 0.606844
0.628856 -0.964321
-1.315838 0.029639
-0.557293 1.090077
-0.542226 0.811197
-9999 -9999
-0.416723 -0.553775
-9999 -9999
1.399977 -0.113575
-9999 -9999
-0.376563 -0.516454
-0.170067 -0.526081
-0.259257 -0.569874
-0.355822 -0.439125
0.704457 -0.633716
1.286894 -0.051583
-1.509308 0.029467
-0.411213 -0.478588
0.677478 -0.583622
-0.237230 -0.510702
-1.397335 0.103959
0.740282 -0.671583
-9999 -9999
-0.159414 -0.533939
-1.603845 -0.234043
0.698827 -0.564138
-0.699393 0.764562
1.381462 -0.044655
1.168108 -1.473386
-0.432752 -0.967010
-9999 -9999
-0.070461 0.557762
-0.398487 -1.070206
0.073834 -0.503777
-1.318001 1.558775
-0.499283 -0.655925
-9999 -9999
0.499414 -1.386242
-0.750115 -0.786058
1.330382 0.002827
0.861451 -1.274240
0.815229 -1.455709
-1.323951 0.383220
-9999 -9999
-9999 -9999
-0.592105 1.118879
-0.440346 1.037329
-1.479767 -0.063157
0.702871 -1.051977
0.333758 0.548250
-1.369706 0.170571
-9999 -9999
0.449822 0.620381
-9999 -9999
1.411269 -0.220428
-1.485285 0.086004
-1.407453 0.055533
-1.396028 0.081227
1.552453 -0.046418
1.378576 0.116369
-0.776857 0.680891
0.865344 -0.689981
1.444541 -0.017544
-1.321999 -0.026733
-0.732192 0.622695
-0.674495 0.837174
-1.455702 0.038780
1.340025 0.098753
-0.111740 -0.490618
0.275423 0.414349
0.167410 0.480196
-1.381539 -0.030280
-0.936392 0.474881
-9999 -9999
-0.033242 -0.552912
-9999 -9999
0.338571 0.951766
0.038594 -0.684463
-0.668718 1.772760
0.832446 -1.781712
-0.150901 0.646767
-9999 -9999
0.048633 -0.657187
0.882703 -1.223877
1.515034 -0.203667
-0.652918 1.273975
-1.397671 0.159431
-0.197303 -0.841769
1.392227 0.056627
0.596139 -1.678452
-0.418220 1.223098
-2.028489 0.491682
-0.479250 1.102393
-0.456614 -0.663953
-9999 -9999
1.349962 0.239302
-0.634894 1.033479
-9999 -9999
-0.362063 -0.529164
-9999 -9999
0.619031 -0.777148
-9999 -9999
-9999 -9999
-9999 -9999
1.361035 -0.096878
-9999 -9999
-9999 -9999
1.377244 0.121871
-9999 -9999
0.819820 -0.768031
0.321049 0.513777
-0.324932 -0.366568
0.599968 -0.756303
1.522428 -0.211140
1.511209 -0.032152
0.341570 0.444308
0.177860 0.535864
0.771547 -0.619127
0.495119 -0.626249
-9999 -9999
-9999 -9999
-9999 -9999
-0.592587 0.795818
-9999 -9999
1.170848 0.190928
0.388386 1.402086
-1.242930 1.698191
1.392922 -0.069146
-1.078907 1.674484
-1.258995 1.467425
1.289632 -1.484111
0.774524 -1.281551
-0.706486 1.775926
-0.688005 1.381938
1.573224 -0.329407
1.397882 0.447129
-0.989187 1.335506
-0.808881 -1.020161
-1.180936 0.314496
0.691077 0.893751
-0.370005 -0.589841
0.403045 0.672318
-9999 -9999
0.704965 -1.076664
-0.511836 -0.654273
-9999 -9999
0.303327 0.676984
0.514513 -1.158550
-1.264583 0.078006
-0.414103 -0.600617
-9999 -9999
1.586536 -0.061896
-9999 -9999
0.392456 0.447202
-1.458852 0.184190
-0.554764 0.721911
0.150279 0.598407
-9999 -9999
-1.455504 0.075710
0.730466 -0.633334
-1.532372 0.040475
-1.398297 0.176237
0.193840 0.412732
-0.271337 -0.389941
0.238341 0.454689
-9999 -9999
1.386842 -0.081775
1.376429 -0.017413
-1.622595 -0.301013
-9999 -9999
1.430628 -0.151457
-1.263648 -0.039989
-0.079897 0.634840
-0.329153 -1.207289
0.342513 1.010885
-1.408980 0.090905
-1.383542 -0.199905
0.228412 1.145638
-1.605016 -0.454123
1.279146 0.075351
-9999 -9999
-0.399503 -0.689101
-0.694236 1.412685
-0.430623 -0.964774
1.177653 -1.160808
-1.679861 0.030312
-9999 -9999
-1.913056 0.346199
-0.562884 1.100799
0.473885 0.670109
1.272130 -0.158085
-1.376728 -0.107174
-0.684539 0.903183
0.673235 -0.870096
-9999 -9999
1.383384 -0.370874
-0.337254 -0.518650
-9999 -9999
0.427429 0.643409
-1.490227 0.075914
-1.429959 -0.021386
0.532602 -0.773319
1.381947 -0.038002
-9999 -9999
-0.844425 0.643310
-0.915610 0.686463
-9999 -9999
1.399425 0.018868
0.288813 0.611661
-0.861133 0.687767
1.457068 0.202994
-9999 -9999
0.694063 -0.507320
-0.796186 0.556494
0.692582 -0.511866
-0.151265 -0.514771
-1.689577 -0.373140
0.168439 0.575491
0.780733 -0.690508
0.220550 0.474226
-9999 -9999
1.446730 0.247014
1.409509 -0.252622
-1.229061 0.309089
1.229073 -1.747490
-1.136299 1.631841
-1.189345 1.684461
-9999 -9999
-9999 -9999
0.530191 -1.312046
-0.496568 -0.821424
-9999 -9999
-0.280318 -1.040249
-0.674711 1.714912
1.312756 -0.359536
0.776674 -1.963354
-9999 -9999
-9999 -9999
1.252806 -0.094671
-0.690413 0.847208
-9999 -9999
-9999 -9999
0.330556 0.532476
1.450442 -0.417565
-9999 -9999
-1.492325 0.047316
1.370203 -0.133045
0.612938 -0.972908
-9999 -9999
-1.314608 0.184219
0.404977 0.568267
-9999 -9999
1.612520 0.214805
-9999 -9999
0.762896 -0.640943
-9999 -9999
0.449814 0.528163
-9999 -9999
-0.249942 -0.482454
-9999 -9999
0.673121 -0.613601
0.873840 -0.728607
-0.160315 -0.453538
-0.751460 0.653975
-0.270570 -0.624659
0.196091 0.496274
-0.254719 -0.515894
-1.315112 -0.105281
-0.215127 -0.956774
-0.121888 0.700704
-9999 -9999
0.430277 0.947390
-0.166763 0.688326
-1.542918 -0.006669
0.240033 1.205786
-0.733956 1.445713
0.586639 0.718348
-9999 -9999
-9999 -9999
-0.949548 1.439850
-9999 -9999
-9999 -9999
-0.628849 -0.701024
-9999 -9999
-9999 -9999
-0.670552 1.176608
-9999 -9999
-1.364758 -0.146553
-9999 -9999
-0.384246 -0.513388
-0.607148 0.849006
-1.667502 0.161297
0.470653 0.534036
-9999 -9999
0.446516 0.523608
-0.576796 1.024791
-0.351184 -0.466990
0.526901 -0.763013
0.644756 -0.757716
-9999 -9999
-0.797126 0.646341
-9999 -9999
0.336936 0.526983
-9999 -9999
-9999 -9999
-1.356545 0.177745
0.631598 -0.636485
-0.341376 -0.497851
-9999 -9999
0.791160 -0.666171
1.426661 0.035093
0.279610 0.518473
0.177110 0.552254
1.393593 0.082218
-9999 -9999
1.369854 -0.015257
-1.115395 -0.080238
-1.820407 -0.158982
-0.368183 -1.003713
0.516977 1.031830
1.513839 0.242950
0.338542 0.906829
0.052656 -0.549445
-9999 -9999
-9999 -9999
-9999 -9999
-9999 -9999
0.950174 -1.217491
-9999 -9999
-9999 -9999
-9999 -9999
0.771613 0.818929
0.727749 -1.150383
1.199850 -0.015435
-0.575375 1.049259
-0.767720 0.913826
-0.667383 1.014469
1.251376 -0.034173
-0.585189 0.981340
-9999 -9999
-9999 -9999
-0.871511 0.988141
-9999 -9999
-9999 -9999
-1.344443 0.174027
1.444723 -0.251310
-0.670179 0.882793
-9999 -9999
-0.312443 -0.547758
0.825436 -0.762898
-1.475588 0.035191
0.549056 -0.758074
1.490639 0.004423
0.627186 -0.718122
-9999 -9999
0.690421 -0.613679
0.575899 -0.544252
-9999 -9999
-1.322522 0.082011
1.358603 -0.042832
-0.950229 0.646368
-9999 -9999
-9999 -9999
0.287581 0.525680
0.273963 -0.592916
1.675624 0.162222
-0.807423 2.019715
-1.448638 0.032399
0.211177 -0.649727
1.391412 -1.594135
0.092070 -0.740493
0.054746 -0.446559
0.520573 0.855485
0.447121 0.611767
-1.395120 0.164992
-1.150298 1.319896
0.909771 -1.310995
0.750250 0.894156
-0.405521 1.423767
0.703201 -1.776907
-1.403992 0.111342
-1.388358 0.176697
-9999 -9999
0.709936 -1.124735
-0.519321 -0.500117
1.138137 -0.046025
0.707709 -0.952493
-9999 -9999
0.597283 -0.654427
0.756338 -0.860343
1.501593 -0.234187
0.296678 0.686905
-1.427031 0.075205
-9999 -9999
-1.508452 0.093144
-1.384391 -0.044737
-9999 -9999
0.295553 0.498332
0.377341 0.545395
-9999 -9999
-0.781888 0.669527
0.655181 -0.757703
-0.262716 -0.447580
0.624480 -0.672951
0.216894 0.363685
1.524490 -0.078837
-0.557552 0.694178
0.580807 -0.698158
-9999 -9999
-9999 -9999
-0.573555 0.745905
-9999 -9999
-0.184575 0.602220
0.215521 1.127341
0.334052 1.104697
-0.925722 1.419000
-9999 -9999
-0.381693 0.500243
-1.615665 -0.440788
1.209314 0.040603
0.584929 0.952730
-9999 -9999
0.653038 0.799317
-1.141775 1.415537
-9999 -9999
-9999 -9999
0.515291 0.626371
2.248848 -0.505448
0.496958 0.594456
-9999 -9999
0.472192 0.716204
-1.564341 -0.146578
-0.673515 0.958260
-0.517975 0.839213
-0.283729 -0.605736
-0.535702 1.173588
-0.549989 0.826863
0.824321 -0.768585
1.427367 -0.177212
0.562024 -0.916050
-0.645885 0.811604
0.293055 0.543402
1.431878 -0.020218
0.803904 -0.653523
1.530501 0.174966
0.887439 -0.709423
-1.479625 0.037743
-0.617333 0.767815
0.719566 -0.701239
0.678113 -0.694828
0.230091 0.439589
0.702037 -0.593806
0.185170 0.431796
0.311117 0.409865
-0.201150 -0.466712
-0.156139 -0.509301
0.232003 0.546663
0.777827 -0.486876
-0.642498 0.796489
0.226349 0.480184
0.202439 0.769052
-1.470924 1.683100
-0.070108 0.740177
0.061952 -0.657001
0.174794 1.014708
-1.541863 -0.242823
-0.337983 -0.967983
-0.036920 0.409466
0.503506 0.959681
1.171917 -0.100786
0.869366 -1.522319
-0.986476 1.325944
-0.971387 1.286764
-9999 -9999
-0.401818 1.196385
-0.856788 1.906975
1.345467 0.178859
-1.437889 -0.047871
0.694993 -0.870662
-9999 -9999
1.422412 -0.145929
0.526246 -0.870460
-9999 -9999
-0.622569 -0.518357
-1.350589 0.031909
-1.500876 -0.107175
1.512139 -0.173125
1.432717 0.021182
0.378392 0.472963
-9999 -9999
-0.641360 0.731462
0.112602 0.635804
-1.562609 -0.317031
0.820141 -0.749024
-0.350625 -0.505861
1.385493 0.018605
0.792723 -0.780458
-0.346696 -0.518590
-9999 -9999
1.491690 0.066086
-9999 -9999
0.363145 0.525464
-9999 -9999
-0.232366 -0.420488
0.886609 -0.613293
-0.704679 0.553632
1.521313 -0.143207
-9999 -9999
1.132385 0.172221
-9999 -9999
-1.352833 1.546173
-0.315866 -1.051432
1.472493 -1.208924
-1.559153 -0.333404
-1.446516 -0.583073
-0.980934 1.194294
0.714565 -1.618352
-0.870527 1.225876
0.834819 -1.441357
-0.224161 -0.996884
-1.433810 -0.297005
-0.788219 1.578164
-9999 -9999
-0.551552 -1.068890
-1.382427 -0.005234
-9999 -9999
0.539178 -0.855390
-1.444668 -0.282415
-0.707674 0.866273
-0.701977 0.858520
1.351809 0.123889
0.457874 0.586394
0.568976 -0.907037
-0.353750 -0.606101
-0.479535 -0.509791
0.613062 -0.838461
-9999 -9999
-1.373766 0.065820
-9999 -9999
-0.594088 0.746641
-1.468414 -0.235655
-1.505499 -0.066847
-0.831561 0.642225
-9999 -9999
1.503402 -0.080343
-0.659178 0.764951
0.217035 0.453556
-9999 -9999
-9999 -9999
0.257611 0.485026
-1.360054 0.000143
0.638407 -0.712199
-9999 -9999
-0.657491 0.520493
-9999 -9999
-9999 -9999
0.295400 1.113604
-1.663671 -0.298723
-0.773568 -0.933811
-1.343054 0.290461
-1.266794 1.553403
1.460422 0.282359
1.614677 0.366030
0.687982 -1.295923
-0.590436 -0.710222
-9999 -9999
-0.610462 1.534074
-0.431990 -1.029325
0.307721 0.836877
-9999 -9999
-9999 -9999
-9999 -9999
0.545994 0.716176
0.468809 0.722315
-0.373350 -0.580341
0.397108 0.775571
-9999 -9999
-0.369354 -0.594287
1.329712 -0.012293
1.370789 -0.198015
