0.742769 0.024095
-0.646298 -0.112879
-0.091673 -0.667159
-0.103098 -0.612992
0.182845 0.824758
0.162125 0.772607
0.254769 0.831520
0.785625 0.045098
0.151646 0.791250
-0.284129 -0.980057
0.651922 0.093297
-0.199994 -1.177574
0.820098 0.048831
0.607908 0.063863
-0.244054 -1.044229
0.201252 1.254707
0.364466 1.446396
-0.416494 -1.116873
-0.886108 0.069597
-0.814111 -0.084636
-0.612591 -0.130331
-0.647907 0.188233
-0.461839 0.599292
0.575637 0.061926
0.036225 0.280515
-0.567195 -0.080443
-0.116841 -0.211800
0.023072 0.388575
0.638705 -0.004000
-0.126601 -0.377186
-0.694717 -0.053388
0.667527 -0.044972
0.092937 0.377284
-0.030302 -0.361714
-0.571261 -0.137467
0.655904 -0.030671
0.074913 0.474411
-0.715723 -0.028533
0.091992 0.412633
-0.682193 -0.072055
0.683317 0.002550
-0.728513 0.022789
0.080616 0.474533
0.246070 0.638430
-0.245977 -0.529458
-0.144915 -0.645211
0.734858 0.193333
0.176838 0.531177
-0.226534 -0.645887
0.705133 0.092772
-0.056334 -0.626352
-0.188713 -0.794249
-0.200392 -0.770169
-0.134759 -0.820037
0.765249 -0.013861
0.816973 0.035772
-0.542525 0.026114
0.216434 0.814383
0.749156 0.088121
0.150949 1.299050
-0.732711 -0.122063
-0.615822 -0.077720
0.260744 1.146181
-9999 -9999
0.029334 1.435844
0.308472 1.226319
0.650061 -0.213927
0.155570 1.831394
-9999 -9999
0.659209 0.237467
-0.475514 0.567902
-0.067901 -2.067874
-9999 -9999
-0.077177 -0.227736
-0.649766 -0.046884
-0.714257 -0.020973
-9999 -9999
-0.057607 -0.205985
0.796234 0.086738
-0.228865 -0.360680
0.617511 -0.007372
-0.575572 -0.038413
-0.685504 -0.023275
-0.598512 0.002029
0.079380 0.511414
-0.051133 -0.373125
0.112893 0.388901
-0.694361 -0.078126
0.154890 0.516491
-0.042356 -0.496906
0.095034 0.439510
-0.777236 -0.002461
-0.104650 -0.472493
0.103803 0.544224
0.707708 0.049531
0.777045 0.085639
-0.759951 -0.001768
-0.635576 -0.152734
0.191489 0.800895
0.703347 0.161667
-0.694093 -0.059955
-0.575078 -0.052088
-0.755758 -0.014559
-0.096830 -0.985450
-0.067575 -0.812938
-0.110961 -0.878146
0.810322 0.329482
-0.759714 -0.025143
-0.694479 -0.373480
0.875873 0.120651
0.027726 1.063753
-9999 -9999
-0.880522 -0.253729
-0.578212 -0.022155
-9999 -9999
0.798983 0.276037
-0.453816 -0.265943
-0.800764 -0.195325
0.385090 0.021263
-0.791567 -0.508387
-0.576103 0.031314
0.606765 0.042077
-0.642877 0.099810
0.741285 -0.155742
0.036733 0.339163
0.150804 0.430273
0.735374 0.003228
-0.182115 -0.322968
0.083557 0.379973
0.137734 0.335581
-0.113149 -0.348760
-0.110190 -0.354952
-0.162505 -0.460402
-0.620493 0.039279
-0.187179 -0.417747
0.665488 0.009277
0.044534 0.476239
0.155160 0.441488
-0.153643 -0.461054
0.801679 0.107590
-0.069347 -0.510531
0.820671 0.072037
-0.718019 0.014786
0.213309 0.570465
-0.627263 0.009972
-0.679550 -0.134340
-0.276661 -0.778375
0.752033 -0.061821
0.818027 0.086285
0.576173 0.045093
0.233960 0.979932
-0.882148 0.113290
0.165710 0.701069
0.316034 0.752456
0.224686 1.007395
-0.816263 0.140422
0.829287 0.146063
-0.265328 -1.237465
-0.310649 -0.976273
-0.475971 0.038496
-0.268363 -1.568696
0.596195 -0.009043
0.976395 -0.029196
-0.588745 0.056644
-9999 -9999
-0.344021 -1.233389
0.975877 2.138290
0.478766 -0.441480
-0.124895 -0.278126
0.629776 0.058023
0.671144 0.000802
0.654032 0.091180
0.060427 0.266774
0.614337 0.067650
0.779375 0.002413
0.215943 0.297075
-0.138155 -0.466872
0.109739 0.417531
-0.586290 -0.053699
-0.035195 -0.391091
-0.187279 -0.394310
0.698595 0.094468
0.168168 0.390356
0.650983 -0.005412
0.657491 -0.028402
0.219405 0.504051
0.124616 0.535326
-0.211230 -0.502008
-0.588185 0.061667
-0.740460 0.087861
0.196730 0.594493
-0.201738 -0.577401
-0.267669 -0.664185
-0.649087 -0.042283
-0.673572 0.052758
0.727875 -0.055467
-0.864933 0.043449
-0.658910 0.102329
0.719636 -0.069014
-0.382642 -0.830233
-0.561685 0.103575
0.291436 0.928942
-0.190366 -0.818191
0.827905 -0.187707
0.167810 1.029355
0.153049 1.021086
-0.526187 -1.114668
-0.379373 -1.237603
-0.792774 0.025655
0.576260 -0.096222
-0.707992 -0.062453
-0.333407 -1.932207
-0.165651 -1.712344
0.203435 1.495476
-0.530927 0.301801
0.221548 0.230524
0.007729 0.215190
0.622165 -0.003235
-0.693150 0.020597
0.019880 0.277269
-0.646846 0.031657
0.668663 0.048553
-0.027433 -0.256568
0.727066 0.047187
0.688886 0.043795
-0.592248 -0.099849
-0.606398 -0.074771
-0.656439 0.001743
0.734398 -0.025912
0.701511 0.068003
0.684141 0.081260
-0.106522 -0.416243
-0.613938 0.074364
-0.078881 -0.501886
-0.156334 -0.456211
0.765255 0.067294
-0.741962 0.170997
0.258519 0.553530
0.670608 -0.000048
0.648659 -0.116443
-0.674093 -0.064416
0.628129 0.056063
-0.587765 -0.012688
-0.158008 -0.742453
0.776466 0.157959
-0.095880 -0.833553
0.732879 -0.072434
-0.248061 -1.008102
0.612189 0.064011
-0.534353 -0.159850
-0.918023 -0.207058
0.251094 1.235213
-0.082672 -1.172334
-0.069614 -1.247157
0.318894 1.106773
-9999 -9999
-1.007459 -0.177428
-0.710996 -0.118350
0.284386 1.620712
0.668017 -0.053314
0.452155 0.107885
-0.453678 -0.470674
-0.881334 -0.093274
0.474471 0.138026
-0.098117 -0.274695
-0.581282 -0.039224
-0.680216 0.063729
0.648687 -0.046042
-0.055419 -0.279180
-0.155412 -0.341429
-0.704964 -0.017843
0.691362 0.053229
-0.071372 -0.338162
0.167527 0.441376
-0.158134 -0.302613
-0.074214 -0.295257
-0.153704 -0.567287
-0.062968 -0.418532
0.077940 0.454347
-0.132173 -0.463093
-0.207396 -0.421821
0.186683 0.607789
-0.718494 -0.083795
0.118918 0.460543
0.210634 0.542639
0.104479 0.533290
-0.694751 -0.168942
-0.725105 -0.042850
-0.266770 -0.533088
-0.072359 -0.559876
-0.115532 -0.612814
0.305308 0.773121
-0.194689 -0.543520
0.633453 -0.079481
0.341450 0.888646
0.961255 -0.060404
0.671058 -0.026511
0.211751 0.836184
-0.103597 -0.925571
-0.853090 0.166456
-0.192821 -1.105287
0.702031 -0.064056
0.272944 1.232389
0.696310 -0.037546
0.695200 0.149364
-0.398933 -1.200577
-0.730502 0.057189
-0.182907 -1.929958
-9999 -9999
0.281750 1.214696
0.646086 2.674443
0.441244 0.035593
0.602198 0.025796
-0.099426 -0.213270
0.687259 -0.032661
0.029337 0.258211
0.597055 0.043071
-0.088340 -0.285381
-0.732021 -0.037782
-0.130848 -0.409465
-0.122273 -0.385888
-0.099139 -0.338897
-0.648802 0.033236
-0.653887 -0.017329
0.742557 0.078569
-0.705516 -0.047930
0.145223 0.395808
-0.096855 -0.393745
-0.082946 -0.536269
0.081952 0.462127
0.061129 0.383432
0.151282 0.535393
-0.160419 -0.453414
-0.806148 0.067735
0.187346 0.539882
0.770509 0.009446
-0.288362 -0.710330
0.706184 -0.043220
0.699545 -0.090079
-0.164808 -0.613277
0.334087 0.818708
0.636280 -0.115652
0.724896 -0.133323
-0.686921 0.116866
0.594950 -0.042531
0.307371 0.829035
-0.079497 -0.979778
-0.770565 0.194983
0.235660 0.983862
-0.750234 0.132377
0.620436 0.028783
-0.401155 -1.119488
1.070292 -0.059816
0.554133 1.104891
-0.450748 -1.479109
-0.954505 0.196625
0.694381 0.068396
-0.373204 -1.112333
-1.287177 -1.904171
0.610418 0.080620
0.539557 -0.003095
0.606126 -0.046512
-0.727075 0.047087
-9999 -9999
-0.545509 -0.037271
-0.081841 -0.410990
0.113844 0.259278
0.736677 -0.050973
0.019322 0.413789
-0.017973 -0.357686
-0.123924 -0.391183
-0.691140 0.028800
-0.159356 -0.499834
0.645954 0.046288
0.189290 0.554787
0.673720 -0.042214
-0.638106 -0.000773
-9999 -9999
0.183207 0.480178
0.698171 -0.033165
0.712261 -0.113417
-0.673404 0.052111
0.179499 0.551000
0.298968 0.590092
-0.196774 -0.592887
0.218343 0.672003
0.840584 -0.167373
0.674230 -0.080378
-0.345002 -0.661494
-0.279900 -0.726996
0.311537 0.845612
-0.426143 -0.872018
-0.745556 0.136957
-0.409275 -0.900112
-0.155589 -0.906299
0.597512 1.015890
-0.407858 -1.077311
-0.510957 -1.100865
-0.600982 0.139511
0.490083 -0.297658
0.846214 -0.090373
0.480659 -0.349323
-0.953014 0.277594
0.818062 2.318722
0.593491 -0.061741
-0.613278 -1.032670
0.639428 -0.974065
-0.892041 -2.069711
0.636833 0.081556
0.084754 0.135054
-0.073460 -0.286485
0.031495 0.268350
-0.036076 -0.331884
-0.079728 -0.347498
-0.743035 -0.099309
-0.168332 -0.257783
-0.723369 0.014548
0.125598 0.308557
0.083052 0.341168
0.090346 0.438286
0.698192 -0.088213
-0.684010 -0.003442
-0.208992 -0.507788
0.710677 -0.064271
-0.695691 0.047587
-0.771588 -0.022116
0.623126 -0.020886
0.206610 0.469467
0.231058 0.477130
0.298069 0.507867
-0.238557 -0.548214
0.746487 -0.106215
-0.229378 -0.645293
-0.130897 -0.679005
0.284502 0.750400
-0.218870 -0.738089
-0.688165 0.011969
0.196317 0.824424
-0.726992 0.058532
-0.187957 -0.963438
0.237050 0.770415
-0.866539 -0.033884
-0.149897 -1.001068
0.641865 -0.095315
0.211522 1.068476
0.130767 1.212503
-0.301126 -1.093462
0.515586 0.013512
-0.380441 -1.637468
0.304810 1.238057
0.565518 -0.312923
-0.112719 -2.127542
-0.543886 0.025676
-0.158358 -1.506138
-0.518123 0.123885
0.444441 2.053603
-0.572538 0.009667
-0.599804 0.018491
-0.123798 -0.224947
-0.757331 0.037980
-0.616194 -0.066718
-0.625152 -0.036936
-9999 -9999
-0.704430 0.039459
-0.658348 0.011433
-0.648295 -0.099798
0.578428 0.061658
0.157787 0.293757
-0.694675 0.014486
0.107166 0.481863
0.716698 0.002208
0.136490 0.334349
-0.088237 -0.384118
-0.713515 -0.070706
-0.670327 0.067456
0.705721 -0.055929
-0.670300 0.034906
-0.096205 -0.596563
0.181554 0.597623
-0.627846 0.072863
-0.825822 -0.043834
0.656807 0.044033
-0.308534 -0.781650
0.879248 -0.028879
-0.725730 0.029499
0.693131 -0.101640
-0.236860 -0.815412
-0.197898 -0.909275
-0.294025 -0.666984
0.341161 0.920585
0.835141 0.044958
0.711343 -0.211431
0.392899 1.092965
0.427755 1.091021
0.440871 1.043402
-0.629845 0.007710
1.002698 1.392758
-0.567747 -1.172781
0.540295 1.501660
-0.555558 -1.833430
-0.673833 -0.113022
-0.347545 -1.230739
-1.493539 -1.935233
-0.805650 0.210525
-9999 -9999
0.633641 0.193349
0.748014 0.109868
-9999 -9999
-9999 -9999
-0.020196 -0.351013
0.000522 0.309488
0.154119 0.437212
0.643623 0.007765
0.655508 0.019517
0.634659 0.135899
-0.608028 -0.063558
0.108778 0.545533
0.722085 -0.003888
0.595570 0.120087
0.629838 0.000772
-0.673272 0.016764
-0.719014 -0.020335
0.070338 0.403484
-0.155653 -0.512061
0.265109 0.511384
0.238094 0.649189
-0.197495 -0.587496
-0.637874 0.033834
0.098185 0.737328
0.658078 -0.062494
0.782997 -0.165044
-0.183195 -0.761698
-0.149119 -0.749489
0.609788 -0.021793
-0.193367 -0.957222
-0.188819 -0.938037
-0.186433 -0.742233
0.192207 0.838326
-9999 -9999
-0.911850 0.132500
0.773552 0.042883
0.804674 0.099306
-0.441467 -1.051383
0.731729 -0.012603
-0.939095 -0.142159
-0.408856 -1.107272
0.727282 -0.111610
-0.524677 -0.157888
-0.025875 -1.642855
0.644176 -0.080949
0.703712 -0.220930
-0.586047 -0.194342
0.089604 0.222660
-0.681189 0.030167
-0.064734 -0.243322
-0.214223 -0.236808
0.615424 0.052043
0.632821 0.035349
-0.755625 0.006412
-0.699147 0.050792
-0.560473 -0.052432
-0.653844 -0.071609
-0.666486 0.066234
0.072418 0.380002
0.075553 0.491715
0.645422 -0.074864
-0.249444 -0.439575
-0.129691 -0.355141
-0.682582 -0.029876
-0.684298 -0.022460
-0.673738 0.056834
0.727938 0.101039
0.670754 -0.040649
-0.231492 -0.585103
0.084068 0.667689
-0.094949 -0.541680
0.726891 0.051218
0.070179 0.517770
-0.702924 0.042703
-0.133722 -0.742669
0.718368 0.064339
0.122470 0.733190
0.378565 0.907474
-0.733791 0.011368
-0.211017 -0.754534
-0.163858 -0.889601
-9999 -9999
-0.834897 0.145875
0.177876 1.014869
0.677123 -0.054712
-0.340163 -0.996916
0.073204 1.226148
-0.345840 -1.614188
-0.375539 -1.159218
0.282071 1.732950
-0.853847 0.112845
0.447058 0.354974
0.045808 1.253400
1.192388 -0.398501
0.119463 2.100539
0.661791 -0.044958
0.099674 0.335759
0.081664 0.269895
0.713052 0.027355
-0.066798 -0.321449
-0.118939 -0.306495
0.673542 0.062467
-0.138502 -0.242291
-0.077800 -0.365485
-0.081150 -0.310969
0.104368 0.405580
0.674283 0.079768
-0.139099 -0.405962
0.048993 0.433212
0.750912 -0.034477
-0.106664 -0.485475
0.067635 0.393399
-0.805194 -0.070770
-0.147590 -0.515632
0.740455 0.093804
-0.698897 0.101447
0.638764 -0.034178
0.734226 0.011865
-0.177242 -0.570534
0.172586 0.545708
0.198371 0.567581
-0.199612 -0.620368
0.225765 0.693705
0.701176 -0.060297
0.695565 -0.032554
-0.696889 0.076434
0.726200 -0.002333
-0.666029 -0.000211
0.280415 0.795013
0.016033 0.893502
0.764200 -0.221459
-0.701487 0.047524
0.388618 0.990917
0.608028 -0.109193
-0.633223 0.115976
-0.832836 0.228114
-0.622062 -1.166698
0.371486 1.531140
0.665721 1.864448
-0.509842 0.237516
0.387572 0.093807
-1.426729 -1.393876
0.519285 2.059477
0.619917 -0.023224
-0.613802 -0.052798
-0.001790 -0.266366
0.694598 0.031783
0.657129 0.035082
0.038217 0.273893
0.755031 0.084999
-0.159740 -0.458224
0.612078 -0.001036
0.110831 0.395872
-0.110842 -0.314892
-0.073787 -0.414587
0.078678 0.376087
0.629617 0.011788
0.250174 0.422389
-0.692580 -0.002497
0.094480 0.476248
0.167591 0.557815
-0.191039 -0.414956
0.114446 0.490447
0.255989 0.482578
0.848576 0.038128
-0.722485 0.054072
0.685480 -0.023344
-0.287774 -0.649512
-0.703348 -0.100110
0.719717 -0.003484
-0.755031 -0.068790
0.657510 -0.027437
0.161409 0.769649
0.703383 -0.110473
0.782910 0.149243
0.170497 0.730214
0.549992 -0.051136
-0.900596 -0.097086
-0.746132 0.056093
-0.732340 -0.108075
-0.141349 -1.072544
0.370996 0.948927
0.235948 1.248976
-0.500409 -1.590495
0.331043 1.038708
0.625547 -0.242187
-0.869596 0.113381
0.137916 1.671786
-0.241521 -1.131087
-1.053829 -2.244095
0.800507 0.048024
-0.062068 -0.225645
0.113367 0.197130
0.709192 0.096854
0.092729 0.312391
-0.064761 -0.309951
-0.103355 -0.271280
-0.000921 -0.339579
0.120423 0.319749
0.076284 0.360401
0.156511 0.452597
-0.710513 -0.063903
0.080027 0.351303
0.133259 0.563967
0.660590 -0.028359
-0.603468 -0.070602
0.150613 0.319365
0.143647 0.524981
-0.715827 0.045118
0.807462 0.057803
-0.680929 0.000522
0.698042 -0.150162
0.295176 0.632851
-0.142084 -0.643179
0.669402 -0.036340
