4.386844 -1.546268
-9999 -9999
1.534181 -1.634931
0.819978 0.080134
0.896496 0.155536
-1.389289 2.200136
-0.547515 1.176746
-1.657675 2.577196
-0.031775 -0.828773
1.017861 -0.004115
1.008205 -0.037155
-0.155614 1.142809
0.398999 0.996690
0.474085 -1.840580
-0.576485 2.025005
0.133096 -0.857017
-0.585989 -0.880387
0.932633 0.000337
-0.587517 -0.802610
0.272919 -1.266485
0.147271 -1.396827
0.949115 0.060384
-0.378599 0.978763
0.270715 -1.204257
-9999 -9999
-9999 -9999
0.813817 -0.147512
-9999 -9999
-0.589023 -4.228974
-2.340525 -10.944216
-1.338774 -0.307106
-1.322602 0.101671
-1.028770 -0.081588
-9999 -9999
1.210599 -0.375371
-9999 -9999
1.371151 0.009240
2.924074 0.450859
2.149430 -1.190731
-1.049965 -0.042053
-9999 -9999
-1.129820 -0.011797
-3.813873 0.293546
-3.286904 -0.290916
-9999 -9999
-9999 -9999
-9999 -9999
-9999 -9999
-2.512394 0.558994
-9999 -9999
-9999 -9999
3.350006 -1.490042
-3.565026 1.986766
1.060645 -0.232658
-9999 -9999
-1.021579 -0.033684
-9999 -9999
-0.911959 -0.083136
0.625491 -0.921337
0.772590 0.076487
-1.060853 -0.188469
0.858764 -1.769171
-0.332764 0.949853
0.182860 -0.724111
0.727565 -1.627282
-0.329252 -0.956168
0.740092 -1.336202
0.971768 0.196221
-9999 -9999
0.818356 0.255950
0.025360 -0.404845
0.980902 0.304166
-2.286844 0.293396
-9999 -9999
0.776175 -0.077260
0.904829 0.367405
2.378569 -1.333913
4.771092 -2.979041
-9999 -9999
-9999 -9999
-5.097248 1.129522
0.529010 -3.455790
-9999 -9999
-0.961484 0.070097
-2.635215 0.731248
-9999 -9999
-9999 -9999
2.043723 0.122646
2.029522 -0.517486
-1.133744 0.004892
-3.635397 -0.242179
0.804097 0.053514
-3.613465 -0.230186
-2.234142 0.191056
1.029632 -0.104709
-5.306028 -0.795440
-1.147236 0.018951
-9999 -9999
-1.199782 0.019861
-1.715495 0.998993
-3.740429 1.809568
-1.040693 0.087170
-0.727143 1.015304
-0.842791 -0.199080
-9999 -9999
-0.949670 -0.204635
0.616818 -0.877407
-1.039709 2.074042
1.299844 -2.150239
0.348075 -0.911357
0.917201 -2.011376
0.081125 -0.770612
-0.509160 -0.939755
-0.148700 0.671815
-0.519611 -0.889192
-9999 -9999
-9999 -9999
0.915362 0.186052
0.382958 -1.067223
-0.442413 1.192781
-2.130455 -0.012150
2.466058 -0.096807
-9999 -9999
-0.842098 -0.471015
-9999 -9999
-0.617737 0.122425
-9999 -9999
-1.639355 -0.163129
5.227497 -0.865849
4.908288 4.783663
7.241901 -2.199404
-0.967463 -0.143367
-4.158479 -1.061570
-2.560102 -0.886349
3.952810 0.420685
1.964243 0.418723
-9999 -9999
2.569578 0.031513
-3.698419 -0.494013
1.876048 0.116286
-3.808042 -0.719387
-9999 -9999
1.469389 -0.654165
2.472487 0.059189
-2.213737 0.300132
-3.513392 0.781583
4.044980 -1.834587
3.254558 -1.448182
1.678622 -1.205852
-9999 -9999
-0.893165 -0.069045
2.157214 -2.446629
-9999 -9999
-1.356834 1.923008
-0.975994 -0.208810
-0.968810 -0.069625
-1.001155 -0.235767
0.650684 -1.807510
0.323063 -0.932130
-0.764332 1.570576
-0.624741 1.710555
0.854941 0.151889
0.464367 0.963978
-9999 -9999
-9999 -9999
-0.049941 0.522304
-9999 -9999
0.418627 -1.158387
-1.067955 -0.254600
2.275278 -0.350814
-1.922932 0.259309
-9999 -9999
0.830798 0.300844
-9999 -9999
-9999 -9999
-9999 -9999
-7.399716 -0.871402
-5.174944 -4.171624
-7.531734 2.587096
-9999 -9999
4.090975 0.691691
0.954652 -0.027625
-1.236920 0.033035
-3.150173 -1.097353
3.628200 0.395306
-4.282040 -0.804904
3.691206 0.271640
-0.740408 -0.037584
3.676406 0.402679
-9999 -9999
-1.410387 0.890118
1.222180 0.126575
-4.593596 1.010010
-9999 -9999
-1.883938 1.304559
-1.673671 0.924990
-9999 -9999
-1.064157 -0.033786
0.679227 -1.074915
-9999 -9999
-0.868346 0.867353
0.969764 0.087349
-1.465279 1.750445
0.274087 -1.103976
0.210819 1.005621
-0.643163 1.755232
0.976580 -1.961568
0.509485 -1.535766
0.516622 -1.773371
0.225418 -0.713763
0.520466 0.824993
0.506982 0.739754
-9999 -9999
-0.390263 1.207016
0.859532 0.120193
0.935976 0.039274
-2.368842 0.053632
-9999 -9999
1.888821 0.078246
-9999 -9999
-0.762707 0.211094
1.226371 -0.548831
-0.781769 -0.533810
11.501945 6.388612
-9999 -9999
0.866726 0.223828
-9999 -9999
-9999 -9999
2.746818 -0.317757
2.728704 0.967474
1.175136 0.024230
-3.250621 -1.323012
-9999 -9999
2.658914 -0.063247
-1.264809 0.036361
1.743489 -0.009308
1.181215 -0.103481
-2.521002 0.189732
-0.921881 -0.054822
2.389033 -0.082709
-2.409547 0.616297
-1.142790 0.045058
-1.144987 -0.205998
0.953317 0.100267
-9999 -9999
3.251555 -3.476274
-9999 -9999
-9999 -9999
-9999 -9999
0.518374 -1.119294
-9999 -9999
0.856024 -2.240397
-0.559409 0.978317
0.488595 0.953812
0.960805 0.110423
-0.463463 -0.847566
0.489336 0.989381
0.813514 -1.618298
-1.148446 -0.144538
-0.462981 -0.689982
-9999 -9999
0.022040 -0.553109
0.494089 0.814206
-9999 -9999
-1.045200 0.142070
1.109528 -0.091713
0.905175 -0.066582
-9999 -9999
-0.191483 -4.190817
-2.165279 0.347557
-4.181109 2.935458
9.951487 0.581427
-0.703118 -0.062923
-4.900758 -4.269732
-9999 -9999
-9999 -9999
-9999 -9999
1.678369 -0.075274
4.407840 -0.057669
-3.407412 -0.921190
3.459155 0.062007
-1.096800 -0.121333
3.722777 0.097305
3.264006 0.526718
1.972519 -0.085396
-9999 -9999
-1.341451 0.798902
-1.484502 -0.299213
4.681296 -1.072536
1.853149 -0.802768
3.979387 -2.101866
-3.525677 1.661591
1.696562 -1.369703
1.011906 -0.035249
-1.571471 1.786321
1.046574 -1.604218
-0.979896 0.914123
0.429603 -1.120898
0.623056 -0.826658
0.877475 -0.072476
1.169357 -2.101490
-0.588974 1.840480
-0.212504 0.854863
-0.447997 -0.873751
0.929128 0.061806
0.898114 0.179509
0.066161 -0.724906
-0.033507 0.518484
-0.788889 -0.775641
-0.451351 1.242218
0.577263 0.746716
-0.656516 -0.882432
0.848670 -0.081797
2.555869 -0.227131
-9999 -9999
-9999 -9999
-9999 -9999
0.325206 10.380418
-9999 -9999
-1.687838 0.136219
-5.390785 0.940268
5.139849 7.803804
-4.415210 3.637645
0.740926 0.112577
-2.487661 0.602092
-9999 -9999
2.322831 -0.996644
1.965812 -0.028020
2.232056 -0.482549
4.202238 0.551426
-9999 -9999
-1.755929 0.044476
-9999 -9999
4.694253 0.289104
-1.464723 0.882658
2.499861 0.198160
2.212477 -1.006839
3.474732 -1.419612
3.687455 -2.382589
-9999 -9999
-9999 -9999
-9999 -9999
-0.659673 1.119035
0.942469 -1.345472
-0.757243 -0.285881
0.928055 0.144131
0.852833 0.063414
-0.393864 -1.006181
1.055533 0.050152
-0.694342 1.851252
-0.382287 -0.994769
0.728182 -1.730185
0.095736 -0.777461
-0.940701 -0.189343
-0.095833 0.630282
0.947969 0.117480
-9999 -9999
0.441962 0.881788
0.381544 0.776104
-1.016478 -0.186134
-9999 -9999
-0.923337 0.223017
1.847306 -0.840597
-9999 -9999
0.609097 -0.038067
-0.222386 -14.793482
0.021228 12.894240
1.198679 -0.114315
4.635009 -2.904173
7.320484 6.113622
-2.984467 4.693568
2.235073 -1.004811
4.297941 -0.235441
-2.822274 -0.206159
-2.075858 1.267500
-3.335476 -0.462056
-0.863709 0.254520
-1.268958 0.156474
-2.038375 0.772117
0.964374 -0.042762
-9999 -9999
2.323799 -0.353488
0.981572 -0.230256
1.240693 -0.248771
4.687989 -0.834373
-3.567500 0.797290
2.131801 -1.289584
-9999 -9999
3.618458 -2.147047
-1.020561 0.174885
-9999 -9999
1.066750 0.039616
-9999 -9999
-1.276594 1.932774
1.653015 -1.671365
0.959224 -2.203688
0.949839 0.029181
0.232464 -0.861376
-0.888202 -0.013319
-0.552295 -0.907327
0.097717 -0.832198
0.252780 -0.654107
-0.506672 -0.909030
0.067837 -0.621219
-1.037497 0.042305
0.467819 0.788959
-9999 -9999
0.053073 -0.540161
-9999 -9999
1.098690 -0.110813
-9999 -9999
-9999 -9999
-9999 -9999
-9999 -9999
0.048525 9.779573
11.703052 5.794646
-5.286977 1.240045
-1.163710 -0.499797
-7.214696 2.686109
-2.268291 0.336746
2.618033 -0.672229
-1.704010 0.115837
-2.374111 0.953746
-9999 -9999
-2.125734 0.489077
-1.225699 0.110213
0.967883 0.097205
1.911802 0.118055
-2.022474 0.251341
-9999 -9999
-1.510003 0.817506
2.681010 -0.048330
-2.256413 0.748350
-9999 -9999
-3.590262 2.189670
3.338223 -1.720377
-1.043322 -0.088088
-1.371860 2.101158
-0.523466 1.040530
-0.039996 -1.269102
1.857529 -1.506234
0.160265 0.939112
-0.032990 -0.939418
-0.318871 -1.011196
1.060326 0.063750
0.580094 -1.865898
0.299164 1.053626
0.151093 -0.766544
-0.661132 1.697356
0.883603 0.196314
-1.114565 -0.175367
-0.114775 0.490139
-9999 -9999
0.025190 -0.510613
-0.887810 -0.282025
-0.580593 -0.886808
-9999 -9999
-9999 -9999
-9999 -9999
-9999 -9999
-9999 -9999
2.588497 10.549932
-9999 -9999
-1.525405 0.366349
0.994339 -0.128664
-6.754515 -7.180256
-1.073736 0.338313
3.822473 0.113381
-4.133419 -0.138419
-2.725635 -0.285102
3.794813 -0.465098
-1.757914 0.204495
-9999 -9999
-4.454547 -0.469673
0.920371 -0.185046
-1.678631 0.063646
3.742867 -0.156415
-4.598712 0.108670
-9999 -9999
-9999 -9999
-4.465652 0.899850
-9999 -9999
1.001514 0.090078
3.460497 -1.466089
1.055869 0.218979
3.421883 -3.180830
0.842139 0.040432
0.919567 -1.306102
1.893669 -1.412816
0.451330 -1.086735
-0.981379 -0.148241
-0.294148 -1.157215
-0.483717 0.956778
-0.281184 1.009424
-0.985202 -0.127439
-0.676332 1.581001
0.132205 -0.792243
-0.849917 -0.161865
0.534624 0.884380
0.092831 -0.540848
-0.338030 1.404325
-0.451684 -0.973575
-0.451594 -0.870370
-0.406571 1.241787
-9999 -9999
-2.312046 0.289478
-9999 -9999
-9999 -9999
-0.695542 -0.184102
-9999 -9999
-9999 -9999
-9.109666 -1.506226
-9999 -9999
-4.999303 -8.116531
1.479008 -0.313027
0.797296 0.123724
-2.565669 0.372895
-9999 -9999
3.887330 0.322588
2.055440 0.280166
-9999 -9999
2.496193 -0.075424
-9999 -9999
-0.810581 -0.147751
-1.932041 0.007290
-9999 -9999
-1.450785 0.705396
-1.473006 -0.219127
-9999 -9999
-1.906552 0.547032
-9999 -9999
-9999 -9999
0.980778 -0.030636
-9999 -9999
-1.556401 1.769609
-0.991192 1.284118
0.940943 0.269541
-1.192133 2.038729
-1.683127 1.689995
-0.268999 -1.102534
0.923964 0.014395
0.452973 0.925912
-0.832142 1.932871
-1.061657 0.037424
0.458340 -1.692126
0.954181 0.060516
0.570844 0.719893
-0.540938 -0.689684
-0.134651 1.399914
0.985775 0.093908
0.565661 0.760254
-9999 -9999
-9999 -9999
-9999 -9999
1.047836 0.147051
-9999 -9999
0.520146 0.196153
5.707120 -1.928328
-9999 -9999
8.955947 2.953698
-1.193795 0.055992
-0.822174 3.208127
4.546078 -2.925718
2.409560 -0.214929
4.047159 1.077493
0.876468 0.196090
-1.088063 0.038192
-2.056335 -0.264790
-2.102394 0.360072
-4.228226 -1.271983
-9999 -9999
-1.951375 -0.196700
2.083018 0.186178
-4.295487 -0.688858
-9999 -9999
-9999 -9999
-0.968733 0.238068
-1.008515 0.085474
0.963229 -0.128667
-0.916862 -0.037369
-1.582554 1.422622
-9999 -9999
-0.855307 0.202192
-1.108006 -0.089509
-0.725657 0.955015
0.895367 0.080163
-1.399390 1.868010
0.604520 -2.310175
-0.485852 1.099005
0.094736 -0.924670
-0.971822 0.009829
-0.112469 0.774262
0.435984 -1.655880
-0.907574 -0.068317
-0.580302 -0.852788
0.275162 -1.191398
0.082383 -1.389369
0.386588 -1.210583
0.981536 0.145233
-0.970077 -0.070086
-9999 -9999
0.982117 0.103261
0.696287 0.022555
-9999 -9999
-0.255063 -4.282467
1.071441 -0.375934
0.211085 9.706234
9.002491 0.988696
-9999 -9999
4.965510 3.687745
4.346690 -3.866247
-3.515736 -0.358981
2.493581 -0.759954
0.863638 0.136011
4.146877 -0.073356
-3.337734 -1.052995
-0.833491 0.145121
-9999 -9999
-9999 -9999
1.784716 0.027505
-3.756782 0.033801
-9999 -9999
-1.381502 0.886020
-5.218423 -0.557700
-1.170752 0.013381
1.766879 -0.781754
-9999 -9999
3.272695 -1.706392
1.095316 -0.098853
-2.816659 3.608777
-0.853489 0.105113
-0.686775 1.449450
0.787117 -1.008999
1.063591 -2.079218
-9999 -9999
0.492308 1.059819
-0.366192 -0.986567
-0.614052 -0.913787
-0.616030 1.958680
-0.117947 0.774645
-0.595238 -0.848565
-9999 -9999
0.658298 0.835121
-0.204843 1.326737
-9999 -9999
0.632325 0.865358
-0.158583 1.069478
-9999 -9999
-1.029933 -0.135942
-9999 -9999
0.681047 0.204826
0.887365 0.209875
-9999 -9999
-9999 -9999
-1.106592 -0.137914
-8.856545 -1.649123
-9999 -9999
-0.971374 3.322699
-9999 -9999
3.401959 0.864638
-2.503853 0.311080
1.775701 -0.155048
-2.343599 0.895612
-3.185844 -1.354036
2.070673 -0.401273
1.079753 0.090547
-3.787747 -0.308988
-3.076170 -0.900123
1.116972 -0.016773
1.092394 0.173016
-9999 -9999
-9999 -9999
-1.195636 0.166391
3.611382 -1.145392
-1.086418 0.147203
-9999 -9999
-1.127026 0.055537
-2.907214 3.372495
-9999 -9999
0.010589 1.185568
1.733604 -1.676164
0.484249 -1.147558
-0.030651 -0.895059
0.228490 -1.071511
-0.167635 -1.051774
0.812543 -0.040325
0.337432 0.979094
1.026018 -0.032871
0.437412 -1.656440
-0.914305 -0.195180
-0.500972 1.468887
-0.377276 1.285230
-0.039821 1.419568
0.461984 -1.237673
0.593078 0.755205
-0.299694 1.243649
2.312427 -0.222426
-9999 -9999
1.939291 -0.276057
3.650935 0.469137
0.246019 4.166214
-1.367132 -0.223280
-9999 -9999
12.331526 5.088319
5.204064 -1.653523
0.951059 0.142464
-1.416171 0.160985
2.256955 -0.444272
-4.098812 -0.560456
-9999 -9999
-9999 -9999
-0.922922 -0.087179
-2.010349 0.516254
-2.549389 0.229598
1.954254 -0.624850
-1.907668 -0.081408
-3.657931 -0.019259
-9999 -9999
1.000185 -0.097343
1.289645 0.074443
