0.572938 -0.094307
0.697704 0.531470
-0.828548 -0.390654
0.931266 0.383588
-0.622256 0.074491
0.591080 -0.142819
1.018883 0.344065
1.129309 0.423414
0.687914 0.036108
1.042873 0.146896
-0.636892 0.063594
-1.083204 -0.178834
-0.627019 0.086857
-1.250060 0.041344
-1.119988 0.167048
-0.637986 0.037601
0.959108 -0.255405
-0.736205 -0.004501
0.580854 -0.025419
-0.617253 0.082302
0.685177 -0.053335
0.672407 0.062795
0.584533 -0.058580
-0.954281 0.396239
-0.626128 -0.082325
0.268059 0.150102
-0.682070 -0.113856
0.318457 0.114000
-0.650580 -0.055531
0.299254 0.223214
0.703079 0.052046
-0.304120 -0.258836
-0.314613 -0.255863
-0.327743 -0.221756
-0.669703 -0.013294
-0.658555 -0.053452
0.693704 -0.002471
-0.658917 0.007400
0.396458 0.298761
-0.649081 -0.004551
0.621626 -0.031267
0.544619 0.340463
-0.428864 -0.466942
-0.656340 -0.021595
-0.644466 0.101396
0.623871 -0.049201
0.568043 0.435207
0.733725 0.351966
-0.635028 0.072308
0.687439 0.560514
0.560560 -0.021959
0.828216 0.452342
0.516067 -0.070445
-0.519391 0.080654
-0.571310 0.037032
0.570588 0.052319
1.228465 0.659438
0.970584 0.198624
-1.221024 -0.387499
0.592349 -0.007132
-0.643034 -0.014845
-0.581525 -0.018308
-0.577234 -0.011070
-1.165074 0.028698
-0.982545 0.228929
0.750040 -0.010633
0.515644 0.010180
0.579905 0.008318
1.207106 -0.379076
1.066074 -0.193190
0.972128 -0.404818
0.922520 -0.288035
0.294246 0.143544
0.271160 0.147726
-0.254083 -0.163099
0.711312 0.033186
-0.666136 -0.090251
-0.305915 -0.243560
-0.675943 -0.093650
0.313195 0.250824
-0.287425 -0.252337
-0.317054 -0.273856
0.706211 0.057668
0.620823 0.111374
-0.316257 -0.323066
-0.307945 -0.338232
-0.658082 -0.028085
-0.648167 -0.063572
0.422882 0.361815
0.498289 0.413715
0.661911 0.026794
0.641896 0.053365
0.547330 0.472731
-0.639649 0.009883
0.672363 -0.090785
-0.620758 0.054585
0.598020 -0.028007
0.633791 0.584676
-0.862431 -0.467859
-0.868314 -0.417172
-0.976891 -0.461405
-0.968741 -0.415022
1.017093 0.371928
1.146294 0.504353
0.712607 0.105950
1.034744 0.214276
-1.121297 -0.332999
0.563909 -0.021611
-0.689758 -0.013776
-0.514166 0.002723
-1.139043 0.115505
-0.612573 0.013978
0.564908 -0.027004
-0.693528 0.004785
0.566603 0.064235
-0.642386 0.037765
-0.678429 0.011676
0.626124 0.094680
0.992173 -0.306511
0.691974 0.048988
0.291403 0.100708
0.220062 0.169606
-0.719749 -0.084554
0.753589 -0.034317
0.642128 0.128462
-0.623824 -0.082724
-0.305848 -0.206941
0.295259 0.207283
-0.666949 -0.056071
0.316048 0.230868
-0.719436 -0.012748
0.277569 0.326457
0.664309 0.009539
-0.634995 -0.033731
0.673782 -0.027564
-0.434976 -0.375615
-0.663041 -0.036462
-0.643561 0.060718
-0.650563 0.023101
0.702551 0.085917
0.646751 -0.049440
-0.617544 -0.008444
-0.503349 -0.430200
0.712221 0.418141
-0.621698 0.071550
0.631198 0.570367
-0.825480 -0.381125
-0.837670 -0.376894
0.609019 -0.094673
-0.921477 -0.332675
-1.090273 -0.352608
-1.182276 -0.405819
0.652151 0.047792
-0.541266 0.070019
1.190948 0.346482
1.064515 0.134507
-1.329603 -0.120202
-0.527322 0.109372
-1.184219 0.143355
-0.575208 0.030924
-1.020078 0.253578
-0.655182 0.037074
1.080420 -0.286164
-0.557945 0.070469
-1.211205 0.430268
0.596883 -0.048160
0.589334 -0.065722
0.958439 -0.401313
-0.654870 -0.126013
0.655804 0.114339
0.678305 0.137606
-0.716364 -0.040169
-0.266280 -0.150617
0.292662 0.219002
-0.639866 -0.068224
0.279899 0.263573
-0.282697 -0.279229
0.652741 -0.002665
0.319999 0.237486
-0.251785 -0.262742
0.697128 -0.004834
0.304339 0.327708
-0.402129 -0.330899
-0.442294 -0.364078
-0.628417 0.023233
-0.632875 0.048788
-0.652793 0.020907
0.422670 0.480055
0.666472 -0.092108
-0.539185 -0.397590
0.579075 0.452037
-0.629952 -0.410641
-0.818537 -0.398015
0.610019 -0.000293
-0.850168 -0.426141
-0.877748 -0.370274
-0.583669 0.060971
-0.601344 0.126035
1.096417 0.343909
1.140718 0.424607
1.270650 0.565329
-1.038465 -0.147777
-0.683307 0.002986
-1.097743 -0.118049
-1.327030 -0.115707
0.530259 -0.016572
1.164995 -0.161287
-0.600740 0.041101
0.995703 -0.255877
-1.381095 0.207797
-1.005911 0.239172
-0.576313 0.020824
1.302879 -0.412146
-0.653105 -0.082663
-0.584666 0.057639
0.681389 0.006336
0.307533 0.114302
-0.627881 -0.132787
0.665930 0.124408
-0.692880 -0.061364
0.669488 0.091860
-0.631391 -0.118442
0.664643 0.112361
0.312613 0.200393
-0.276587 -0.229621
0.638229 0.037406
-0.659515 -0.063273
0.652731 0.114970
0.676944 0.012538
0.315818 0.342338
0.408446 0.351190
-0.446437 -0.383674
0.627065 -0.018685
-0.646696 0.061380
-0.633905 0.023867
-0.451253 -0.496677
0.572365 0.439314
0.560316 0.428862
-0.606928 0.072914
0.688887 0.405988
0.696700 0.427756
0.585489 -0.035668
-0.630514 0.124370
0.825512 0.366644
0.827678 0.401231
-0.627478 0.116003
1.068263 0.397703
-0.691714 0.020421
0.668011 -0.010733
-1.007956 -0.194208
-1.171722 -0.407481
-0.580432 0.002582
-1.339083 -0.139845
-0.530909 0.005592
-1.143058 0.095887
-0.616171 -0.013026
-0.537153 0.019992
1.334391 -0.137331
-1.125713 0.189278
-0.586830 0.000410
1.226525 -0.270712
-0.586349 -0.037449
-1.050493 0.300143
-1.022088 0.272933
-0.684406 -0.015700
0.585826 0.066219
-0.687344 -0.060357
0.720532 0.011859
0.617493 0.031744
0.678235 0.049143
-0.696590 -0.029250
-0.276889 -0.243106
-0.286690 -0.250147
0.670100 -0.016879
0.681768 -0.026283
-0.637825 -0.035224
-0.333374 -0.300454
0.355403 0.320005
-0.418512 -0.285365
0.671121 -0.071662
0.641799 -0.065162
-0.670350 0.091303
0.621202 -0.065001
0.438552 0.498439
0.645784 -0.137101
-0.563098 -0.407111
-0.543677 -0.421178
-0.643092 -0.450286
0.679551 0.502172
0.655284 -0.000679
-0.625034 0.069907
-0.861312 -0.374674
0.943761 0.391776
-0.587991 0.097537
0.604222 -0.074779
-1.154973 -0.440340
1.179958 0.590407
-0.585575 0.025584
-1.227185 -0.350885
-1.037116 -0.145745
0.659286 0.031632
0.568847 -0.068153
1.123621 -0.079034
0.581429 -0.038714
0.980362 -0.214867
1.378110 -0.108403
-1.098873 0.209697
0.572179 -0.019328
1.236434 -0.232720
1.097604 -0.153133
0.693707 0.015413
-0.982375 0.253231
0.683760 0.050060
0.281188 0.137365
0.268278 0.145918
-0.360316 -0.123045
-0.297972 -0.128004
-0.336731 -0.209704
-0.677905 -0.052561
-0.699143 -0.013179
0.311804 0.204258
0.319343 0.225411
0.360308 0.234843
-0.660794 -0.067313
-0.631081 0.043241
0.317319 0.311036
0.663516 -0.028409
-0.684989 -0.008103
-0.389917 -0.335095
-0.649746 0.089910
0.400642 0.457711
0.646154 0.018643
-0.636620 0.118142
0.567860 0.417387
-0.590873 0.065541
0.629588 0.318483
0.736860 0.477294
-0.608417 0.059014
0.774508 0.457942
0.855714 0.428015
0.612724 -0.028402
-0.966842 -0.388060
0.983718 0.369969
0.621179 0.077152
-1.251037 -0.568780
-1.089158 -0.201977
0.561425 0.065510
-0.605371 0.070829
0.574462 0.023046
0.576647 0.020138
-0.570058 -0.020760
0.539652 0.032149
-0.495951 -0.010957
0.662621 0.101084
0.579970 0.005335
1.020604 -0.305036
0.547668 0.032215
-0.594739 -0.061072
0.620162 0.083092
1.007062 -0.199979
0.310020 0.060134
0.283307 0.141483
-0.684079 -0.043682
0.753942 -0.039521
-0.298747 -0.128702
0.324195 0.185645
0.271079 0.221051
-0.692101 0.011580
0.698892 -0.016248
0.660849 -0.021868
-0.665531 -0.001039
0.271491 0.279368
0.338759 0.270444
0.330697 0.339627
0.651919 -0.024906
0.489226 0.353820
-0.626223 0.055203
0.516166 0.291390
0.381001 0.510153
0.652427 0.031670
-0.630197 0.048456
-0.649646 0.048432
0.615601 -0.047149
0.636499 0.354515
-0.786971 -0.340843
-0.660010 -0.513854
0.805724 0.472630
-0.648213 0.062926
-0.918142 -0.384551
0.589611 -0.054313
-0.636444 0.055700
-0.708897 0.012584
1.228314 0.576033
0.529444 -0.004305
1.162496 0.355551
-0.509207 0.043488
1.298508 0.180062
-1.214078 0.022415
1.136292 -0.057971
-0.585110 0.023062
0.562855 -0.061274
-1.289881 0.145877
0.607296 0.003041
0.565803 -0.000877
-0.587654 -0.007046
-0.997121 0.129553
1.022417 -0.262752
-0.686883 -0.071019
-0.326318 -0.074975
-0.649861 -0.047436
-0.631707 -0.080351
-0.342497 -0.151944
-0.668831 -0.028618
0.655396 0.021501
0.329157 0.217004
-0.662243 0.003699
-0.692098 0.016236
-0.660077 0.036839
0.344455 0.222990
-0.675408 -0.064549
-0.643102 0.047569
0.627710 0.019793
0.598363 -0.039012
0.408470 0.370487
0.683633 0.001706
0.691955 -0.051602
-0.659842 0.035314
-0.411795 -0.501700
0.564993 0.426678
-0.596985 0.080484
0.653939 -0.139405
-0.664107 0.089127
0.722883 0.480065
0.707911 0.547260
-0.618987 0.058475
0.627210 -0.030528
-0.592746 0.054824
-0.967726 -0.303479
1.090246 0.368284
-0.699602 0.016356
1.198484 0.519563
-1.060644 -0.176071
-0.616348 -0.021305
1.091581 0.234922
0.600117 -0.032485
-0.563756 0.050739
-1.146103 0.125359
-1.178132 0.047017
-0.967285 0.183766
0.587783 0.080131
0.496497 -0.016681
-0.591968 0.059586
-1.316174 0.316217
1.064133 -0.188628
0.606922 -0.009557
0.997476 -0.278135
-0.648884 -0.085735
-0.599281 -0.071637
-0.660682 -0.080525
0.740230 -0.005436
0.250064 0.162766
-0.288049 -0.253828
0.695876 0.030471
0.689617 -0.006343
-0.261527 -0.257532
-0.330377 -0.232892
-0.361503 -0.205219
-0.253263 -0.303729
-0.657022 -0.013473
-0.301943 -0.316927
0.627607 -0.073301
0.649842 0.019170
-0.430927 -0.354996
-0.541213 -0.385569
-0.628384 0.005023
0.634660 0.014327
0.566818 0.458346
0.632809 -0.052149
-0.584521 -0.445194
-0.689605 -0.427973
-0.783514 -0.372329
-0.754981 -0.536405
-0.851464 -0.390241
0.935644 0.381039
-0.962747 -0.339552
-0.621063 0.129308
-1.080488 -0.297915
0.590337 -0.000549
-1.265834 -0.563056
-0.617796 0.089819
0.676223 0.006991
0.547915 -0.047071
1.307013 0.110211
0.576399 -0.054256
1.090833 -0.143177
-1.161942 0.100231
-0.528446 0.116363
0.663779 -0.012692
-0.561617 0.010889
0.584956 -0.076510
-0.672421 0.079428
1.040168 -0.245569
0.985062 -0.471499
0.637352 0.042655
-0.290390 -0.125829
-0.599846 -0.083040
-0.282246 -0.132764
0.748611 -0.033264
-0.300324 -0.127521
0.322879 0.182688
0.649365 0.042019
0.313106 0.200730
-0.302504 -0.282071
-0.374557 -0.198600
0.401413 0.246945
0.279949 0.270682
0.659079 -0.057284
-0.666881 -0.006382
0.459562 0.310592
-0.654355 -0.014395
0.634854 -0.042100
-0.631427 0.074381
0.429876 0.417308
-0.480524 -0.517577
0.640041 -0.121073
0.568359 0.401287
0.610077 0.381173
-0.600153 0.115312
-0.769448 -0.404288
0.662715 0.562680
0.541072 -0.079672
-0.910851 -0.388949
0.900549 0.409826
0.631109 -0.114267
-1.100891 -0.333833
-1.139953 -0.476790
1.270727 0.543363
-1.029611 -0.177714
0.630425 -0.008783
-1.114173 -0.150912
0.579865 -0.025154
0.589918 -0.055840
-0.579643 0.039526
-1.120729 0.058963
0.480634 -0.017086
0.733119 0.050000
-0.492893 0.023432
0.932841 -0.285166
1.229913 -0.380610
1.077381 -0.218299
-0.707431 -0.024128
0.701406 0.065723
-0.669845 -0.095641
0.645683 0.081195
-0.268314 -0.151463
-0.314272 -0.166571
0.665890 0.064689
0.326766 0.207617
-0.691941 -0.080270
0.687435 -0.009983
-0.672148 -0.054390
-0.660062 -0.004169
0.684853 -0.001261
0.252114 0.274116
0.334417 0.303470
0.309995 0.317005
0.416986 0.300484
0.441726 0.374986
0.451950 0.363921
0.701932 -0.035503
-0.374768 -0.485625
0.415699 0.509700
-0.630634 0.104341
0.568337 0.406318
0.607595 -0.122355
-0.621344 -0.430440
-0.737006 -0.415216
-0.731462 -0.531467
0.800360 0.344916
-0.869297 -0.350561
0.905205 0.366260
-0.940442 -0.304395
1.105588 0.279329
0.604060 -0.013387
-0.725145 0.012739
-1.085828 -0.131864
-0.639556 0.016566
1.056231 0.131342
-0.598341 0.113093
1.110441 0.002499
0.573052 -0.041609
1.166968 -0.078636
0.516376 -0.087493
-1.309375 0.286860
0.551786 -0.043147
-0.600244 0.132209
0.603364 -0.012514
0.540776 -0.021601
-1.023075 0.511055
0.985300 -0.382580
-0.301824 -0.113685
0.290823 0.146198
-0.269288 -0.170442
-0.342446 -0.155770
0.680525 0.106564
0.653974 0.083613
-0.651945 -0.062289
-0.295440 -0.246687
-0.266721 -0.285068
-0.657630 0.003832
0.366343 0.248519
0.261000 0.270614
0.662216 0.035076
0.331849 0.367063
0.623773 -0.046328
0.632597 0.030992
0.638164 -0.035059
-0.528682 -0.353319
-0.619663 0.035534
0.651599 0.026093
0.673760 -0.084772
0.576645 0.375138
-0.561278 -0.424644
-0.655314 -0.414133
0.607117 -0.075944
0.568189 -0.043702
-0.561849 0.099209
0.815542 0.374186
-0.912462 -0.304880
-0.966899 -0.326796
-1.112530 -0.267224
-0.668211 0.048060
-1.333884 -0.583244
0.508142 -0.022500
0.644957 -0.014834
0.543261 -0.099090
0.547833 -0.011993
1.190618 0.020490
-0.525444 0.006750
0.550012 -0.017884
0.997817 -0.229119
-1.325925 0.209907
0.551432 -0.018306
-0.608231 0.077972
-1.302290 0.354954
-0.645705 -0.030391
0.669103 -0.018377
0.676325 0.002712
0.337541 0.091791
-0.640354 -0.044976
0.283446 0.149238
-0.358516 -0.082801
0.628975 0.040872
-0.654430 -0.038211
0.318608 0.213814
-0.668597 0.021929
-0.315140 -0.260663
-0.673652 0.039746
0.641149 0.001284
0.281882 0.246869
0.350035 0.291555
0.635480 -0.026081
0.434285 0.310532
0.703126 -0.045191
0.504928 0.334516
0.678502 -0.079261
-0.409166 -0.440274
-0.632599 -0.001875
0.626821 -0.101447
-0.582927 0.090578
0.575555 -0.158088
-0.597246 0.073476
-0.600366 0.091343
0.718804 0.588610
0.580504 -0.055129
-0.603177 0.108865
1.011797 0.419542
0.951275 0.362348
-1.115608 -0.273862
0.653193 -0.015351
-0.713015 -0.027708
-1.046761 -0.186520
-0.618477 0.012888
-0.551075 0.020489
-1.249483 -0.151208
0.512714 -0.072686
0.614884 -0.028677
-1.209896 0.078719
-1.004040 0.197408
0.703092 -0.023829
1.086571 -0.280204
-0.955072 0.369119
-0.564430 -0.050166
-0.577442 -0.072719
0.571424 -0.032711
-0.992802 0.295939
0.305642 0.128259
-0.274448 -0.146809
-0.660712 -0.088811
-0.711941 -0.040249
-0.243184 -0.147960
-0.325904 -0.219412
-0.317909 -0.272469
0.307073 0.221354
-0.281507 -0.294038
-0.667680 -0.024355
0.358117 0.223240
-0.643197 -0.022657
0.356299 0.298577
0.333159 0.339670
0.388208 0.285945
-0.638726 -0.012648
-0.492699 -0.390868
-0.641082 0.078949
0.637199 -0.041668
-0.667235 -0.022645
0.572605 0.423174
-0.639302 0.062114
-0.608001 0.088691
0.634747 -0.119350
