1.074387 -0.117442
-1.073010 0.297227
0.831216 -0.422004
-1.068122 0.020726
-0.838761 0.288359
1.151654 -0.533101
0.919235 0.037049
0.937824 -0.195403
-1.134561 0.267435
-1.442680 0.252641
-0.774512 0.467620
0.916911 -0.469229
1.072013 0.466682
-0.690761 0.083511
0.707349 -0.148674
1.175105 0.034907
-0.761558 -0.155271
1.185596 0.321528
-1.050621 -0.256146
-1.200612 -0.013091
0.926019 0.027091
1.174116 0.215412
1.103282 0.221601
0.636262 0.248383
0.824565 -0.460310
-1.502809 0.347483
0.756231 -0.961644
-1.364063 0.258831
1.119644 -0.088232
1.638633 0.441419
1.409131 0.153790
1.099744 -0.537994
-1.024204 0.201176
-0.884049 0.360726
1.461415 -0.044146
-2.600935 0.269884
1.025978 0.161176
-0.966403 0.194020
-1.351727 0.180472
-1.041412 0.040867
-2.018975 -0.392186
0.903569 -0.158644
-1.435769 0.589208
-1.273047 0.276594
-1.670146 0.205725
1.515811 -0.588389
1.174403 -0.279271
1.067979 -0.444197
-1.001992 -0.054188
-1.350304 0.834978
0.812323 -0.463042
-0.993861 -0.126704
0.881532 -0.101875
0.859341 -0.714291
1.058408 -0.165255
-0.750031 0.440353
1.230217 -0.562953
-1.435878 0.369307
-1.110345 0.194358
-1.110773 0.207306
-1.047767 -0.049334
0.818916 0.023731
0.735399 -0.267727
-0.617739 0.428650
0.794939 -0.085433
1.084382 -0.157809
0.930433 -0.442153
1.215454 -0.175644
0.739377 0.197529
-1.375210 0.082256
-0.818686 -0.014108
-0.756094 -0.177459
1.200557 -0.199462
-2.047143 -1.012872
-2.201507 -0.849294
1.004000 0.106675
1.165145 0.445938
-1.260385 0.044567
-1.177530 -0.795813
1.511403 0.366354
1.196828 0.023725
1.120949 -0.085244
1.265719 -0.235524
1.686490 -0.028118
1.232685 0.646293
-1.110072 -0.475749
1.006865 0.054314
1.246314 0.217481
-1.012292 -0.195108
1.308614 -0.127803
1.232820 0.042930
-1.787491 0.453171
1.571224 0.073761
1.117202 0.124847
-1.311659 0.348492
1.050482 -0.198446
1.167282 -0.076741
-0.819796 0.304112
-0.745938 0.292342
1.431176 -0.663707
0.687189 -0.474397
0.968201 -0.514001
-1.037614 0.141297
-0.680390 0.540848
0.968957 -0.427798
-1.341416 0.476611
0.556577 -0.783695
1.013312 -0.205356
-1.503345 -0.204829
1.092326 -0.093726
1.238949 -0.390196
-0.964528 0.459429
-1.067009 0.216025
-0.845447 0.137306
0.971025 -0.183220
-0.797657 0.134409
-0.681289 0.044206
1.118180 -0.391342
0.834101 -0.100488
-0.860608 0.139072
-0.968713 0.502743
-1.822592 -0.813131
-2.532005 -0.717679
1.451337 0.045131
0.844940 -0.305452
1.680147 0.497608
-1.651239 -0.671686
-1.620425 -0.229821
1.067194 -0.104249
1.470207 -0.110918
-1.218195 0.291777
2.547794 -0.338295
-1.066264 0.057157
-1.079551 0.209892
-1.176681 -0.014145
-1.243593 0.137412
-1.370246 -0.062090
1.254457 -0.446489
1.015015 -0.225947
1.429306 -0.326945
1.014837 -0.209494
-1.507140 0.823469
-1.382590 1.034223
0.884237 -0.268419
-1.571571 -0.037880
1.075955 -0.319904
-1.016340 0.115761
-0.843645 0.002699
0.997554 -0.070267
1.115043 -0.605764
-1.100464 -0.008880
-0.861761 0.017248
0.808147 -0.491150
0.992457 -0.534710
-0.964560 0.065107
-0.977981 0.033125
1.054300 0.026733
1.037552 -0.163456
1.073393 -0.280286
0.790744 -0.295109
1.081214 -0.313096
-1.175971 0.207493
-0.782458 0.431112
-0.943355 0.400695
-0.985713 0.176080
-1.255587 0.313879
-0.858888 0.392174
0.790505 -0.093218
0.761979 0.029092
1.687162 1.480705
1.439092 0.048589
1.238277 0.423314
-0.780983 -0.752991
1.080816 0.285418
1.206136 0.841292
0.975902 0.279853
1.278078 0.246058
1.268992 0.360252
1.438890 0.536139
-2.542272 -0.452074
1.007344 0.269174
-0.994446 -0.266685
1.113701 -0.044796
-1.110478 -0.064003
1.723004 0.508761
1.199904 -0.073219
-1.116719 0.442909
-1.730699 0.225674
-1.495728 -0.255399
-1.547504 0.417087
1.423843 -0.443555
-0.794262 0.116013
1.114166 -0.019736
1.228337 -0.196322
-0.745465 0.393661
-1.576310 0.402671
0.836462 -0.361667
-1.078273 0.091347
-1.116970 0.012649
-0.962650 0.105835
-1.082573 0.313876
-1.404372 0.615791
-0.579489 0.528045
1.012509 0.047726
-0.891765 -0.334123
1.019973 -0.010562
1.109308 -0.148647
-0.906355 0.159867
-1.169144 -0.018966
-1.094456 0.122770
0.978630 -0.223761
0.969395 -0.249719
0.891642 0.052289
1.237541 -0.113614
-0.899578 0.137345
-0.731037 -0.082664
0.921037 -0.277468
-1.744469 -0.648497
2.624094 1.081703
1.096470 -0.044683
-1.221834 -0.499438
1.070459 0.107011
-1.427990 -0.734795
1.455292 0.286499
1.116739 -0.112797
-0.895394 0.186874
1.589081 0.297961
1.574698 -0.103413
1.216787 0.450850
1.243925 0.416079
1.426080 0.324944
-1.453409 -0.002118
-1.162740 -0.095137
0.982783 -0.015778
0.979567 -0.205802
-1.850029 0.004130
-1.172698 0.015197
1.102804 0.105234
-0.980812 0.140552
-1.385766 0.889048
0.984769 -0.027351
-1.228902 0.133151
0.997822 -0.363467
-0.943841 -0.218897
0.912358 -0.605177
-1.012776 -0.064982
1.104331 -0.124677
-0.825228 0.690581
-1.251109 0.947907
-0.960592 0.798900
0.657703 -0.448064
-1.017262 -0.143856
-1.209280 -0.140104
0.983930 -0.124413
1.020872 0.021308
-0.933585 0.202345
-1.031414 -0.114303
1.018575 0.019745
1.081884 -0.312382
-1.025737 0.313921
0.799399 -0.104563
1.192434 -0.160573
0.860960 -0.192736
-0.616405 0.003374
-1.126010 0.279567
2.160579 0.665794
1.482512 -0.325607
-1.316498 -0.354284
1.110937 0.492526
1.549460 0.545235
1.315866 0.358019
-1.124821 0.167665
-0.831090 0.043786
-1.067002 0.340964
1.260082 -0.063838
-1.415767 0.144951
1.417015 0.312895
-1.239884 -0.207662
1.232820 -0.162853
-1.090748 -0.098624
1.731138 0.219565
0.910626 0.059638
-1.111508 0.093471
-1.745127 -0.086791
-0.944412 0.284866
1.084994 -0.069958
0.927498 -0.359235
1.496955 -0.698374
1.167595 0.034616
1.335067 -0.303687
-0.993380 0.612353
1.122439 0.176260
0.985574 -0.520461
-0.968721 0.100598
1.072356 -0.121095
1.198495 -0.345892
-1.105404 0.561151
1.349002 -0.237832
0.882564 -0.216092
-0.980444 0.009750
-1.140847 -0.194649
-0.652614 0.219461
0.883743 0.075839
-0.915631 0.012382
-0.776881 -0.245679
-1.026636 0.081623
-0.833920 -0.121470
-1.091290 0.307378
-0.819615 -0.244799
-1.095155 0.090460
0.728374 0.044689
0.897319 0.262014
-0.901456 0.448084
-2.107942 -0.487254
-2.506214 -0.901380
1.088700 -0.333100
0.967729 -0.044117
-1.066040 0.044727
-1.471720 -0.797486
-0.927629 -0.019236
-1.021115 0.037172
1.295046 0.073864
1.011178 -0.378883
-2.598233 0.157014
-1.093161 -0.055142
-1.243598 -0.254489
2.051035 0.049595
-1.639893 -0.202216
-1.500020 -0.088968
1.357189 -0.425450
1.123159 -0.074895
-1.696510 0.092018
-1.146948 0.222104
-1.808260 0.455212
-1.545325 0.669711
1.275622 -0.861531
-1.285917 0.440469
-1.333485 1.219495
-0.939045 0.415274
-1.216989 0.697187
-0.831057 0.165009
0.964474 -0.563745
0.982442 0.102851
-0.799088 0.552875
1.033583 -0.239490
-1.388743 0.560937
0.477759 -0.429334
-1.107503 0.095696
0.942931 -0.102675
-0.780247 0.314693
-0.693310 -0.037425
-0.913575 0.317233
-1.112337 -0.140849
1.006375 -0.380399
-1.012236 0.043866
-1.188677 0.260257
0.857794 -0.009637
-0.913208 0.030642
0.804031 -0.049809
-1.020705 -0.320085
-1.676218 0.377725
-1.987689 -0.314362
-1.087016 0.645007
0.912141 -0.387747
1.252085 0.217206
-0.974556 0.298738
1.268867 0.029674
0.967717 -0.302922
-1.052194 0.217110
1.530568 -0.129175
1.621195 0.079736
2.278416 -0.310293
-0.864421 -0.110427
0.872520 -0.328579
1.613106 -0.111881
1.196426 -0.268000
2.021511 0.183042
-1.375514 0.530874
-1.549176 0.625832
-1.992357 0.354986
-1.598425 0.326599
-1.481472 0.763738
-0.799142 0.285911
-0.571551 0.480694
1.338523 -0.176227
-1.274793 0.878779
-0.942111 0.542378
-1.287839 0.323971
0.816687 -0.126584
-0.980801 0.132079
1.108476 -0.255193
1.053195 0.040499
-1.285034 0.701507
1.391764 -0.541827
0.864106 -0.175109
0.927969 -0.522365
1.004205 0.031837
-0.970950 0.066603
-0.970635 0.214781
0.918126 -0.246784
-0.925317 0.037143
-1.157979 0.208774
-1.015742 0.018579
-1.114036 0.302419
-0.833521 0.015377
1.187163 -0.071903
0.816447 0.137340
0.847494 0.192192
0.824810 -0.244374
1.586881 0.178274
-1.560553 0.249904
1.425909 0.191113
1.223904 0.585871
1.143084 0.207456
-1.386708 -0.556949
-1.103719 -0.050361
1.095322 -0.096090
0.738879 -0.150713
-1.407430 -0.565335
2.226901 0.403259
1.113227 0.473111
-1.058178 -0.078606
-2.238112 0.126240
-1.726539 -0.164597
-2.007307 -0.719182
-1.059153 0.135183
-1.160471 0.182967
-1.598927 0.122183
1.431025 0.039031
-1.550581 0.751904
-1.478415 0.762043
-0.815990 0.102497
1.382883 -0.233351
1.374500 -0.714666
-1.141977 0.313051
0.964074 0.222746
-1.043323 -0.141183
-0.965769 -0.090414
1.063867 0.135990
-1.293421 -0.062911
1.276374 -0.329999
1.140701 -0.179419
-0.735629 0.570181
0.979075 -0.046344
0.978548 -0.010187
0.772501 -0.053300
-0.838356 0.172025
-0.819955 0.338333
-0.774333 0.074890
0.895110 -0.299196
-0.836541 0.207812
-1.010333 0.224774
0.776886 0.150258
-0.906953 0.015831
-1.225836 0.045010
-0.678049 -0.389970
0.819253 0.058124
1.517098 0.078713
1.545668 -0.274335
1.040158 -0.016522
1.036550 0.091168
-1.808440 -0.769956
1.405033 0.708310
-0.901204 -0.153438
-0.994153 -0.262100
-0.939475 0.133959
-1.149735 -0.116839
-2.644906 -0.346849
1.139625 0.338736
1.148618 0.417558
-1.419096 0.107486
1.468089 0.432314
1.110377 0.069506
-1.283753 0.096113
1.764792 -0.306695
-1.340826 0.143190
-1.459348 -0.036234
1.545375 -0.597018
1.374644 -0.572366
1.531094 -0.779294
0.986498 -0.115039
1.106798 -0.304519
-0.975811 0.308709
-1.447416 0.432615
0.770135 -0.370621
-1.229142 0.489940
1.003919 -0.156092
1.200169 -0.038471
-1.140094 0.644035
-1.481263 -0.091518
0.762351 -0.290696
1.106937 0.081897
-0.943601 -0.116651
-0.862015 0.199595
0.767180 0.009579
-0.745255 0.345277
-1.032664 -0.203945
-0.788641 0.442357
-1.096632 0.138723
0.934759 -0.141129
1.004647 -0.003202
1.190470 -0.155971
-1.105989 0.202100
0.937442 0.263882
-1.859015 -0.595481
-1.415755 -1.054153
1.572632 0.205552
-1.130996 -0.122678
-1.171011 -0.701215
-1.474818 -0.817812
-1.054876 -0.269169
-1.317920 -0.739431
-1.222311 -0.782982
1.109388 0.145704
-1.363213 -0.797966
1.490170 -0.147401
1.238207 0.506001
-1.092751 -0.601345
-1.420043 -0.106435
1.113863 0.127634
-1.731572 -0.787398
0.866628 0.015860
-1.819961 0.242552
1.885280 0.155730
-0.889367 -0.241328
1.683999 -0.445155
1.183216 -0.195535
-1.017418 0.324341
1.516904 -0.100143
1.333172 -0.072299
-0.884754 -0.127174
1.462325 -0.310093
0.899845 0.134064
0.984136 0.116308
0.992374 0.106729
1.081608 0.124881
-1.167213 0.036570
-1.462782 0.454797
0.983018 0.094320
1.118942 0.269560
0.884455 0.376384
-0.927953 -0.079037
-1.040623 -0.166514
-0.937923 -0.230147
-0.996486 -0.090319
0.925187 -0.006812
0.961137 0.111563
1.216991 0.090308
-0.967523 -0.344965
1.179866 0.123682
-1.091631 -0.137688
0.905612 0.414371
0.611811 -0.549748
1.697142 0.244806
-1.640084 0.391393
-1.327772 -0.133149
-1.198862 -0.379258
-1.936267 -0.251019
1.283703 0.017472
-0.992674 0.336221
-1.080601 -0.010273
1.039556 -0.391584
-1.537842 -0.167744
-2.600377 0.076455
1.284277 0.451765
-1.400653 -0.432158
-1.875268 0.232333
1.715859 0.431360
-1.864022 -0.176724
0.958303 -0.117501
0.868257 -0.300130
-1.686876 0.330472
1.330026 -0.112908
0.989476 0.102236
1.523685 -0.444106
1.307947 -0.423170
1.449366 -0.466089
-1.269344 0.270307
-0.885568 0.298776
1.602556 -0.310472
0.863179 0.075708
0.896457 -0.270011
-0.937661 -0.047477
-0.817680 0.405119
0.934798 -0.422246
-1.635990 0.652223
-0.825644 0.484446
-0.812969 0.272763
-0.988478 -0.047393
0.972605 -0.318469
-0.728085 0.027584
1.347712 0.056395
0.798280 0.282758
-1.122871 -0.106451
1.005790 0.279931
-1.182886 -0.006762
-0.811753 -0.139595
-0.933791 -0.079152
0.975994 0.115858
-1.020329 -0.496878
-2.069383 0.267949
1.847507 0.048569
-2.896500 -0.403680
1.627528 -0.222376
-1.059334 -0.027368
-1.004752 0.348164
-1.593769 -0.249523
1.001585 -0.361498
-1.077325 0.429781
0.958409 -0.440446
1.433932 0.088381
2.266712 -0.583711
-1.066675 0.151390
1.224154 -0.261345
1.392081 -0.216502
1.026721 -0.069442
-1.903032 -0.273284
-1.034203 0.341492
0.880940 -0.665127
1.460169 -0.384574
1.121725 -0.255952
1.620764 -0.747340
1.391555 -0.882145
1.155567 -0.849681
-1.814485 0.557021
-1.302682 1.024030
0.843710 -0.146849
1.058281 0.131143
1.050296 -0.174682
0.949843 -0.093617
-1.062028 0.141574
-0.810877 0.514285
1.224270 -0.367440
-0.926638 0.531904
1.029632 -0.171313
0.891495 -0.400337
0.887021 -0.018159
0.860828 -0.471986
-0.912914 0.106177
-1.100896 0.057607
0.890525 -0.164009
1.092912 -0.131159
-1.039768 -0.083462
0.939464 -0.141165
1.002245 -0.045612
-1.149924 0.361291
0.781202 0.073351
-0.776707 -0.031010
2.078272 -0.007222
-1.619702 0.207386
1.415465 -0.381041
0.926466 0.007259
1.043506 -0.158636
1.797856 0.431006
-1.608780 -0.444486
-0.791018 0.304225
-1.759846 -0.232910
0.782235 -0.229660
-0.982669 0.167245
-1.595605 0.397370
-1.148052 -0.452267
1.352126 -0.007081
-1.323978 -0.028870
-1.606129 -0.107101
1.194949 -0.168537
1.317485 -0.457799
-1.549108 0.600708
-1.363393 -0.044649
1.127354 -0.153580
0.782520 -0.021489
-1.652425 0.967753
1.160638 -0.080011
1.077088 -0.123677
-1.097457 0.221966
1.006210 -0.580997
1.007365 -0.029301
-0.827553 0.394261
-1.030290 0.562118
1.003592 -0.076120
1.037470 -0.054596
1.089203 -0.414963
-1.356952 0.264820
0.854867 -0.487025
0.750192 -0.415276
0.844605 0.079519
0.905411 -0.037889
-0.733590 0.163954
-0.678522 0.245852
0.928236 0.045552
1.020283 -0.068998
-1.092834 0.153005
1.141902 -0.062486
-1.058649 -0.049525
-0.987948 0.104883
-0.919018 -0.101379
0.709408 0.121762
2.040936 -0.523629
1.349530 -0.107716
1.272327 -0.761127
1.541791 0.036836
-1.135212 -0.016306
0.890474 -0.110854
1.397767 0.529788
1.018418 -0.253486
1.235491 -0.133260
0.920204 -0.272450
1.544976 0.181750
-2.629787 0.238455
1.293776 0.081768
1.251904 0.253161
-1.210575 -0.389084
-0.996681 0.054170
1.537171 0.223814
-0.944499 0.068762
1.409882 -0.485610
1.556537 -0.226179
1.602868 -0.102796
-1.195306 -0.084602
1.834751 -0.567028
-1.301066 0.734799
