1.517880 -0.248668
1.163834 -0.059374
1.498991 -0.069382
1.138030 -0.260400
1.182485 -0.224647
-1.199840 0.173327
1.309768 -0.100106
-1.018850 -0.095377
0.965049 -0.021197
-1.079137 0.514207
0.952637 -0.356070
0.781083 -0.673809
-0.984278 0.069897
0.796904 -0.500227
1.180021 -0.104797
0.827437 -0.717938
-0.763631 0.651250
-1.101872 0.137186
-0.860356 0.335848
-0.985328 0.278539
1.060348 -0.239959
1.091491 -0.157420
0.931339 -0.229797
-0.866291 0.266920
0.958167 0.822864
-1.259017 -0.088865
-0.865677 -0.809215
-1.548974 -0.133711
1.378613 0.041251
-1.417416 -0.122770
-1.573119 -0.771943
-1.121631 0.002181
1.490602 0.978254
-1.151018 -0.542210
-1.071227 -0.056820
1.824497 0.570772
1.463647 0.001720
1.339598 0.055174
-2.029435 -0.547549
-1.592955 -0.167708
-1.223491 0.005621
-1.134342 -0.008294
1.943774 0.036905
-1.192584 0.117426
-2.050300 0.286448
1.209874 0.233192
-2.572257 0.491175
1.822806 -0.460938
2.173733 -1.065295
1.473035 -0.429316
1.267676 -0.135633
1.206474 -0.157002
-1.230366 0.347658
-1.115963 0.182640
-1.384449 0.717585
-1.061790 0.100126
-1.092477 0.120241
-1.177994 0.462238
-0.941665 0.363606
0.845633 -0.715433
-0.980865 0.004224
-1.015681 0.513799
-0.977044 0.346584
-1.105608 0.025484
0.921249 -0.469785
-0.941368 0.330899
-0.907552 0.409269
0.960026 -0.313374
-1.163345 -0.026710
-0.920268 0.141417
0.862834 -0.310527
-1.146430 0.022265
-1.026017 -0.669277
-1.381980 -0.075049
1.217091 0.043063
1.368123 -0.024948
1.494384 0.622043
1.469198 0.397401
-1.808374 -0.571513
-1.338939 -0.428559
1.534252 0.924940
1.229014 -0.026788
1.280808 -0.037474
1.602002 0.623445
1.348840 -0.083597
-1.273776 0.071431
2.173734 0.338498
1.670641 -0.056773
2.024477 0.153816
-1.895799 -0.495285
-1.393307 0.245358
-1.225946 -0.015243
1.945552 -0.182525
-1.831068 0.017091
2.433540 -0.542313
1.846246 -0.337278
-1.232768 0.305009
1.524708 -0.390294
-1.163932 0.144523
-1.028869 0.066800
-1.256620 0.508734
1.167609 -0.094954
-1.046252 0.236403
-1.026281 0.027321
-1.028975 0.054431
-1.104439 0.618340
-1.143450 0.051625
1.117671 -0.275220
-0.922649 0.174142
0.930006 -0.737312
-1.160766 0.062797
-0.889417 0.543071
-0.923329 0.487843
-0.839396 0.237560
-1.072321 0.363285
-0.650566 0.457669
0.788711 -0.254711
0.661354 -0.389335
1.074193 -0.286173
-0.994882 0.181567
-1.181608 -0.368249
1.229128 0.610928
0.961054 0.732706
1.436406 0.158670
-1.418110 -0.745730
1.390471 0.511706
-1.379338 0.024628
1.213276 0.000456
1.292171 0.099573
1.280058 0.002647
1.114156 -0.080139
1.091810 -0.131827
-1.402653 0.027503
2.143911 0.998077
2.035833 0.603897
1.031572 -0.078093
-1.295919 -0.041993
-1.011072 -0.012672
-1.999270 -0.085960
1.166231 -0.120481
-1.210686 0.171285
-1.070508 -0.102125
1.265186 -0.216550
1.123665 -0.188157
2.258967 -1.356652
-1.567144 0.502000
-1.184165 -0.021441
1.171734 -0.020838
1.149288 -0.085638
1.464793 -0.561955
1.303501 -0.010433
1.036672 0.148029
1.037115 -0.100269
1.263854 -0.037455
-1.142463 -0.085338
-1.254812 0.122201
0.825507 -0.395549
-0.885011 0.507279
-0.843036 0.349389
-1.074320 0.054182
-1.065118 0.308729
1.017904 0.050024
0.823143 -0.465146
-0.737951 0.325091
-0.857957 0.090206
-0.677901 0.391700
-1.129844 -0.005890
0.969075 0.036664
-1.273555 -0.154531
1.261711 0.846006
1.053411 -0.050717
1.328054 0.037744
-1.715163 -0.007670
1.475852 0.508406
1.605271 -0.015966
-1.394528 -0.455642
-1.360007 -0.115188
-1.277656 -0.518378
0.932152 -0.093690
-1.612503 -0.587478
-1.243953 -0.041945
-1.264392 -0.152823
-1.731043 -0.552036
1.500576 0.157374
-1.389679 0.040356
1.909992 0.367345
-1.261145 0.227781
1.032001 -0.213413
-1.275076 -0.103787
-1.835301 -0.070800
-1.551679 0.051104
-1.321681 0.056789
2.187101 -1.312518
1.219822 0.006467
-1.336053 -0.062458
-1.072865 0.239895
-1.290643 0.572501
1.534656 -0.801522
-1.080354 0.221897
-1.061035 0.039929
-0.958674 -0.155632
-1.197552 0.595584
-0.891744 0.224826
0.879910 -0.689188
0.996213 0.037849
-0.828996 0.397300
1.173937 -0.016928
1.236294 -0.091774
1.220577 -0.080000
-0.920113 0.153049
1.065345 -0.218624
0.965798 -0.284933
1.066116 0.034269
-1.033330 -0.050945
0.894822 -0.152920
-0.970113 0.016261
1.014730 0.794000
1.311223 0.726127
1.189276 0.140883
-1.266891 -0.025359
-1.164869 -0.032633
1.258896 0.109635
-1.393480 -0.137566
-1.148598 -0.005467
1.657810 0.973493
1.133393 -0.012567
1.139302 -0.017773
1.626090 0.550462
1.301835 0.049475
1.258419 0.103833
1.891719 0.560791
1.609939 0.145296
2.221807 0.078957
-1.277435 0.116848
-2.155639 0.034181
1.238150 -0.147068
-2.015409 -0.025820
1.830755 -0.300368
-2.800654 0.572043
-1.333881 0.035084
-1.999723 1.320526
-1.557742 0.504154
1.592812 -0.660274
-1.127250 0.032999
-1.112433 0.117216
1.687126 -0.539029
-1.127564 0.111787
-0.916047 0.118326
0.978031 -0.324607
-1.108935 0.107628
1.036497 -0.314430
-1.064504 0.668115
-1.005381 -0.039643
-1.197070 0.152877
-0.998666 0.478640
-1.024145 0.127824
-0.903736 0.713032
1.022488 0.016104
-1.060689 0.237216
1.151123 -0.204353
1.249347 0.031665
0.703806 -0.222036
-0.977633 0.238396
-0.881972 0.171824
-0.984612 -0.983445
-1.313603 -0.305862
-0.915605 -0.785157
1.323598 0.896685
1.476040 0.840621
-1.403150 -0.021967
-1.525016 -0.194231
1.482899 0.596269
1.594161 1.051998
-1.313725 -0.124537
-1.415736 -0.688760
-1.323899 0.072972
-1.647859 -0.860570
-2.279331 -0.853901
1.921390 0.771163
1.117917 -0.108703
-2.153840 -0.380678
1.065148 0.015427
-2.067902 -0.097549
1.899010 -0.448799
1.217894 -0.225728
-1.026924 -0.243389
-2.457324 0.480881
1.753422 -0.347731
-1.796739 1.386138
-1.104188 0.059144
-1.442934 0.006326
-1.345461 0.543995
1.191867 -0.427917
1.282643 -0.083221
1.391360 -0.118169
0.975417 -0.367981
-0.876871 0.493147
1.210676 -0.174620
1.051122 -0.004545
-1.149830 0.217300
-0.790876 0.408504
1.022806 -0.286624
1.263053 -0.052246
0.892707 -0.504522
-1.049213 0.316021
-0.826403 0.355107
1.163519 -0.304524
0.957184 -0.359649
-1.087133 0.082509
-0.723968 0.298092
1.095951 -0.138023
1.099766 -0.109673
0.931650 0.916798
-1.185881 -0.817560
1.269390 0.342059
-1.326185 -1.062157
1.497365 0.210013
-1.192904 -0.178761
-1.485778 -0.701055
1.197886 0.086387
1.535664 1.085635
1.498011 0.652999
-1.275149 -0.080701
1.358475 0.034475
1.618186 0.915812
1.507763 0.135332
1.265677 0.230047
-1.242873 -0.054421
-1.254350 -0.051636
1.240740 0.111219
1.194658 0.120351
1.939566 -0.502542
-1.237788 -0.083181
-1.146941 -0.198621
2.395059 -0.406763
-1.959546 0.190844
1.157794 -0.130823
-1.194887 -0.225128
-1.229913 -0.095500
-1.362281 0.625389
-1.271813 0.488017
-1.385341 0.698684
-1.392699 0.673873
-0.938590 0.309215
-0.961199 0.298061
-1.146529 0.579803
0.930985 -0.220952
-1.089735 0.216343
0.663574 -0.275532
0.954941 -0.411421
-1.204176 0.017588
-0.887059 0.477227
-1.019119 0.506796
0.920758 -0.292605
-1.026579 0.153673
1.145254 -0.176203
-0.841754 0.102828
0.646936 -0.226375
-0.943032 0.145512
-1.035757 -0.010867
-1.083822 -0.809192
-1.228023 -0.040361
1.078323 0.628446
-1.103027 -0.161753
-1.424825 -0.053972
1.310779 -0.037695
1.638280 0.049997
-1.114161 0.050052
-1.887631 -0.998385
-1.391447 -0.555725
1.145845 -0.019072
1.983429 0.433440
-1.737196 -0.870102
1.293718 0.005425
1.068437 0.173188
1.167731 -0.113539
-2.133123 -0.298193
-1.923915 -0.303400
-2.263439 -0.117722
1.966248 -0.535336
-1.408732 0.005655
1.147335 -0.064923
-2.672216 0.197635
1.184241 0.006084
1.645381 -0.125234
-1.584370 0.375744
-1.279385 0.097187
1.055414 -0.039681
1.324161 -0.440001
1.357916 -0.005879
1.343191 -0.762677
0.938476 -0.447303
-0.936689 0.004681
-1.319611 0.040417
1.030562 -0.463143
-1.205230 0.377573
0.870963 -0.226613
0.962706 -0.499363
1.141932 -0.164815
-1.089630 0.029825
-1.222197 0.262025
-0.996165 -0.048281
0.999550 -0.315203
0.955480 -0.365763
-0.828739 0.319950
-0.967696 0.089144
1.242145 -0.103009
-0.621641 0.196508
0.825631 0.786332
1.379088 0.298737
0.988655 0.883338
1.390720 0.205212
1.331416 0.957128
1.525249 0.739569
1.668859 0.886509
-1.224135 -0.630714
1.214416 0.204543
1.423950 0.052158
1.297038 0.643486
-1.831022 -0.754981
1.635957 1.033955
2.097078 0.910707
1.423877 0.231332
1.643254 0.331241
-1.975090 -0.496676
-1.278070 0.150782
1.333925 0.028221
1.150043 -0.019404
1.179095 0.092237
-1.147738 -0.301237
2.404127 -0.381137
-1.213799 0.025135
1.487249 -0.245279
1.183223 -0.122268
-1.260680 0.004513
-1.389347 0.655198
0.993840 -0.130988
1.353371 -0.912237
1.271011 -0.112407
0.974109 0.021798
0.956824 -0.005502
1.078466 -0.491220
-0.991480 0.458610
0.883938 -0.672267
0.846934 -0.498916
-0.932381 0.560704
-0.983443 0.374884
-1.080394 0.180440
1.012028 -0.338540
1.086454 -0.080477
-1.114789 0.325334
0.779364 -0.474092
-1.047142 0.301225
-0.806631 0.361610
-0.689316 0.388737
-0.668074 0.371886
-0.758172 -0.807651
-1.052722 -0.253550
1.263077 0.313337
-1.229325 -1.060926
-1.397224 -0.980877
1.431290 0.603938
-1.374052 -0.389243
-1.386801 -0.770724
1.420989 1.111506
1.367343 0.631697
1.149700 0.152943
1.607207 0.974508
-1.677176 -1.004969
-1.149803 -0.331531
1.309101 0.172244
-1.635593 -0.334229
1.274437 -0.196865
-2.032321 -0.550421
0.968598 0.089957
-2.044783 0.416126
1.166435 -0.075218
-1.201568 -0.071682
1.437969 -0.287438
-1.362781 -0.018026
-1.869437 0.973887
1.052385 -0.197922
1.224067 -0.127304
-1.041324 0.018322
1.265146 -0.109133
-1.268481 0.087293
1.170547 -0.007801
1.009397 -0.025449
-1.054999 0.120317
1.119520 -0.658498
-1.070036 -0.026327
1.190847 -0.121294
-0.901986 0.285496
1.190933 -0.048853
1.160359 -0.065212
1.227903 -0.119761
1.053961 -0.282268
-0.926353 0.229014
-0.880048 0.374987
-0.707364 0.333862
-0.830267 0.231480
-1.123363 0.084349
-1.109536 0.087536
1.220719 0.017359
1.405711 0.228990
1.403977 0.762208
1.215594 0.879469
-1.580660 -0.104560
1.619248 0.853977
1.438299 0.011762
-1.678146 -0.612799
1.387520 0.502436
-1.357602 -0.038036
1.511937 0.553978
-1.375120 -0.493009
1.522224 -0.201184
1.755745 0.790686
-2.419996 -0.717164
1.837715 0.785012
1.304548 -0.235343
1.318575 -0.165001
-2.139142 -0.266826
-1.192449 0.224884
1.204741 -0.272774
-2.079779 0.187834
1.129362 0.017534
1.249363 -0.120836
1.898144 -0.058823
-1.418135 0.176276
-1.131780 -0.053617
-1.582443 0.584887
1.095586 -0.195248
1.224557 -0.642475
1.152112 -0.132108
1.274826 -0.924560
-1.047384 0.455015
0.924049 -0.134981
1.167377 -0.245579
0.975097 -0.074302
1.032959 -0.326992
0.928619 -0.065883
-1.059587 0.636643
1.149540 -0.188003
-0.825829 0.692640
0.778200 -0.563618
0.922124 -0.303146
-1.016597 0.468020
-0.875167 0.391510
0.976490 -0.126388
1.016791 -0.178950
-0.615559 0.277859
-1.028644 0.212299
-1.387986 -0.407192
-1.240201 -0.043738
-1.331679 -0.176504
1.470583 0.923973
1.567088 0.865534
1.179339 0.031785
1.640090 0.702217
1.522715 0.420500
1.601879 1.000845
-1.416399 -0.462633
-1.249709 0.061381
1.284260 -0.019450
1.286661 0.015493
2.239475 0.856960
-1.839356 -0.661415
1.734647 -0.042479
-1.197466 0.129337
-2.028615 -0.247242
1.154179 0.256993
1.160786 -0.148603
1.233499 0.057946
1.135976 0.055619
1.317569 -0.268804
1.709224 -0.220471
2.248309 -1.274660
-1.465634 0.257247
1.446842 -0.620721
1.029619 -0.183210
1.349693 -0.482835
-1.149080 0.106895
1.325059 -0.129055
-1.096337 0.491148
1.124548 0.035653
-1.166091 0.119698
1.139141 0.076046
-0.889428 0.649559
1.018109 -0.103077
-0.956159 0.527417
-0.839714 0.381705
-0.776571 0.613762
0.892185 -0.576734
-1.057094 0.056683
1.040327 -0.331803
0.629784 -0.275308
1.102227 -0.321227
0.745775 -0.418537
-0.945876 0.159017
0.959063 -0.200727
0.904345 0.876366
-1.058679 -0.707111
-1.333371 -0.413674
1.206360 -0.012880
-1.675454 -0.086169
-1.403639 -0.581422
1.129865 0.063940
1.357306 0.627100
-1.556290 -0.119901
1.256773 0.154915
-1.393845 -0.614346
1.335799 -0.081598
1.716487 0.876720
-1.203018 -0.133701
1.838544 0.722827
1.117591 -0.150186
-1.243332 -0.018454
-2.250555 -0.346326
2.045293 0.095370
-2.098598 0.538417
1.977572 0.048884
-1.806215 -0.305834
1.308679 -0.137801
1.048562 0.091698
2.066048 -1.246239
1.663938 -0.505113
1.737812 -0.498823
1.339869 -0.567661
1.205686 -0.160374
1.093310 -0.153651
-1.262419 0.162943
1.084790 0.076666
-0.936503 0.079904
1.289259 -0.536956
1.015448 -0.256282
-1.052939 0.328451
-0.932818 0.304542
0.770957 -0.505150
0.897501 -0.213914
-0.934158 0.496860
-0.769384 0.497191
-1.114690 -0.149615
0.951098 -0.410239
1.184525 -0.152714
-1.140801 0.154894
1.039332 0.043981
0.818498 -0.105017
0.889511 -0.167594
-1.004750 -0.579709
-1.230195 -0.579960
-1.373585 -0.084684
-1.430898 0.169782
-1.498909 0.093863
-1.498618 -0.223572
-1.643890 -0.485704
1.298197 -0.338626
1.188677 -0.111061
-1.094238 0.051718
-1.815419 -0.204925
-1.436489 0.225563
-1.314817 0.093445
1.403422 -0.168143
1.215173 -0.040373
-1.713897 -0.133177
-2.229520 -0.260699
1.305854 -0.099464
1.979271 0.267127
-1.020885 0.469697
1.918877 -0.252101
-1.919752 0.010497
1.170052 -0.186569
-1.439376 -0.254829
2.216679 -1.259699
-1.526904 0.562736
1.301097 -0.128126
1.364002 -0.613733
-1.313428 0.477855
1.353040 -0.188420
-1.319335 0.159352
1.058732 -0.518062
0.915340 0.003882
-1.106990 0.034212
-0.953439 -0.106247
0.992975 -0.333566
-0.826906 0.342803
-0.955058 0.249579
-0.991526 0.454833
-0.770177 0.578521
1.121810 -0.322315
1.061800 -0.131214
0.803758 -0.599023
0.698219 -0.395646
0.757755 -0.290742
-0.772980 0.427469
0.773843 -0.219912
1.040035 -0.124474
-1.163440 0.070578
-1.051583 0.224679
1.002344 0.701417
1.562876 0.950199
-1.335783 0.182404
1.319226 -0.093871
1.452079 0.554947
-1.148041 0.192214
-1.479474 -0.862757
1.019013 0.012805
-1.180182 0.113781
-1.627297 -0.552212
-1.267430 0.033431
1.419080 -0.187405
-1.929072 -0.408740
-1.160727 0.198859
-2.085730 -0.095985
2.089453 0.036479
-2.063682 0.224317
-1.215381 0.443687
1.847344 -0.332302
1.206930 -0.158789
2.558170 -0.533099
-1.334594 -0.014605
