0.721472 -0.143964
0.825247 0.073348
-0.677993 -0.049035
0.595264 -0.084484
-0.655468 0.030683
0.773534 -0.023591
-0.774411 0.127422
-0.850814 -0.029743
0.661868 0.162134
0.719002 0.021915
-0.916520 -0.062497
-0.542118 0.035105
0.673307 0.090066
0.672508 -0.055258
0.641350 0.062217
0.753532 0.064382
-0.808737 -0.091478
0.721467 0.043175
0.739828 0.008850
0.721241 -0.140055
-0.635325 -0.075635
-0.787919 -0.062048
0.808605 0.190744
0.774548 0.176350
-0.709291 0.119988
-0.511910 0.197246
-0.634922 0.102150
0.802462 -0.204429
-0.668813 0.159466
0.695225 -0.250420
-0.589553 0.108686
0.582278 -0.129435
0.716918 -0.241843
-0.668581 -0.001591
0.726600 -0.190758
0.776632 -0.127500
-0.714659 0.219082
-0.702431 0.193372
0.799211 -0.125726
0.665909 -0.011718
-0.661860 0.152864
-0.795123 0.112435
-0.829981 0.219143
0.618900 -0.025850
0.561155 -0.180109
-0.685459 0.089754
0.602451 -0.041171
0.543734 -0.113122
-0.716952 0.219845
0.715129 0.001591
-0.773095 0.043157
0.672883 0.024938
-0.725387 0.150506
0.801951 -0.004281
0.697174 -0.058683
-0.768365 0.031252
-1.036537 -0.037387
-0.651774 0.022058
-0.666950 -0.034043
0.614447 0.055047
0.646018 0.078760
-0.509904 0.076256
-0.825384 0.145816
0.604834 -0.040781
-0.812686 0.031033
-0.924216 -0.061022
0.803089 0.070219
0.581124 -0.096651
0.646176 -0.067444
0.806828 -0.009811
-0.505385 -0.053296
-0.504301 -0.056574
0.782416 -0.225971
0.642199 -0.214440
-0.612910 0.059748
-0.759965 0.233774
-0.663860 0.036784
-0.631766 0.128741
0.522052 -0.185161
0.613528 -0.102363
0.681174 -0.215896
-0.669673 0.054430
-0.705542 0.235322
-0.729360 0.137841
-0.768962 0.134559
-0.825449 0.129208
-0.684947 -0.004764
-0.717363 -0.006427
-0.593508 -0.020520
-0.675230 0.059576
0.836623 -0.257337
0.646500 -0.067650
0.552650 -0.173347
0.634784 -0.097874
-0.796640 0.028958
0.621554 -0.102554
0.625620 0.010911
-0.728002 -0.018659
-0.666184 0.026921
-0.574840 0.043675
-0.853341 0.076963
-0.543397 0.031861
-0.585282 0.087486
0.834210 -0.007117
0.762150 0.053912
-0.712908 0.011249
0.723200 0.166802
-0.628216 0.120369
0.891842 0.129851
-0.580686 0.049270
0.901910 0.056895
-0.712951 0.031993
-0.854991 0.070694
-0.839834 -0.157718
0.665738 -0.059433
-0.826506 0.177690
0.640714 0.052141
-0.807465 0.075642
0.633679 -0.069834
0.615224 0.035850
-0.651640 0.013950
-0.613584 0.076359
-0.675349 -0.011944
0.697923 0.045535
-0.623436 0.181852
0.727517 -0.150983
-0.538789 0.107198
-0.630244 -0.009999
-0.624431 0.121213
-0.656803 0.060385
-0.770471 0.111573
0.609118 -0.012551
-0.743299 0.067867
-0.623840 0.215113
-0.727358 0.018156
-0.773882 0.036791
-0.727622 0.184347
0.628385 -0.093867
0.779230 -0.072543
0.698763 -0.091623
-0.682492 -0.065669
0.760692 -0.020484
-0.729709 -0.077148
0.599386 -0.102601
-0.621556 0.245698
0.640161 0.020193
0.697073 -0.022048
0.630399 -0.056950
0.666346 -0.016630
0.782872 -0.139764
0.819274 -0.122165
0.809659 -0.104433
-0.976362 0.050415
0.608848 -0.037968
-0.723567 -0.029158
0.656904 -0.052222
-0.712311 -0.044593
-0.774137 0.138472
-0.719399 0.034803
0.766753 -0.075644
0.734469 -0.055115
-0.680585 -0.024696
0.806845 -0.043423
-0.659756 0.201792
-0.684443 0.077761
0.632809 -0.048128
0.819575 0.108786
0.494883 -0.016242
0.670649 0.043056
0.553701 -0.075142
-0.692523 0.019437
-0.725680 -0.069202
0.672526 -0.107863
0.662538 0.004863
0.612391 -0.044538
0.658592 0.013731
-0.602897 0.099480
-0.681907 0.024312
-0.760016 0.063257
0.597463 0.049504
-0.764769 0.084210
-0.809594 0.301594
0.683871 0.014842
-0.782632 0.077160
0.674903 0.028671
-0.912130 0.193190
-0.765506 0.057116
0.736998 -0.070836
-0.686931 -0.036821
0.619466 -0.061894
0.709445 -0.083001
0.593038 -0.094188
0.878403 -0.134073
-0.642534 0.118401
-0.656231 -0.054013
0.772937 0.007884
0.589465 0.031326
-0.584732 0.031941
-0.701160 0.072029
0.883745 0.080239
-0.777691 -0.285211
0.583092 0.002899
0.916985 0.231152
-0.741305 -0.014272
-0.743922 -0.156169
0.735636 0.009430
-0.857729 0.007690
-0.649335 -0.008060
0.832085 -0.012942
-0.907526 -0.126040
-0.839156 -0.151727
-0.864225 0.043502
0.577202 0.068767
-0.636013 0.029842
-0.641394 -0.002902
0.659203 0.294347
-0.699694 0.116312
0.467838 -0.199494
-0.732582 0.224677
-0.787164 0.162907
-0.689941 0.078558
0.612951 -0.129139
-0.560715 0.105102
-0.678027 0.164196
-0.685024 0.256924
0.857024 0.009278
-0.708804 0.201089
0.599987 -0.014119
-0.727696 0.211440
-0.772064 0.271159
0.723926 0.005357
0.789357 -0.040983
0.709945 -0.180911
0.613515 -0.032318
-0.721420 0.060083
-0.705044 0.088495
-0.585862 -0.018268
-0.789422 0.008402
-0.687300 -0.060549
-0.669579 -0.009123
-0.584185 0.149133
0.943161 -0.009941
-0.552141 0.045547
-0.635271 0.001341
0.803878 -0.039270
0.640125 0.016864
0.750944 -0.202057
-0.735528 -0.000355
0.722328 0.084033
0.623047 -0.057160
-0.947736 -0.105067
0.625464 0.033686
-0.987822 -0.117799
-0.664259 -0.013057
0.670806 -0.082565
0.739387 -0.058650
-0.828235 -0.085626
0.765789 0.191986
0.630580 0.143839
0.681637 -0.095043
0.730008 0.239983
-0.675326 -0.042154
0.874517 0.201230
0.585411 0.011179
0.650451 -0.058713
-0.609799 0.262274
-0.679287 0.331741
0.726076 -0.028885
0.637088 -0.193271
-0.702879 0.329366
0.566693 -0.102851
-0.665912 0.131619
-0.554131 0.173310
-0.686354 0.020270
-0.606505 0.060621
-0.583364 0.135613
-0.778956 0.359907
0.575988 -0.170900
0.714848 -0.045448
0.711934 -0.094807
0.704365 0.014518
-0.718804 0.068265
0.758258 -0.116721
-0.639794 0.098231
-0.605962 0.045381
-0.713894 -0.011590
0.513815 -0.099447
0.409383 -0.069123
0.877928 -0.181465
-0.724494 -0.060766
0.664381 -0.075050
-0.622609 0.193997
0.564105 -0.045496
0.803187 -0.003218
-0.759344 0.188330
-0.852424 0.039735
0.753895 0.050276
-0.682172 -0.001953
0.688375 -0.021653
-0.788333 0.053547
0.995022 0.035107
-0.611642 0.105450
0.949550 -0.086662
0.777067 -0.034484
-0.756419 0.003233
-0.697162 -0.039670
0.589441 -0.075126
-0.888463 0.048637
-0.667680 0.068557
-0.705585 -0.022746
0.567174 -0.110602
0.483582 0.104985
-0.645979 0.022217
0.591983 -0.173190
-0.653693 0.076185
0.815044 -0.199318
-0.703484 0.126819
-0.703883 0.266960
-0.664213 0.206455
-0.639360 0.111763
-0.675613 0.202069
0.733067 -0.028114
-0.710812 0.205846
0.724188 -0.173159
0.519486 -0.072565
0.618607 -0.239390
-0.709238 0.016292
-0.723879 0.118604
0.679411 0.024593
-0.750720 0.186003
-0.823708 0.188578
0.644719 -0.050561
0.550251 0.015518
0.760286 0.015253
-0.773157 0.122711
-0.685728 0.006477
0.856689 -0.240055
-0.614319 0.147272
0.617008 -0.003525
0.744920 -0.151869
-0.758165 0.119438
-0.683282 0.052891
0.563348 -0.063989
1.019251 -0.030620
-1.038609 -0.077624
-0.670210 -0.067692
0.926140 0.079097
0.577467 0.024800
-0.723698 -0.271370
-0.695753 0.092805
0.804711 -0.092045
0.701093 0.029764
0.865663 -0.132083
-0.595344 -0.025479
0.805972 0.127120
0.744360 -0.210046
-0.606647 -0.074280
0.667844 -0.062189
0.853020 0.088678
-0.594909 -0.046431
-0.763537 0.073399
0.605801 -0.088156
0.767311 -0.183866
0.787996 -0.308142
0.695883 -0.217744
-0.669998 0.161868
-0.583163 0.123648
-0.582768 0.112366
-0.704651 0.120767
-0.760763 0.164403
0.782414 -0.190529
-0.737729 0.191135
0.544576 -0.100466
0.699698 -0.269268
-0.603416 -0.011401
0.638189 -0.115195
-0.741589 0.206845
0.680130 -0.058494
-0.786039 0.251497
-0.672844 0.046834
0.688701 0.024399
-0.699809 0.189615
-0.799304 0.117600
0.655756 -0.076013
-0.564526 0.183391
0.717447 -0.079071
-0.516502 -0.075342
-0.694701 -0.008502
0.615638 -0.017319
0.752773 -0.010604
0.526488 -0.034185
-0.783342 -0.005019
0.670430 0.030740
0.844438 -0.055415
-0.693598 -0.111505
-0.504747 0.095217
-0.929962 -0.130099
-0.647121 0.000018
-0.802395 -0.050777
0.646762 0.066283
0.681099 -0.049791
-0.708083 -0.064837
-0.588848 0.063894
-0.806226 0.109971
-0.628123 -0.071985
-0.764557 -0.138002
-0.804390 -0.265410
-0.858537 -0.147065
-0.704115 0.129994
-0.559417 0.225175
0.718763 -0.053789
-0.772866 -0.006895
-0.719523 0.162370
-0.628651 0.160922
-0.634117 0.171324
0.625352 -0.015602
-0.683672 0.142219
0.796751 0.066415
-0.596610 0.045948
-0.664863 0.125833
-0.722190 0.111201
0.644154 0.035962
-0.777283 0.012082
-0.671598 0.060443
-0.664330 0.048070
0.700454 0.013193
-0.801218 0.087666
0.669073 -0.055409
-0.634244 0.013224
-0.692606 -0.119713
0.664156 -0.040635
-0.678565 -0.074473
0.843372 -0.221548
-0.661748 -0.037080
-0.504270 -0.006871
0.867723 -0.078333
-0.788276 0.028757
-0.729213 0.060778
-0.783269 0.186246
0.901215 -0.072580
0.897782 0.183018
-0.525505 0.114427
-0.801454 -0.096363
-0.727556 0.091105
0.612280 0.026658
0.671516 -0.109575
-0.653840 0.064681
0.733436 -0.063255
0.743544 -0.042022
0.649900 -0.167259
-0.801498 -0.066450
-0.692649 0.111854
-0.845024 -0.107495
-0.746673 0.027810
-0.865884 -0.151247
0.556879 -0.076691
-0.651677 0.055842
-0.558167 0.140682
0.691098 -0.048552
0.739856 -0.161836
-0.539891 0.072049
0.594820 -0.016221
0.652537 -0.246091
-0.665527 0.144242
0.604837 -0.140069
0.761532 -0.008033
-0.551631 0.101076
-0.709281 0.212091
0.564679 -0.170308
-0.775504 0.115621
-0.825770 0.154550
-0.769658 0.087999
0.531863 0.020911
0.646671 -0.101998
0.791709 -0.205718
-0.769353 0.146516
0.542019 -0.039425
-0.857814 0.077716
-0.652614 0.114698
0.466541 -0.124535
-0.530597 0.143476
0.988120 -0.039651
0.625869 0.079764
0.755070 -0.023284
0.747516 -0.122708
-0.747114 0.050286
0.732681 -0.170880
-0.747563 0.009924
0.734931 0.083114
0.760043 -0.092556
-0.973401 -0.178623
-0.702292 0.032623
-0.695991 -0.106839
0.615341 -0.096061
0.867233 -0.243355
0.789068 -0.120304
-0.620808 0.175572
0.623314 -0.095067
0.668732 -0.116580
0.834332 -0.114765
-0.813603 0.005559
0.624641 0.026984
0.848899 0.115795
0.673071 -0.076446
-0.778501 -0.030022
-0.577883 0.111764
-0.815542 0.092129
-0.704636 -0.089028
-0.745735 -0.021195
-0.701734 0.180074
-0.596083 0.092126
0.613828 -0.065755
0.581742 -0.040555
0.719305 0.114389
0.619888 -0.038310
0.758609 0.003218
-0.619238 0.070492
0.715815 -0.157756
0.754265 0.004931
0.810192 -0.018575
0.708316 -0.027702
-0.551513 -0.014146
0.720448 -0.067784
-0.728568 0.032623
-0.674209 0.131046
0.654982 -0.025710
-0.702506 -0.069274
-0.655028 0.034868
0.737819 -0.053909
0.715884 -0.020773
-0.570202 -0.022012
0.750680 -0.022242
-0.812859 0.111528
-0.796941 0.065619
-0.738132 0.154160
-0.923158 0.077618
-0.994141 -0.120656
-0.725663 -0.065031
-0.755141 -0.140624
0.640021 0.053013
0.895824 0.157372
-0.666827 0.061612
-0.876883 0.028904
0.757330 0.041191
-0.708112 -0.147865
-0.739269 -0.006385
0.638594 0.068530
-0.821978 0.097886
0.638655 0.050582
0.721516 0.000599
-0.865771 -0.242975
-0.676723 -0.262324
0.761854 -0.087713
0.545101 -0.285749
0.687506 -0.317425
0.747295 -0.097726
-0.682210 0.007235
0.600273 -0.149190
-0.588201 0.071793
0.714027 -0.120999
-0.666228 0.165656
0.778949 -0.127931
0.641288 -0.156407
-0.615572 0.049876
0.757337 -0.158145
-0.732778 0.118245
0.829656 -0.084358
0.718246 -0.058188
0.654919 0.008456
0.578867 -0.007437
-0.802545 0.140427
-0.629667 0.036476
0.660824 0.020502
-0.764048 0.005376
-0.657479 0.030473
0.551659 -0.008162
0.865834 -0.225573
-0.776084 -0.063746
-0.721476 0.012926
0.689245 -0.104854
-0.492500 0.067857
0.747074 -0.020873
-0.733596 0.114604
0.720912 0.033208
-0.789877 -0.176772
-0.624690 0.024168
-0.955993 -0.078044
-0.742870 0.081551
-0.751096 -0.093963
-0.677887 0.074008
-0.727386 -0.038171
0.805557 -0.007389
0.814400 -0.010855
0.663491 0.078590
0.839915 -0.052898
0.682349 -0.200909
0.801952 0.164783
0.654719 -0.095803
0.851464 0.042655
0.790917 0.053873
0.708596 0.089300
0.558188 -0.243721
0.847516 -0.036376
-0.689260 -0.040962
0.574719 -0.032809
-0.601668 0.149181
-0.558996 0.073047
0.645640 0.035137
-0.736523 0.110809
0.813275 0.018155
-0.626096 0.061550
0.785503 -0.017914
0.581218 -0.076693
0.619887 -0.088315
0.741171 0.031480
0.590968 0.079616
0.774586 0.001602
-0.756450 0.046416
0.758513 -0.116960
-0.712999 0.062153
0.480568 -0.150373
-0.693030 0.073616
-0.831074 0.128493
-0.739404 0.054650
0.865383 -0.231273
0.824744 0.032492
0.755082 0.043615
0.704901 -0.044784
-0.740571 0.101957
-0.663359 0.056352
0.814642 -0.123183
-0.814959 -0.031340
-1.062877 -0.062888
-0.651997 0.002830
-0.727780 -0.160723
-0.561201 0.073368
-0.650350 -0.060441
0.701639 0.042056
0.894973 0.063172
0.687679 0.079759
0.900772 -0.034903
-0.613533 -0.060452
-0.793486 -0.038197
-0.711029 0.138728
-0.831471 -0.129588
0.680641 0.004768
-0.850061 -0.230704
0.755824 0.218457
0.801856 -0.214061
-0.600133 0.154775
0.760775 -0.190833
0.705368 -0.136523
-0.555989 0.166057
-0.665382 0.266757
0.614598 -0.269017
-0.705947 0.231718
-0.638164 0.296883
0.722327 -0.026524
0.756409 -0.159562
-0.827258 0.239857
-0.628247 0.161478
0.633191 -0.175977
0.735460 -0.043291
-0.593720 0.026417
-0.730168 0.176209
0.662728 -0.095550
0.673241 -0.136512
-0.651823 0.079818
-0.602874 0.037007
0.594309 -0.007812
-0.665095 0.047890
-0.599930 0.108534
-0.713636 0.172427
0.900760 -0.028750
-0.557684 0.029716
0.692112 -0.050567
0.667347 -0.163729
-0.780582 0.134947
-0.720320 0.200988
0.844365 -0.107801
-1.040437 -0.093088
0.583593 -0.057977
-0.653836 0.075853
-0.580282 0.120275
-0.758110 -0.104267
-0.641452 0.126075
0.756715 -0.045301
0.682061 -0.038941
-0.850563 0.030103
-0.797602 0.041215
-0.616455 0.215854
-0.827227 0.125005
0.852836 0.077514
0.831488 0.006420
0.583094 -0.062674
-0.811830 -0.036181
-0.603672 0.024717
-0.639524 0.212442
0.632487 -0.083763
-0.787345 0.177959
0.667543 -0.144108
-0.610896 0.203646
-0.634234 0.182123
-0.706394 0.107867
-0.729243 0.092055
-0.800681 0.092081
-0.704892 0.150723
0.815390 -0.125804
0.579795 -0.129820
-0.820778 0.173492
-0.580688 0.007857
0.715272 -0.096199
0.569468 -0.190850
0.609683 -0.064588
-0.682482 0.068505
0.588247 0.015395
-0.621374 0.075071
-0.785672 0.158437
-0.622678 0.060527
0.711690 -0.084173
