0.799917 0.179726
1.299369 0.197259
1.283750 0.334913
1.144604 0.227461
0.834639 -0.059305
-0.869152 -0.041968
1.129621 0.333695
-1.199053 0.017062
1.519070 -0.179535
-1.343514 0.098384
-1.120848 -0.126958
-0.887681 0.018770
1.624769 0.348633
-1.076001 0.029640
-0.899407 -0.171336
-1.014951 -0.195308
0.932508 0.062651
1.464404 0.034573
-1.163919 -0.108590
-0.820461 -0.008012
-1.253951 0.117192
-1.182429 -0.091213
0.865779 -0.050033
-0.851592 0.049862
-0.913731 -0.307520
-0.979451 -0.495516
0.963878 0.269459
0.865124 0.080283
-0.840966 -0.264492
-1.270173 -0.297901
1.027777 0.546730
1.145464 0.336491
-0.784668 -0.181189
0.928542 0.007524
1.351617 0.249975
-1.264267 -0.853384
0.901654 -0.017766
-0.953963 -0.644647
-0.956416 0.033750
-0.835221 -0.132612
-1.049322 -0.011652
-1.260085 -0.450438
0.945904 0.077775
1.088876 0.064409
1.060317 0.046494
1.436877 0.372278
-0.894419 -0.108307
1.124369 0.175447
1.075762 0.271267
0.984920 0.064398
-0.809699 -0.002209
-1.100114 -0.103157
0.949726 0.115940
-1.229243 0.015591
-0.899816 -0.049233
-1.468510 -0.137671
0.935246 -0.043916
-1.004215 0.024055
-1.167978 -0.049874
0.941021 -0.069176
-1.323377 0.020096
0.989178 -0.090587
1.260797 0.503956
-0.985278 -0.087473
1.291394 0.025360
1.183787 -0.050406
0.945839 0.114720
0.859762 -0.064850
-1.295743 0.106500
-1.079798 -0.097136
-1.026882 0.156627
-0.965389 0.056300
-0.779710 -0.216831
1.091002 0.433597
1.161888 0.335961
-1.199662 -0.485055
-0.957547 -0.090613
1.146386 0.271812
0.999310 0.082980
-1.007490 0.042692
-0.912034 -0.037654
1.268152 0.142602
-1.196588 -0.138096
-1.064395 -0.257846
0.959648 -0.003683
-1.066829 -0.589442
-1.161659 0.001602
-1.188391 -0.317691
1.207469 0.113382
-0.748229 -0.020099
-1.097770 -0.130770
-1.165270 -0.190208
1.342240 0.044389
1.325788 0.275380
-0.978142 0.080644
-1.450483 -0.028222
0.938471 0.514171
1.001463 0.032266
1.057418 0.424534
0.993133 0.083832
-1.428853 -0.438173
1.083080 0.091876
-0.976090 -0.266431
1.296886 0.448206
1.168313 0.098008
0.985030 0.210421
0.952050 0.236840
0.913759 -0.054068
1.123817 0.080749
0.984482 0.068551
-1.242825 -0.682460
0.814194 0.103674
-1.187841 -0.120392
-1.086840 -0.126781
-1.221313 -0.157349
0.831013 -0.061645
1.318925 0.032938
-1.244777 -0.162057
0.884345 0.014052
-1.298740 0.172250
-1.311282 -0.404514
1.135651 0.958276
-1.014745 -0.251356
0.903494 0.153334
1.004186 0.400520
1.331352 0.439803
-1.142452 -0.300137
-1.012177 -0.128929
-1.163916 -0.177264
-1.024483 -0.058911
1.309801 0.394558
0.918321 0.366520
1.270860 0.242222
-1.012798 -0.651676
0.921921 0.070003
-1.173939 -0.391244
-0.906699 -0.005956
-1.291393 -0.394952
0.944493 0.079663
-1.105059 -0.176708
-0.883150 -0.142925
1.328890 0.349320
-0.896474 -0.097832
0.986894 0.077759
0.925999 -0.080333
-1.458259 -0.262998
-1.132648 -0.293390
0.946995 0.118861
-0.985323 0.059316
1.016032 0.047972
1.047570 0.414159
1.443338 0.134903
1.581114 -0.252231
1.297762 -0.026592
-1.767451 0.045584
1.220915 -0.152546
-1.021227 -0.036254
1.032297 0.084287
0.960521 0.077209
-0.991056 -0.217602
0.980477 0.081962
1.189901 0.240705
-1.066002 -0.081104
-1.037094 0.038465
1.095851 -0.195732
-1.201103 -0.182934
1.299496 -0.165485
1.173543 -0.005590
-1.056164 -0.181607
0.973295 0.255529
-1.134377 -0.281908
0.983942 -0.006798
-1.035842 -0.441732
1.083789 0.110145
-1.001570 -0.139283
-1.205231 -0.281136
0.921011 0.092405
-1.294142 -0.275468
1.269083 0.181369
1.296990 0.789729
0.831052 -0.000672
-1.112161 -0.166163
1.237500 0.125713
0.925854 0.088502
0.827254 0.003367
-0.934362 -0.057846
-0.989300 -0.367759
-1.238787 -0.422362
-1.175100 0.099143
-1.275596 -0.376651
-0.771777 -0.069357
-0.843618 0.055736
-0.930611 -0.146992
-1.190432 -0.113931
0.850044 -0.102814
-1.151018 -0.191596
-1.684019 -0.310516
-1.172979 0.060706
0.913740 0.069488
1.075109 -0.176584
1.449333 -0.314800
-0.902427 0.020294
1.183689 0.077202
0.930202 0.029066
-1.613012 -0.302860
0.976076 -0.016266
1.358967 0.617114
-1.064087 -0.084666
1.287708 -0.123624
-1.160557 -0.134624
1.256099 0.148305
1.144795 -0.280409
-1.315349 0.203477
1.298529 0.044507
-1.070695 0.049225
-1.013906 0.248112
0.830842 0.268433
-1.208991 -0.694822
-1.220477 -0.296360
0.822635 -0.035515
1.019826 0.283749
-1.227754 -0.265544
1.118593 0.553467
1.006023 0.030539
1.152337 0.070580
1.262979 0.158745
-1.379482 -0.244023
-0.984813 -0.247361
-0.875852 0.051332
1.081793 0.593002
0.803244 -0.127015
-1.074311 -0.494651
-0.825438 0.043424
0.774123 0.006070
-0.967485 -0.071768
-1.016243 0.048241
0.836827 -0.046304
0.750968 -0.043630
-1.364955 -0.058846
1.657800 -0.031811
1.050624 0.162017
-1.523461 -0.205035
-0.789927 0.006114
-0.930050 -0.108923
-1.483254 -0.425973
0.795876 -0.027441
0.887417 0.092935
1.470505 0.273281
-1.615874 0.328004
0.987659 0.142543
1.742121 0.018188
0.940337 -0.091525
1.607025 0.353085
-0.983374 0.041715
1.056026 0.179467
-1.035131 -0.084452
-0.820082 -0.163659
-1.018722 -0.264603
0.944942 0.034259
-1.050445 0.117293
1.376013 -0.108022
1.109395 0.226297
1.508575 -0.103559
1.177872 0.010433
-0.971703 -0.124019
1.045630 0.145692
0.946814 0.128180
0.879844 0.008689
1.256323 0.372364
-1.279736 -0.193839
1.019689 0.169264
0.888558 0.043254
-1.233127 -0.062616
0.909643 0.042953
0.961985 0.130195
-0.897815 -0.186974
1.040700 0.044393
1.209550 0.585785
0.803613 -0.141571
-1.184781 -0.336819
-1.101908 -0.032263
-1.408158 -0.249184
-0.883735 -0.040708
1.125715 0.119534
1.235674 -0.014403
1.509008 0.439894
-0.945929 0.154143
-0.929725 0.005721
1.000828 -0.161940
1.095854 -0.001200
0.890521 0.038557
1.018565 0.063124
-1.588792 -0.344476
-0.902421 -0.176336
-0.991849 0.068683
-1.265760 0.017221
-1.172738 0.000289
-1.224804 0.063211
1.900832 -0.029317
1.442486 -0.063588
1.097372 0.004781
-0.821507 -0.067370
-1.206904 -0.484854
1.024152 0.006819
1.415775 0.035090
1.154119 0.213342
-1.039987 -0.131271
0.864397 -0.116290
1.288861 0.024368
0.842410 0.032952
-0.937472 -0.107429
-1.221822 0.021151
1.477288 0.184980
1.296812 0.854146
0.926542 0.138439
-1.154327 -0.553833
1.038958 0.167287
-1.179158 -0.287944
1.033913 0.014142
-0.813772 -0.073461
-0.891652 -0.009526
1.122480 0.153098
0.867254 0.078947
1.320956 0.563896
0.895047 -0.064296
0.913448 0.093993
0.933249 -0.080954
1.215815 0.280613
-1.078613 -0.007639
0.921261 -0.019153
-0.957111 -0.046467
1.041235 0.252862
1.376565 -0.159155
-1.322130 -0.277358
-1.396919 -0.027638
1.582059 0.007768
0.858594 0.162157
0.914056 0.158862
1.071542 0.281988
1.040433 0.164797
-1.631212 -0.379478
-1.011538 -0.072620
0.907120 -0.007420
-1.037029 -0.107988
1.220309 -0.150509
0.933487 0.133519
1.117181 0.111233
-0.863645 0.040917
-1.055120 -0.043409
-1.052109 0.023660
1.090093 0.533234
-0.904131 -0.077347
1.000557 -0.007316
1.049455 0.207708
1.210777 0.076460
-0.923226 0.033694
-1.265612 0.075039
1.319295 0.037821
-1.259387 0.265570
1.103989 -0.089737
0.855462 0.170938
0.885592 0.347719
1.044295 0.314575
1.097171 0.599995
0.926990 0.271077
1.106652 0.344023
1.114446 0.586376
-0.913705 -0.176390
1.202662 0.172978
0.988810 0.109035
1.386769 0.274346
0.999169 0.306058
-1.326405 -0.298322
0.951235 0.254946
-1.066605 0.040074
-1.031292 -0.108513
0.823026 -0.004708
1.488458 0.256500
-0.987768 -0.162460
-1.397717 -0.377899
-0.924002 -0.173067
0.927332 0.036368
1.041370 0.034723
1.081747 -0.043383
-1.049294 -0.092382
-1.033631 -0.179184
-1.361180 -0.247272
1.046477 0.152940
-0.903484 0.059231
-1.160541 0.018096
0.887388 0.065830
-1.464127 -0.173820
1.241850 -0.177517
0.978588 -0.055375
-1.708497 0.228413
1.190033 -0.233211
1.397566 0.175855
-1.066018 0.116554
0.937303 0.123704
-0.962051 0.044904
-0.979082 -0.011816
-0.967024 -0.056828
-1.087163 -0.046443
1.078394 -0.154921
-0.989054 -0.038286
-0.963897 -0.098453
1.042592 -0.092462
1.338719 -0.066762
-0.735993 -0.213769
0.975956 0.288662
1.179268 0.457663
1.055539 0.621037
1.074892 0.419310
0.952344 0.117422
-0.799450 -0.080118
-0.781086 -0.029229
1.020354 0.032672
-1.136214 -0.215044
-1.342622 -0.291115
0.784157 0.067421
-1.025091 -0.015112
-0.987042 -0.188058
-0.858818 0.055153
0.814475 0.157664
0.966342 0.031277
0.771313 -0.114354
-0.991524 -0.325264
1.024960 0.007817
-1.299503 -0.000788
-0.629496 -0.062097
-1.365440 -0.192520
1.656643 0.063749
0.983978 0.438466
-1.424217 -0.160351
-1.046573 -0.316902
-1.014535 -0.171798
-1.025281 -0.054725
-0.958174 -0.011114
-1.003759 -0.277232
-1.489003 -0.065724
1.452335 -0.429332
-1.292439 0.150673
1.781337 -0.107383
-0.824630 0.085054
1.634772 0.146905
1.115358 -0.117734
-1.208587 -0.363558
-1.072601 0.041973
1.016832 0.036302
-1.123666 -0.193079
-0.785941 -0.089227
-0.884186 0.089752
1.028820 -0.138533
-0.961156 -0.051453
-1.401900 0.334020
-0.979312 0.126654
1.325230 0.377481
1.084829 0.379074
-1.199819 -0.380041
1.122754 0.560506
1.128042 0.446051
1.188735 0.157598
0.924969 0.195580
-1.230706 -0.375583
-1.160769 -0.217644
-1.153592 -0.220242
-0.908384 -0.069926
1.330820 0.774769
-1.141247 -0.122500
-0.921801 -0.637726
-0.932500 0.061284
1.053568 0.208356
-1.027999 0.009130
-1.260809 -0.332373
-1.149678 -0.481008
-0.937920 -0.036339
0.964604 0.073829
0.827638 0.000503
0.914256 0.110955
1.162633 -0.162463
-1.210832 -0.018462
-1.412344 -0.183188
-0.917117 0.079371
0.997741 0.011780
1.366504 0.353543
0.990299 0.058852
1.067518 0.338065
-1.278277 -0.294995
1.106686 -0.012813
0.872627 0.011200
-1.035341 0.008351
-0.888082 -0.033260
1.159960 0.070415
0.966786 -0.089366
1.098361 0.506987
-0.979025 -0.038450
1.325712 0.036752
-1.226007 -0.225530
1.029014 0.053232
0.954094 -0.010677
1.320551 -0.171396
1.245361 -0.057316
0.889195 -0.017027
0.807403 -0.146316
1.336343 0.389443
-0.903670 -0.255031
1.069026 0.270103
-0.885434 -0.079614
0.935416 0.220921
1.114396 0.196900
-0.890743 -0.208840
1.165052 0.372712
-1.107724 -0.263597
-0.951360 -0.134575
1.325767 0.279828
-0.778974 -0.239486
-0.931525 -0.022118
-1.070149 -0.165659
-1.156742 0.008780
1.142238 0.369863
0.865015 -0.019941
0.894104 0.162831
-0.870111 -0.061782
0.958557 0.112949
-1.165406 -0.082637
-0.865469 -0.046111
-0.933386 -0.109990
1.130820 -0.042784
-1.291866 -0.523764
1.091742 -0.019471
-0.928628 0.023575
1.070880 0.021727
1.457510 0.414086
-0.887981 -0.142541
0.830115 0.072722
-1.501999 -0.225926
-1.591764 0.414076
0.866390 0.051641
1.520967 0.085398
0.910965 -0.094060
-1.671144 -0.348050
-0.797853 -0.066454
1.325563 0.413508
0.995983 0.071315
-0.767191 -0.157721
1.115618 0.312676
0.933982 -0.016208
0.881924 -0.100222
-1.068579 0.075451
1.063062 0.063025
1.450230 -0.507306
0.810311 -0.212796
0.852268 0.344684
1.049439 0.816534
1.244646 0.214488
-1.214712 -0.574054
1.228352 0.217190
-1.013801 -0.098188
-0.975252 -0.211517
1.220512 0.274427
-1.278748 -0.136961
1.215776 0.116667
-1.330912 -0.283265
1.265818 0.779572
1.174579 0.095803
-0.958725 -0.576668
-1.017717 -0.008837
-1.047781 -0.324942
-0.704931 0.097568
-1.406868 -0.348527
0.981694 0.322960
-0.981760 -0.041553
-1.357072 -0.016710
-1.264238 -0.317376
1.363407 0.080946
1.053142 -0.072713
-1.110960 0.103657
-1.278525 -0.187019
-0.879359 0.021444
1.085853 0.239212
-0.868676 -0.039829
-0.874497 -0.051892
1.057766 0.258653
-1.347730 -0.056317
1.083306 -0.125474
1.224494 -0.158253
1.633499 -0.039079
0.871180 -0.081252
-1.482894 -0.343812
-0.971153 0.032026
1.041685 0.164623
1.098818 0.113764
1.124774 0.097280
-1.231734 -0.303847
1.022749 0.084668
0.958591 -0.068147
1.408132 -0.213880
1.087931 0.173491
-1.057756 -0.043766
-1.148898 -0.142121
1.586856 0.305466
1.015682 0.194491
-1.103616 -0.229912
-0.818003 0.007558
-0.912898 -0.196242
1.021457 0.003278
-1.054330 -0.139483
0.934797 -0.006538
-1.328898 -0.094125
-1.312614 -0.176461
-1.290434 -0.186843
-1.349940 -0.522191
1.267952 0.115828
-1.134452 -0.649334
-0.791359 -0.003683
1.193194 0.327117
0.981315 0.009795
-1.444574 -0.305501
1.010561 0.416253
1.002856 -0.006221
0.881102 -0.138959
1.473271 0.296446
-0.841912 0.005038
-0.879283 -0.002722
1.079942 0.502161
1.129411 0.138309
-0.956184 0.023895
1.016164 0.167206
-1.460654 -0.256322
-0.804967 -0.027587
-0.983414 -0.190963
1.437425 0.261576
-1.153883 0.131111
0.946807 -0.063251
-1.826551 -0.068111
-0.937408 0.047101
-1.079881 -0.000930
-1.071830 -0.002227
-1.070218 0.023110
-1.046602 -0.028829
1.206038 0.073098
-1.059960 0.055676
-1.156696 -0.129344
1.012169 -0.120287
1.249802 -0.055337
1.095625 -0.080953
1.330252 -0.264729
-1.182251 0.039767
1.364233 0.571202
-1.083319 -0.423682
1.054294 0.449820
-0.883052 -0.110985
0.941078 0.185958
1.381441 0.453763
-0.824777 -0.086381
-0.973053 -0.134482
-0.820683 -0.042518
-1.171060 -0.163756
1.214194 0.281001
0.817727 0.278543
1.349973 0.123258
-0.944652 -0.137652
-0.799903 0.030366
1.038440 0.060217
1.098532 0.031918
0.778119 0.008436
-1.058430 -0.475621
-1.227629 -0.280757
-1.100560 -0.045337
1.337958 0.327187
-0.974116 -0.088671
1.657262 -0.047396
-1.079729 -0.417168
-1.497135 -0.257645
-0.987059 -0.021192
-1.102672 -0.173955
-1.548260 -0.349842
1.095990 0.169300
-1.015199 -0.420517
1.300549 0.294847
-1.047908 0.126659
-0.880663 -0.077394
1.574129 0.146552
0.904341 -0.030594
1.633184 0.304910
-1.027529 0.000370
-1.000951 -0.154450
-1.140400 -0.202990
-1.373918 0.005542
1.083443 0.324909
-1.221624 -0.115466
-1.020493 0.040506
1.253390 -0.083870
1.325023 0.067769
0.999094 0.029510
1.079931 -0.025499
1.487820 0.346202
1.030967 0.866368
-1.301158 -0.503656
-1.202737 -0.678928
0.867355 0.216216
1.036775 0.152280
-0.919677 -0.258140
0.843264 0.035974
-0.819285 0.005050
-0.952728 -0.106670
-1.334007 -0.260039
0.866257 0.082272
-0.902490 -0.072081
-1.094583 -0.737583
-0.913462 0.089370
-0.899517 -0.124546
0.868830 0.058508
1.275552 0.301262
-1.036618 -0.381195
-1.026181 -0.049262
-1.055599 -0.023565
0.881072 0.174603
0.899666 0.130217
1.671619 0.033978
