-0.461595 -0.254288
0.415095 0.019473
-9999 -9999
-9999 -9999
-0.539956 -0.281930
-9999 -9999
-9999 -9999
-0.248073 -0.122958
-9999 -9999
-9999 -9999
-3.382479 -0.263616
-9999 -9999
-0.964647 2.247068
2.859500 0.229316
0.355328 0.204270
-9999 -9999
-0.338305 -0.067158
0.331502 0.117076
-9999 -9999
-1.457954 -0.735716
0.873940 -0.675311
-0.771102 0.671783
0.430838 0.088540
1.266627 0.929763
-9999 -9999
-9999 -9999
-9999 -9999
0.008759 -0.253890
-9999 -9999
-0.150541 -0.890335
0.143656 1.029579
-0.387149 0.042197
-9999 -9999
0.055598 1.166959
-9999 -9999
-9999 -9999
-0.317207 -0.012076
-9999 -9999
-9999 -9999
-0.376490 -0.057664
-9999 -9999
-9999 -9999
-9999 -9999
-9999 -9999
-9999 -9999
-9999 -9999
-0.428003 0.010298
0.360749 0.052348
-9999 -9999
-9999 -9999
-0.275435 -0.039669
-9999 -9999
-0.359078 0.126237
-9999 -9999
-9999 -9999
-9999 -9999
-9999 -9999
-9999 -9999
-0.215716 -0.065576
-9999 -9999
-0.348176 0.074353
-0.288303 0.107897
2.476286 -0.230807
-1.864018 -0.286247
2.015891 0.385179
-0.597533 1.417449
-9999 -9999
-1.523505 -0.389805
-0.326255 -0.052305
-0.563572 0.813741
-0.399695 -0.002307
0.441108 -0.645121
0.017941 0.753159
-9999 -9999
-0.030732 0.234464
0.390211 0.005318
-9999 -9999
0.386576 0.005214
-9999 -9999
-9999 -9999
-9999 -9999
-9999 -9999
0.400781 -0.007364
-9999 -9999
0.404710 0.014783
-9999 -9999
-9999 -9999
-9999 -9999
-9999 -9999
-9999 -9999
-9999 -9999
-9999 -9999
-9999 -9999
-9999 -9999
-9999 -9999
-9999 -9999
-9999 -9999
0.496250 -0.095061
-9999 -9999
-9999 -9999
-0.329215 0.133034
-0.205690 -0.117080
0.257901 -0.063027
-1.973915 2.685687
0.175714 -0.010800
0.324422 -0.012547
-9999 -9999
2.341599 -1.571131
-9999 -9999
0.328721 -0.112912
-9999 -9999
-0.323039 0.106763
-0.114044 1.577288
0.348789 -0.204662
1.807873 -0.547484
-9999 -9999
0.198489 -1.185548
0.136248 -1.001507
-9999 -9999
-0.321649 0.136757
-9999 -9999
-9999 -9999
0.386610 0.007030
-9999 -9999
-9999 -9999
-9999 -9999
-0.376860 -0.018484
-9999 -9999
-0.378672 0.035787
-9999 -9999
-0.389861 0.022164
0.023643 1.219309
-9999 -9999
-9999 -9999
-9999 -9999
-0.406982 0.016247
-9999 -9999
-9999 -9999
-9999 -9999
0.414628 0.013924
-0.347270 0.003307
-0.494680 0.138819
-9999 -9999
0.398720 -0.048561
-9999 -9999
-0.433819 0.098922
0.250076 -0.127007
-9999 -9999
-9999 -9999
-1.491999 2.881413
-9999 -9999
-9999 -9999
-9999 -9999
-2.847943 2.397674
-9999 -9999
-9999 -9999
-9999 -9999
0.428153 -0.062726
-9999 -9999
-9999 -9999
0.241466 -0.100784
-2.038663 0.055743
-9999 -9999
-0.216337 0.949663
-9999 -9999
-0.281309 0.033221
1.639169 0.006978
-0.149156 0.755501
0.055261 -0.227414
-9999 -9999
-0.380179 -0.005017
-0.028154 0.231532
-9999 -9999
-0.371171 -0.000227
-9999 -9999
-9999 -9999
-9999 -9999
-9999 -9999
0.421309 0.002079
0.332643 -0.020367
-9999 -9999
-0.357577 -0.018518
-9999 -9999
-9999 -9999
-9999 -9999
-9999 -9999
-9999 -9999
-9999 -9999
-0.500696 0.021295
-0.382492 -0.005951
-9999 -9999
-9999 -9999
0.492179 0.058798
-9999 -9999
-9999 -9999
-9999 -9999
-0.321566 -0.111883
2.146735 -2.484081
0.422703 -0.072010
-0.253363 0.034076
-9999 -9999
3.485276 -1.599934
0.357171 0.213216
-0.187925 2.689900
-2.653944 -0.349025
-0.415200 -0.080679
0.363748 0.164839
-9999 -9999
-0.832974 1.430174
-1.968564 -0.502108
1.894047 0.349363
0.580980 -0.893700
-9999 -9999
0.549962 -0.828083
-1.540623 -0.542216
-9999 -9999
-9999 -9999
0.016527 -0.220867
-9999 -9999
0.017590 -0.253967
-9999 -9999
-9999 -9999
-0.030710 -0.987666
-9999 -9999
-9999 -9999
-9999 -9999
-9999 -9999
-9999 -9999
-9999 -9999
-9999 -9999
-9999 -9999
-9999 -9999
-9999 -9999
-0.388912 -0.064949
-9999 -9999
-9999 -9999
-9999 -9999
0.440377 0.057314
-9999 -9999
-9999 -9999
-9999 -9999
-9999 -9999
-9999 -9999
0.431389 -0.086000
-9999 -9999
-9999 -9999
-9999 -9999
-1.960607 2.682710
-9999 -9999
0.212627 0.052370
3.139414 -1.199101
-2.274089 1.454229
-9999 -9999
-9999 -9999
-2.310727 1.031054
-9999 -9999
-9999 -9999
0.414099 -0.044689
-1.767827 0.486331
-0.129464 0.944750
1.713121 -0.274567
-9999 -9999
-0.399151 0.220611
-0.298218 0.042080
-9999 -9999
-0.336244 -0.050818
-0.391478 -0.056457
-9999 -9999
-9999 -9999
-9999 -9999
0.382334 0.025942
-9999 -9999
0.397700 0.049867
-9999 -9999
-9999 -9999
-9999 -9999
-9999 -9999
-9999 -9999
-9999 -9999
-9999 -9999
-9999 -9999
-0.367673 0.019689
-9999 -9999
-9999 -9999
-0.393339 0.003388
-9999 -9999
-9999 -9999
-9999 -9999
-9999 -9999
-9999 -9999
-9999 -9999
-9999 -9999
-9999 -9999
-9999 -9999
2.677077 -3.631496
-9999 -9999
0.350403 0.202151
2.425116 -2.773685
-9999 -9999
0.306647 0.023871
-2.567003 0.836279
-2.580906 1.289959
-2.200702 0.931261
-9999 -9999
-9999 -9999
0.420177 -0.022697
1.795675 -0.343832
-1.517833 0.244964
0.278476 -1.085526
-1.487728 0.171543
1.651875 -0.247179
-1.504675 0.095648
0.394858 0.022503
0.031339 -0.229698
-9999 -9999
-0.381765 -0.007719
0.377923 0.023638
-9999 -9999
-9999 -9999
0.411056 0.004887
0.386508 -0.029029
-9999 -9999
-0.007441 -1.193418
-9999 -9999
0.354493 -0.048778
-9999 -9999
-9999 -9999
-0.383936 0.024973
-0.366193 -0.013364
-9999 -9999
0.425825 -0.147961
-9999 -9999
-0.395505 0.040694
-9999 -9999
-9999 -9999
-9999 -9999
-9999 -9999
-9999 -9999
-9999 -9999
-9999 -9999
-9999 -9999
-9999 -9999
-9999 -9999
2.068472 -2.718848
0.204934 0.007548
-0.584516 0.156452
-3.152092 1.074220
-9999 -9999
-2.654842 0.831117
-9999 -9999
2.135154 -0.954708
-9999 -9999
-1.938320 0.258003
0.086745 -1.554550
0.411290 -0.030119
-1.543042 0.273904
1.741604 -0.237165
0.307936 -0.100568
0.103359 -0.976035
1.483591 -0.160400
0.037846 -0.235065
-0.398005 -0.031949
-9999 -9999
-9999 -9999
-0.056122 0.272508
0.000322 -0.255684
-9999 -9999
-0.380979 -0.031244
-9999 -9999
-9999 -9999
-9999 -9999
-9999 -9999
-9999 -9999
-9999 -9999
-9999 -9999
-9999 -9999
-9999 -9999
-9999 -9999
0.176274 2.266290
-9999 -9999
-9999 -9999
-9999 -9999
-9999 -9999
-9999 -9999
-9999 -9999
-9999 -9999
-0.254483 0.072913
-9999 -9999
-9999 -9999
-9999 -9999
-9999 -9999
-9999 -9999
-9999 -9999
-3.549182 1.774710
0.473936 -3.041136
2.761790 -0.354837
-0.276595 -0.075415
2.740976 -0.223013
0.419909 -2.074915
0.376916 0.092712
-0.275108 -0.065496
-0.802710 1.308350
-9999 -9999
-0.608639 0.774719
-0.849368 0.883646
-0.676632 0.792760
0.626884 -0.769864
-0.613542 0.669075
-0.383325 0.080555
-0.354130 0.077299
0.384631 -0.024691
-9999 -9999
-0.369775 0.052851
0.367003 -0.071013
-9999 -9999
-9999 -9999
-9999 -9999
-0.086193 -1.185993
0.019046 1.193332
-0.036050 -1.209598
-9999 -9999
-9999 -9999
0.385107 -0.013882
-9999 -9999
-9999 -9999
-9999 -9999
-0.400230 0.088694
-9999 -9999
-9999 -9999
-9999 -9999
-9999 -9999
-9999 -9999
-9999 -9999
-9999 -9999
0.488606 -0.168006
-9999 -9999
-0.421899 -0.086123
0.382570 -0.045066
-9999 -9999
-9999 -9999
-9999 -9999
-9999 -9999
-3.365916 0.380674
0.426998 -0.005813
0.334810 -2.357911
-0.455301 0.028493
-9999 -9999
-9999 -9999
-9999 -9999
-9999 -9999
-1.821819 -0.106127
-9999 -9999
0.551077 -0.975392
-1.503227 -0.330163
0.493785 -0.873868
-9999 -9999
0.014240 0.720770
-0.029108 0.205429
-9999 -9999
-9999 -9999
-9999 -9999
-9999 -9999
-9999 -9999
0.382332 0.048451
0.375689 -0.003207
0.418496 0.008199
0.379004 0.015181
-0.341198 -0.001098
-9999 -9999
-9999 -9999
-9999 -9999
-9999 -9999
-9999 -9999
-9999 -9999
-0.447174 -0.057535
-9999 -9999
-9999 -9999
-9999 -9999
-9999 -9999
-0.460726 -0.139688
-9999 -9999
-9999 -9999
-9999 -9999
-9999 -9999
-9999 -9999
-9999 -9999
-9999 -9999
-9999 -9999
-2.719129 1.983329
3.001982 -2.031732
-9999 -9999
-9999 -9999
0.559727 0.044135
-9999 -9999
-9999 -9999
-0.250554 1.538692
-0.406010 1.469436
-0.370155 -0.042917
-0.410544 0.013745
-9999 -9999
-9999 -9999
-9999 -9999
-9999 -9999
-9999 -9999
-0.382070 0.005362
-0.052214 0.217994
-0.382001 0.022351
0.007543 -0.254884
0.015157 -0.268830
-9999 -9999
-9999 -9999
-9999 -9999
-9999 -9999
-0.014291 -1.193568
-9999 -9999
-9999 -9999
-9999 -9999
-9999 -9999
-9999 -9999
-9999 -9999
-9999 -9999
-9999 -9999
-9999 -9999
-9999 -9999
-9999 -9999
-9999 -9999
-0.441031 -0.099700
0.502264 0.159716
-9999 -9999
-9999 -9999
-0.334740 -0.101767
-9999 -9999
-9999 -9999
-2.091166 2.317467
-9999 -9999
-0.390303 0.050135
-9999 -9999
-0.275142 -0.297829
0.821273 -3.374431
-2.731348 0.148198
-2.613177 -0.388704
-9999 -9999
0.314277 0.093122
-0.380517 -0.136759
-1.953914 -0.663118
0.396584 0.173143
-1.774196 -0.536937
0.575607 -0.815875
1.455639 0.809416
-9999 -9999
-9999 -9999
-1.356452 -0.770717
-0.381397 0.028548
-0.349318 0.018204
0.014039 -0.251752
-9999 -9999
0.405417 -0.011832
-9999 -9999
0.380201 -0.001523
-0.367247 -0.017131
-9999 -9999
0.442166 -0.021566
-0.400227 -0.004910
-9999 -9999
-0.383714 -0.017383
-9999 -9999
-9999 -9999
-9999 -9999
-9999 -9999
-9999 -9999
-9999 -9999
0.465352 0.007921
-9999 -9999
-9999 -9999
-9999 -9999
-9999 -9999
-9999 -9999
-9999 -9999
-9999 -9999
-9999 -9999
-9999 -9999
-1.214308 2.798767
2.872640 -3.465856
-9999 -9999
-0.334829 -0.060092
-9999 -9999
3.315449 -1.036249
0.263884 -0.245412
0.417710 -0.097010
-2.603726 1.070515
2.214964 -0.679647
-9999 -9999
0.311836 -0.167245
-2.070399 -0.013831
0.218578 -1.344653
-0.356482 0.085964
1.801302 0.072122
1.591025 0.109401
0.344505 -0.100604
-9999 -9999
-0.381234 -0.006323
-0.012780 0.219444
0.015605 -0.262076
0.000381 -0.275627
-9999 -9999
-0.133308 -0.895100
-9999 -9999
-9999 -9999
-9999 -9999
-0.085215 -1.224230
-0.398172 0.033846
-9999 -9999
-9999 -9999
-9999 -9999
-0.033005 -1.467108
-9999 -9999
-0.057856 -1.572882
-0.416780 0.009100
-0.404662 0.169668
-9999 -9999
0.399691 0.001113
-9999 -9999
-9999 -9999
-9999 -9999
-0.347384 0.008605
-9999 -9999
-9999 -9999
-9999 -9999
0.507329 0.062875
-9999 -9999
-9999 -9999
-9999 -9999
-9999 -9999
-9999 -9999
-9999 -9999
-9999 -9999
-9999 -9999
-2.348850 1.562475
-9999 -9999
1.806488 -0.636037
-9999 -9999
-9999 -9999
-9999 -9999
-9999 -9999
1.547799 -0.420040
-0.057976 1.021120
-1.562121 0.526390
0.014970 -0.825569
-9999 -9999
-0.358762 -0.012821
0.026294 -0.256364
0.388779 0.042501
0.410169 0.019974
-0.354947 -0.016903
0.031090 1.030124
-9999 -9999
-9999 -9999
-0.384875 0.041265
-9999 -9999
-9999 -9999
-9999 -9999
0.326849 -0.037210
-0.077570 -1.550344
-9999 -9999
-9999 -9999
0.106639 1.918616
-0.332400 -2.306195
-0.083054 -2.404862
-9999 -9999
-0.260146 -2.445998
-9999 -9999
0.507718 0.096198
-9999 -9999
-9999 -9999
-9999 -9999
-9999 -9999
-9999 -9999
-9999 -9999
-3.127335 3.002456
-9999 -9999
-0.312152 0.091515
-3.224130 2.004320
-9999 -9999
0.341361 -0.114308
-2.802214 0.118154
-9999 -9999
2.374203 -0.355991
-9999 -9999
1.988548 0.193244
-9999 -9999
-9999 -9999
-9999 -9999
-9999 -9999
0.413068 -0.769849
-0.387813 0.864992
-0.343458 -0.016302
-0.386944 0.021545
-0.339233 0.009146
-9999 -9999
-9999 -9999
-0.011812 -0.885267
0.388706 -0.033967
-0.391050 0.049415
-9999 -9999
-9999 -9999
-9999 -9999
0.400934 -0.018120
-9999 -9999
-0.000841 -1.318159
-9999 -9999
-9999 -9999
-0.410181 0.012430
0.350508 -0.033403
0.434567 0.000997
-9999 -9999
-9999 -9999
-9999 -9999
0.442213 0.007026
-9999 -9999
0.368010 0.046483
