1.108037 -0.003135
-1.100361 0.032852
-1.015964 -0.056036
-1.117442 -0.032603
1.098031 0.010114
-1.040929 0.000302
1.039800 -0.001258
1.072336 -0.029510
-1.100491 0.061442
-1.033549 -0.012211
1.074078 -0.041520
-1.022011 0.000936
1.062040 -0.023854
-1.091969 0.017532
-0.993786 0.039493
1.080760 -0.040714
0.945215 -0.034494
1.094486 -0.073396
-1.074108 0.016337
-1.089146 -0.014334
-1.111706 0.142461
1.093128 0.007221
1.071114 -0.095682
1.088270 -0.133002
1.106317 -0.036325
-1.206838 0.001408
1.031071 0.046922
1.162758 0.071766
1.123623 0.028765
-1.063327 -0.083006
-1.158853 -0.034485
1.091179 0.034263
-1.114755 -0.019368
-1.135907 -0.021535
-1.046230 -0.089634
1.099795 0.035517
1.149217 0.006389
-1.184271 -0.032111
-1.102431 -0.055446
-1.102249 -0.022152
1.049066 0.081198
1.132084 0.014856
1.043174 0.054368
-1.078359 0.009475
1.024570 0.029836
-1.053477 0.009112
1.052799 0.010015
1.098937 -0.017645
-1.148035 0.040263
1.036138 0.014668
-1.013957 -0.042357
-1.092157 0.004704
1.138012 0.009289
-1.035650 -0.003870
1.071882 0.026888
1.026417 -0.025648
1.116317 -0.072507
-1.017031 -0.024104
-1.123242 0.013477
-1.042702 0.042333
0.963833 -0.080137
1.070223 0.024589
1.050382 -0.002801
1.023379 -0.043897
1.012252 0.012170
1.100194 -0.073787
-0.992941 0.050967
1.077083 -0.010521
1.152067 -0.062246
-1.041339 0.013960
0.988681 -0.070452
1.044679 -0.117414
1.045746 -0.008089
1.132066 0.091695
1.069107 0.053622
1.168986 -0.010619
-1.057597 -0.042073
-1.130744 0.002315
1.129040 -0.000122
-1.073080 -0.026693
1.043349 0.005645
1.071032 0.001584
1.093251 0.069633
1.128886 -0.004537
-1.033087 -0.002371
1.129260 0.052989
1.109472 0.028975
1.131742 -0.009185
-1.069209 -0.013082
-1.051304 0.006290
1.085316 -0.003386
1.128089 0.050437
-1.020064 -0.028788
1.090178 0.012152
-1.066735 0.009420
1.052969 -0.003357
1.058866 -0.023734
-1.152279 -0.001928
-1.165705 -0.027545
-1.013525 -0.012770
-1.077619 -0.000740
-1.063012 -0.019431
-1.041718 -0.018996
1.030137 -0.022089
1.134597 -0.056278
1.044695 0.022437
-0.992349 0.050175
1.118585 0.003722
-1.034784 0.087975
1.120191 -0.037876
1.051407 -0.057324
-1.094764 0.058240
-1.031921 -0.000026
-1.147744 0.040139
-0.949899 0.044721
0.960996 -0.035386
-1.160497 0.034400
-0.993344 0.009678
-1.008661 0.091194
1.059011 -0.141168
-1.107465 0.017595
1.121030 0.063648
1.048097 0.058193
-1.047871 -0.079786
1.133363 0.003269
-1.059082 -0.040161
1.114269 0.061546
1.104773 0.039864
1.109645 -0.032643
-1.055952 -0.058130
-1.097972 -0.045177
-1.109169 -0.010263
-1.097607 0.004016
-1.122331 -0.031873
-1.120230 -0.052348
-1.124764 0.019587
-1.198163 -0.031764
-1.074514 -0.050380
1.124336 0.018182
1.084790 0.000914
1.046442 0.026271
1.066168 0.014756
1.049740 0.060273
1.087446 0.008570
1.043767 -0.015283
1.090644 -0.035704
-1.043228 0.036364
-1.123909 -0.007485
1.097003 0.040195
-1.042751 -0.045329
-1.047373 -0.023715
-1.087492 -0.009394
1.113032 -0.051559
-0.975671 -0.002641
-1.067845 0.061997
-1.079505 0.040300
1.036240 -0.065147
1.095917 -0.002095
-1.008005 0.019046
1.035751 -0.025127
1.061807 -0.002075
-1.117100 0.034958
0.948987 -0.038670
0.998086 -0.016712
-1.168051 0.111426
-1.063309 0.063182
1.052712 -0.020541
-1.094530 0.102018
1.066628 -0.015008
-1.149291 -0.102409
1.133596 0.037466
-1.101380 -0.087944
1.109079 0.028908
1.118051 -0.001747
-1.147512 -0.027325
1.099853 -0.032224
1.104276 -0.007635
-1.126590 -0.033212
-1.084962 -0.085529
1.085640 -0.001446
1.092630 -0.026360
-1.146085 -0.003079
1.070606 -0.006515
-1.121451 0.028583
-1.156097 -0.045020
-1.077335 -0.052514
-1.038965 -0.009644
1.074311 0.017449
0.981650 0.008323
1.059735 -0.024361
-0.999530 -0.015885
-1.117365 0.031267
1.083254 0.044655
1.089331 -0.026358
1.032477 0.067552
1.058722 0.044212
-1.088662 -0.008516
-1.050925 0.001113
-1.039872 -0.024330
-1.112436 -0.024306
-1.086627 0.025690
-1.035417 0.012024
1.078490 -0.038250
1.138112 0.027491
-1.091254 0.041848
1.103788 0.033430
1.062894 -0.023277
-1.156937 0.071993
-0.972451 0.027747
-1.104668 0.017326
-1.021034 0.075419
-1.050526 0.037544
-1.073650 0.128353
1.092499 -0.041460
-1.106914 0.036762
1.063011 -0.113079
1.071480 -0.003591
1.161401 0.076220
-1.073529 -0.112024
1.163932 0.015230
1.134912 0.073483
1.141666 -0.018600
1.093086 0.040131
-1.089781 -0.077493
1.099214 0.008632
-1.138119 -0.043140
-1.025923 -0.097121
1.143150 -0.021112
-1.050545 -0.031062
-1.130789 -0.087727
1.116714 0.013401
1.096156 0.065304
-1.130236 -0.067591
1.149688 -0.002407
1.128466 -0.000966
1.056651 -0.000368
-1.124610 -0.034650
1.053270 -0.002343
-1.065534 -0.039148
1.052807 0.046028
1.193351 -0.026083
-1.082380 0.024163
-1.079164 -0.057821
-1.066993 0.028214
-1.092165 -0.035454
-1.064784 0.009054
-1.026510 0.028783
1.019963 -0.044656
1.060797 -0.058240
0.962259 -0.002389
-1.080720 0.049772
-1.043411 0.007558
1.019567 -0.036281
1.058098 -0.039997
1.019787 -0.025352
-1.080420 0.035735
0.998558 -0.019051
1.149325 -0.034992
1.084912 0.005454
-1.110818 -0.039310
-1.057218 0.149556
1.034454 -0.054697
-1.084708 0.046802
1.027472 -0.163619
-1.074110 -0.004412
-1.159378 -0.011371
1.092906 0.029794
1.081009 0.057608
-1.137055 -0.036858
-1.044825 -0.032479
1.119900 -0.041525
-1.113944 0.020021
-1.048377 0.003679
-1.109040 -0.030437
1.094620 0.030738
-1.167657 0.036642
-1.077957 -0.040088
1.146446 0.065872
1.043987 0.018590
-1.132115 0.048903
-1.121333 -0.073910
1.124103 -0.011091
-1.073832 0.024825
1.038837 0.004022
-0.999531 -0.024335
1.117128 -0.025722
1.037410 -0.005555
-1.064135 0.007070
1.076657 -0.012218
1.114655 0.020470
1.015822 0.027765
1.078217 -0.017665
-1.105624 -0.015108
-1.037074 0.002199
1.042547 -0.025111
-1.032838 0.010808
1.017261 -0.092683
-0.966931 0.044517
1.084069 -0.012238
-1.052020 0.039234
-1.097723 0.007503
1.002465 -0.061183
1.053945 -0.041100
1.063992 -0.033038
-1.055099 -0.001472
-1.059967 0.075590
-1.013797 0.077236
0.999816 -0.032817
-1.167069 0.116488
0.999060 -0.033530
1.154843 -0.005293
-1.056029 0.124357
-1.113793 0.033093
1.179720 0.052287
1.131435 0.044894
1.077566 -0.006076
1.054990 0.003330
-1.063372 0.044160
1.113476 0.007318
-1.133703 0.048123
-1.063822 -0.007362
-1.078096 -0.032591
1.051212 0.015876
1.105601 -0.030087
-1.099444 0.014792
1.044152 0.024859
-1.018598 -0.009696
1.058686 0.044165
-1.155191 -0.020737
-1.070222 -0.054083
1.131418 0.010266
1.041171 0.009252
-1.116188 -0.001737
1.057442 0.004069
1.038501 0.055009
-1.072181 -0.025260
1.114114 0.045142
1.039748 0.017773
1.082315 0.060614
0.930615 0.010138
-1.168249 -0.002257
-1.031542 -0.000386
1.076405 0.021823
1.018367 -0.047664
1.112660 -0.032903
0.969854 -0.004819
-1.088872 0.054206
-1.101184 0.002513
-0.983027 0.066718
1.083148 -0.025252
1.059987 -0.052363
0.994367 -0.117406
-1.033784 0.058818
-1.071641 0.087193
-1.019908 0.052457
-1.073612 0.019278
-1.069107 0.140942
1.024100 -0.082109
-0.957654 0.120055
1.089486 -0.137954
1.052219 0.072616
1.098990 0.119306
-1.091734 -0.061788
1.100122 0.029887
-1.076828 -0.111998
-1.063592 -0.044184
1.160613 0.038317
1.062693 0.065623
-1.136284 -0.028042
-1.092352 -0.097650
-1.061164 -0.107969
-1.107554 -0.056670
-1.070862 -0.020183
1.158190 0.039170
1.123520 0.109731
1.077389 -0.011262
-1.083440 -0.110470
1.030406 0.058010
1.091581 0.035931
1.058662 0.008777
1.023483 0.072536
0.989337 0.035245
-1.092811 -0.008718
-1.118488 -0.034119
-1.020424 -0.022304
0.999106 -0.015685
1.056598 0.047082
1.030493 -0.005070
1.130244 0.015372
-1.067376 -0.021389
-1.023193 0.005180
1.069099 -0.029585
1.035393 -0.042708
-1.013234 0.044533
1.148792 -0.030177
-1.022978 -0.014102
-1.005145 0.040345
-1.113508 0.013967
-1.037152 0.011806
1.079924 -0.055453
0.971453 -0.001791
-1.093835 0.086723
-1.086124 -0.006349
1.026928 -0.033273
1.137438 -0.108863
-1.013265 -0.012542
-1.047297 0.003706
-1.030867 0.150489
1.039300 -0.001312
1.185789 -0.008805
-1.163098 0.002278
-1.095415 -0.046405
-1.074193 -0.069736
1.083267 -0.017630
1.115869 0.029251
-1.096565 0.006347
1.092105 -0.005710
1.085698 -0.012430
1.041569 0.080779
-1.116676 -0.029055
-1.066284 -0.048440
-1.143227 -0.038866
1.044339 0.092748
1.117643 -0.012641
1.072829 0.096522
-1.077450 -0.042905
-1.127500 -0.001745
1.099782 0.031185
-1.057356 -0.006226
1.045922 0.003348
1.002004 0.015852
-1.099186 0.022253
-1.114459 -0.022171
-1.023636 0.003745
1.062824 0.046170
1.033589 -0.052502
-1.073925 0.017560
-1.037375 0.000276
1.069864 -0.008525
-1.044431 0.056350
1.059445 -0.030517
1.052436 -0.030509
1.061520 -0.060856
1.064948 -0.042188
-1.006217 0.016194
-1.049618 0.051857
0.994260 -0.034607
1.027031 -0.111767
0.958359 -0.078251
-0.998476 0.037648
0.943041 -0.068955
1.051966 0.008574
1.185159 -0.070532
0.978548 -0.072151
-1.097521 0.073676
1.056669 -0.142441
1.079563 -0.048763
1.141245 0.016425
1.051317 0.018860
1.088007 0.027177
1.075762 -0.026429
1.041509 0.072265
-1.089882 -0.003329
-1.146502 0.087270
-1.108684 0.034876
-1.056672 0.028699
-1.057323 -0.018987
1.082310 -0.017086
-1.071065 -0.037162
-1.116877 -0.020656
-1.040105 0.030007
-1.138115 0.026155
1.172882 0.023981
1.014164 0.044296
-1.051137 -0.012497
-1.119194 0.024481
1.048944 0.067997
-1.038386 0.020974
-1.045947 0.009235
-1.028088 -0.007028
1.087882 -0.047309
1.056906 -0.046374
1.109635 0.009062
1.067720 -0.033406
-1.085358 0.027366
1.047418 -0.010392
-0.948436 0.031481
1.086328 -0.040659
1.019280 -0.089295
-1.028237 -0.022479
1.103176 -0.023309
1.057481 -0.050124
1.019460 -0.082252
1.070122 -0.024068
1.069319 -0.052833
1.043563 -0.063440
-0.994660 0.046888
1.061015 -0.107428
-1.060313 0.061646
1.076171 -0.023785
1.131220 -0.169384
-0.983038 0.138970
-1.013149 0.162370
-1.144726 0.226229
1.130384 -0.001346
1.187555 0.033602
1.134213 -0.009097
-1.109265 -0.035562
1.089443 0.072426
1.079368 0.031365
-1.142229 0.018881
1.114205 0.045442
1.071960 0.053462
1.067082 -0.014202
1.075308 0.090494
1.107305 -0.021859
-1.092995 -0.052881
1.021321 0.081641
-1.046465 -0.033441
1.139640 -0.027893
1.037173 0.061426
1.157953 -0.017647
1.034510 0.029901
-0.998755 0.010664
-1.057515 -0.009653
-1.032617 0.042047
1.052754 -0.020605
-1.123104 0.015023
-1.037523 -0.006194
1.101660 -0.005545
-1.113846 0.008411
-1.049755 -0.012925
1.124506 0.013335
1.033490 0.002440
1.054773 0.030049
1.122263 -0.057421
-1.049457 0.068137
0.997140 -0.010177
1.067196 -0.078055
1.065743 -0.081442
-0.995716 0.089404
-1.113282 0.029160
1.040926 -0.062828
-1.023074 0.115515
0.992104 -0.041766
-1.037119 0.102601
-1.037088 0.051913
-0.992032 0.070498
-1.142288 0.179145
1.116977 -0.023352
-1.029233 0.115806
-1.110968 0.198989
1.037049 0.003434
-1.184776 -0.103738
-1.139947 -0.025785
1.044901 0.098532
1.038787 0.069632
1.050392 0.044669
1.132764 -0.005130
-1.128707 0.002856
-1.101539 -0.039856
1.092911 0.011404
1.017298 0.079021
1.101040 0.010878
-1.033302 -0.051944
1.029730 0.055915
1.049373 0.100439
-1.076338 -0.063101
1.100505 0.102603
1.066179 0.011725
1.074036 -0.025836
1.052399 -0.010705
-1.029281 -0.026525
1.082348 -0.032057
-1.059875 -0.020032
-1.083730 -0.026336
-1.084771 -0.019131
-1.082359 0.018324
-1.103670 0.013962
-1.117410 -0.012106
1.096422 0.025729
1.009534 -0.015437
-1.055734 -0.010424
1.012911 -0.024128
1.154962 -0.042829
1.015356 0.026301
1.045767 -0.004642
1.002422 -0.060810
0.995901 -0.037711
-1.004714 0.032357
1.004055 -0.051764
1.053242 -0.068517
-0.972616 0.088465
-1.105204 0.123911
1.071596 -0.054257
-1.108903 0.029958
1.149215 -0.134892
1.019165 0.018748
1.116006 -0.056647
1.119183 -0.142777
1.138980 0.026588
-1.148027 -0.010588
1.011702 0.066257
-1.079249 -0.055149
1.099057 0.058235
-1.133917 0.029183
1.093540 0.025821
1.082615 -0.037657
-1.100110 0.031566
1.058742 0.004262
-1.048781 -0.074700
-1.125218 0.016134
-1.161465 0.004214
1.041059 -0.005629
1.079268 0.015755
1.152506 -0.036914
1.065812 0.069917
1.063821 0.023139
1.136446 -0.009796
1.118386 -0.035630
1.100306 -0.001999
-1.025636 0.002056
-0.992436 -0.015686
-1.016957 -0.026026
1.105046 0.050475
0.991310 0.021934
1.089545 0.004687
1.126940 -0.005964
1.107559 -0.038669
1.089397 -0.018593
-1.027384 0.001476
1.040394 -0.067087
1.123955 -0.032515
-1.037815 0.046255
1.121146 -0.051327
-0.952245 0.053901
-0.985992 0.061284
-1.050539 0.035732
-1.055907 0.064912
-1.061557 0.074536
-1.016689 0.080226
1.079391 -0.064342
-1.104467 0.039127
1.029109 -0.013383
1.132192 -0.131572
0.996132 -0.068546
-0.962789 0.152341
-1.099173 0.165437
-1.099392 -0.050993
-1.107879 -0.037335
1.065662 0.027973
1.078827 0.047024
1.146969 0.027181
-1.102464 -0.054254
1.142369 0.037348
-1.064011 -0.009769
1.026173 0.026374
1.111729 0.034085
-1.047602 -0.013925
-1.127917 0.009503
1.018964 0.026756
-1.063179 -0.026702
-1.115191 -0.025699
1.114236 0.015983
1.114883 0.040458
-1.108600 -0.043898
1.022142 0.005517
-1.150820 0.043570
1.060625 0.025505
1.088630 -0.013031
1.074810 0.020849
1.031436 -0.011434
1.060143 -0.008382
-1.139170 0.003393
-1.011428 -0.061448
1.127461 0.022835
1.101127 0.005437
1.027658 0.015002
1.061685 0.017303
1.089540 -0.012354
1.063205 -0.077387
-1.119353 -0.026103
-1.063286 0.027963
-0.968292 0.036860
-0.988313 0.029974
1.127522 0.002308
1.047603 -0.014300
0.982187 -0.064081
-1.022138 0.001879
1.134386 -0.019066
0.956751 -0.084136
1.084810 0.059452
1.134116 -0.082275
0.976011 0.037679
-1.088220 0.037040
1.168202 -0.053451
-1.062113 -0.047078
1.266606 -0.041534
1.128723 -0.010652
-1.112737 -0.086635
1.114868 0.013747
1.094616 -0.008869
-1.097559 -0.032707
1.172844 -0.049257
1.061812 -0.001507
1.099752 -0.000450
-1.065300 -0.093781
1.107170 0.011214
-1.113639 -0.045133
-1.036172 -0.043867
-1.107588 0.001043
-1.096033 0.046538
-1.112848 -0.048073
-1.122464 -0.009341
-1.092243 -0.032471
-1.100449 0.002270
-1.035904 -0.000765
-1.030944 0.022525
-0.981970 -0.036880
1.081660 0.039521
