0.620504 -0.058057
-0.591277 0.009980
0.460645 0.031744
0.365572 -0.137633
-0.669286 -0.101882
0.794528 0.039227
0.385747 -0.030638
0.437340 -0.001488
-0.233724 0.083322
0.306309 -0.107617
0.444100 -0.041297
0.496585 0.048863
-0.693435 -0.101634
-0.272323 0.112644
-0.232856 0.038075
0.280568 -0.147032
-0.637734 0.067833
0.422229 0.044630
0.796138 0.059600
-0.663034 -0.122808
-0.297360 0.019515
0.566366 0.052185
-0.282192 0.089991
-0.180787 -0.007371
-0.486599 0.031956
0.544559 -0.191029
0.370404 -0.142887
-0.616272 -0.094821
0.341644 -0.062286
0.525805 -0.031604
-0.409822 0.058094
0.599864 0.070549
-0.438246 0.139124
-0.656646 0.028367
0.420620 0.016810
0.374274 -0.021175
0.668095 -0.125474
0.465553 -0.014891
0.583205 -0.173635
-0.654883 -0.008589
-0.506671 0.187539
0.465376 -0.221259
0.571701 0.226203
-0.649244 -0.000915
0.477660 -0.112369
-0.402298 0.115218
0.535257 -0.061106
0.506839 -0.260148
0.440767 -0.250686
0.482441 -0.193939
-0.384048 0.210914
-0.561640 0.069812
-0.354704 0.191166
0.427183 -0.301646
0.292691 -0.132520
-0.285857 0.119183
-0.634826 0.017469
-0.550366 0.074707
0.632314 0.060453
0.649619 0.002007
0.232908 -0.135895
0.296443 -0.132358
0.201760 -0.095319
0.580814 -0.142758
-0.258978 0.150512
0.673756 0.041657
-0.296465 0.157710
-0.172328 0.040030
0.305727 0.043765
0.337640 0.092101
0.217353 0.057110
-0.600245 -0.004405
0.444521 -0.125131
-0.471246 -0.005898
-0.513546 0.179939
-0.512089 0.000816
-0.720411 -0.019442
0.509540 -0.056229
0.392765 0.000380
0.482046 -0.081373
0.453352 0.052648
-0.601798 0.088969
-0.489905 0.082191
0.650085 -0.070838
-0.620468 0.175055
-0.501285 0.057824
-0.675454 0.130595
-0.636831 0.043391
-0.763478 -0.024581
0.457261 -0.249067
0.674523 -0.093914
-0.443810 0.175030
0.612022 -0.161057
-0.697980 0.147258
-0.433088 0.100975
-0.677895 0.060589
0.729869 -0.194171
0.450453 -0.168358
-0.387154 0.147385
-0.502659 0.260130
-0.485774 0.148918
0.729131 -0.116278
-0.584599 0.000936
0.447613 -0.080976
0.582385 0.073212
-0.558278 -0.011996
-0.254253 0.035378
0.674978 0.028461
-0.583559 -0.046440
0.313853 -0.148176
-0.311866 0.095571
-0.637262 0.144295
0.715756 -0.063209
0.223617 -0.113907
0.689018 -0.108036
-0.539053 0.091756
-0.538546 0.012628
-0.216403 0.056228
-0.776446 0.126392
-0.188609 0.034173
0.583068 0.019424
0.458026 -0.012548
0.298640 -0.191291
-0.411883 0.063653
-0.357143 0.132566
-0.685599 -0.041279
0.548081 0.145760
-0.503675 -0.117153
-0.714895 -0.007968
0.546384 -0.015467
0.464541 0.053339
0.529800 -0.083785
-0.478691 0.042201
-0.630014 -0.029233
-0.392890 0.091124
0.596832 -0.012483
-0.722820 -0.073737
0.332726 -0.178438
0.342850 0.071586
0.691623 0.001603
-0.546046 0.033666
-0.647292 -0.033505
0.596767 -0.045001
0.517818 -0.348465
-0.737638 0.123171
0.572217 -0.127495
0.574278 -0.008874
0.562257 -0.021016
0.585423 0.051099
0.721190 -0.054671
-0.477600 0.093652
-0.343029 0.041064
0.629104 0.000238
0.380107 -0.133861
-0.534847 -0.021484
0.293278 -0.028609
-0.318942 0.074602
0.294797 -0.146043
-0.292337 0.008265
-0.658025 0.112509
-0.223999 0.020202
0.296413 -0.070756
-0.653334 -0.007567
-0.635371 0.025256
-0.240096 -0.123577
0.714654 0.171969
0.645029 0.049711
0.203557 0.027713
-0.622230 0.005142
0.666903 0.006662
-0.406167 0.148150
-0.631595 -0.016726
-0.435443 0.043146
0.565135 -0.041104
-0.655496 0.007449
0.620486 0.010776
-0.508003 0.089175
0.677946 0.037242
-0.567789 -0.032853
-0.483973 0.137043
-0.390623 0.203215
0.605461 -0.127506
0.504190 -0.073180
0.528971 0.051630
0.659160 -0.172532
0.393688 -0.165045
-0.728679 -0.040575
-0.506850 -0.034396
-0.418763 0.109582
-0.500736 0.185399
-0.492054 0.012536
0.648664 -0.031447
-0.509982 0.226544
0.715067 -0.118158
-0.538857 0.155582
0.565609 0.003578
0.337895 -0.140755
-0.690539 -0.073082
0.365705 -0.152579
0.466413 -0.065803
0.350080 -0.093713
0.558520 0.039943
-0.639419 -0.168004
-0.280580 0.031620
0.570856 0.013620
-0.277179 0.130230
0.315176 -0.073244
-0.570973 -0.052457
0.352020 -0.008663
-0.421381 0.101517
0.834684 0.039714
0.266924 -0.037848
0.271875 -0.029020
0.242801 -0.015182
-0.490282 -0.091207
-0.261448 0.002139
-0.461365 -0.029338
-0.774608 0.023497
0.702367 -0.167483
-0.567291 -0.106425
0.650748 0.060177
-0.695951 -0.097560
0.633918 0.146857
-0.537356 -0.085936
0.514826 0.013931
0.721963 0.007847
-0.714981 -0.132343
-0.381772 0.208176
0.616723 -0.052363
0.633812 -0.033750
0.547434 -0.141340
0.697031 0.091795
-0.640423 0.120972
0.385735 -0.293666
0.405286 0.065195
-0.560273 0.083384
-0.609686 -0.119963
0.467580 -0.104992
0.341132 -0.028261
0.471233 -0.223807
-0.638994 0.016405
-0.425063 0.257893
-0.654071 0.004919
-0.643150 0.028085
-0.697821 -0.048105
-0.675729 -0.076138
-0.664943 0.003238
-0.710181 -0.052770
-0.366197 0.042231
0.576070 -0.005033
0.559203 0.014608
-0.683087 -0.016721
-0.342512 0.071435
0.421365 -0.087426
0.541236 -0.041783
0.228029 -0.213013
-0.620943 0.020647
0.412037 -0.127037
0.775784 0.012332
0.241440 -0.131253
-0.527237 -0.039786
-0.683279 -0.066730
-0.265898 -0.043947
-0.139120 -0.092358
0.410233 -0.075988
0.697404 -0.004856
-0.660034 -0.058364
0.745503 0.142090
-0.317418 0.033034
-0.431948 -0.015909
0.517694 -0.035090
-0.621019 0.022953
-0.465977 -0.049625
0.782911 0.047533
0.670541 0.044856
0.367741 -0.005101
-0.576066 0.015896
-0.547249 -0.076390
-0.484590 0.131370
-0.549538 -0.007042
0.809287 -0.021560
0.422004 -0.164449
-0.392516 0.008383
-0.454016 -0.058150
-0.473811 0.075806
-0.426308 0.177682
0.584212 0.149730
0.594614 0.099262
0.442187 -0.360580
0.619318 -0.078223
-0.739532 -0.002823
0.523019 -0.079984
0.460947 -0.153313
0.379533 -0.143692
0.646960 0.014995
-0.392089 0.068109
0.325694 -0.089988
-0.556812 -0.029812
0.649265 0.050506
-0.217672 0.028017
-0.281919 0.060866
0.629935 0.023559
0.391937 -0.033872
0.688470 -0.055971
-0.743746 -0.002811
0.414403 -0.020542
0.748272 -0.098831
-0.312069 0.051706
0.171933 -0.048082
-0.605407 0.053911
0.538502 0.040323
0.644784 -0.046593
0.699876 0.077279
0.476624 -0.024633
-0.493861 0.044677
0.541044 0.172595
-0.383877 0.108017
0.510021 0.045660
-0.682907 0.039215
0.442414 0.068923
-0.498776 -0.043702
0.634796 -0.132639
-0.575373 -0.041438
0.393827 -0.106899
-0.681710 0.114314
0.544566 -0.187680
0.660274 -0.048031
-0.618339 -0.002236
0.709864 0.112373
0.406033 -0.222403
0.581209 -0.016427
0.552529 0.009620
0.481696 -0.107765
0.363229 -0.142383
-0.620880 0.020138
-0.640997 0.031365
0.557999 -0.332826
0.327510 -0.120724
-0.572341 0.024745
-0.533853 0.030608
0.470575 0.037103
-0.494490 0.078786
0.411813 -0.143425
-0.357590 0.150260
-0.364886 0.153095
-0.439644 0.151231
-0.289930 0.085594
-0.599373 0.029111
0.635257 -0.034912
-0.211568 0.123457
-0.677271 0.037540
0.598198 -0.055698
0.275014 -0.105688
-0.337394 0.022924
0.604993 0.007627
0.353390 -0.076252
0.594890 0.034223
-0.674865 -0.088940
0.707589 -0.017974
0.156863 0.015826
-0.536796 -0.083755
0.549286 0.049900
0.424612 -0.106807
-0.413609 -0.008759
-0.438450 0.062718
0.669288 -0.007809
0.475292 -0.143983
0.446765 0.115502
-0.297819 -0.005956
-0.335545 -0.008419
-0.686012 -0.076110
0.521069 -0.065966
0.557585 -0.117022
0.571588 -0.138138
-0.356011 0.091882
-0.528118 0.081779
0.422106 -0.150655
-0.576934 0.087802
0.538123 0.024657
-0.333302 0.007901
0.516075 -0.031491
-0.658950 -0.002339
-0.343060 0.165558
-0.559172 0.034965
-0.386060 0.314576
0.600461 -0.058577
-0.573190 -0.036730
-0.635326 0.078569
0.636135 0.051193
0.740299 -0.032355
0.217218 -0.208719
-0.686575 0.003964
-0.527206 -0.040352
0.654658 0.057990
0.309817 -0.061891
0.274097 -0.151261
-0.629955 0.080431
-0.344757 0.146969
-0.588185 0.097561
-0.634771 0.087309
0.698803 0.065930
-0.400094 0.108844
0.676477 0.042779
0.641483 0.056169
-0.710948 -0.083291
0.624873 -0.054759
-0.644195 0.077555
0.225188 -0.138538
0.490324 0.132516
-0.680000 -0.042186
-0.658772 -0.087395
-0.570786 0.003699
-0.706349 -0.110496
0.694437 0.065839
-0.518755 -0.167020
-0.594290 -0.045787
0.283407 0.032956
0.337187 -0.054865
0.569954 -0.133206
0.392131 -0.151451
-0.686705 0.013768
-0.525053 0.006499
-0.445236 0.175498
-0.540504 -0.024546
0.720678 0.026112
0.556843 -0.113762
-0.773599 -0.037378
-0.543458 0.071340
0.602419 -0.138942
-0.647271 0.000255
0.719792 -0.075684
-0.671686 0.085784
0.533223 -0.221721
0.494705 -0.160290
-0.676214 -0.064011
0.618733 -0.024490
0.392261 -0.137996
-0.458976 0.039477
-0.551407 0.023296
-0.675467 -0.021943
0.405796 -0.116095
-0.378662 0.211657
0.248260 -0.160027
-0.607635 0.062636
0.596730 0.098706
0.227260 -0.221268
0.625881 -0.093026
0.562556 -0.149597
0.721986 -0.169444
-0.280664 0.040688
-0.429618 0.092840
-0.592360 0.032557
-0.369740 0.009191
-0.567955 0.080308
-0.155174 -0.070535
-0.605038 -0.009171
-0.689246 -0.026073
-0.573623 0.015882
0.395760 -0.142927
-0.508106 -0.065785
-0.535169 -0.013043
0.558294 0.127706
-0.409891 0.008241
0.671159 -0.016336
-0.474279 0.006818
-0.525887 0.009058
0.515905 0.104224
-0.542473 -0.012733
-0.723901 0.029428
-0.560112 -0.002764
-0.469887 0.174055
0.759763 0.046745
0.725198 0.045189
-0.531719 0.266795
-0.778004 -0.075183
-0.352101 -0.005882
0.554638 -0.150680
0.776786 0.089117
0.606234 -0.016343
-0.468663 0.208397
0.614396 -0.036659
0.565583 -0.014412
-0.449767 0.063126
0.379669 -0.205278
-0.380809 0.173583
-0.745835 0.074076
0.567558 -0.074154
-0.441348 0.159561
-0.329789 0.111334
-0.538058 -0.060929
0.726543 0.083046
-0.327600 0.148972
-0.621311 -0.049525
-0.296150 0.118099
-0.634041 0.124789
-0.301471 0.168187
0.399143 -0.216741
0.617916 0.081365
0.448581 -0.173687
0.780876 -0.036759
-0.631754 -0.025295
0.237273 0.099887
0.266766 0.055160
-0.308523 -0.011536
0.469841 0.017102
-0.717769 -0.046619
0.550470 -0.044668
-0.455997 0.017502
-0.507053 0.032249
0.637966 -0.023643
0.583253 0.015050
0.665840 -0.029104
-0.483339 -0.005546
-0.660414 0.047298
-0.558331 -0.031894
-0.599317 -0.006054
-0.372446 0.122396
-0.637568 0.103827
0.482668 -0.280978
0.569555 -0.031391
0.688797 -0.148273
0.389172 -0.173481
-0.547119 -0.143286
-0.501444 0.072901
-0.460468 -0.000624
-0.539464 0.005705
-0.536335 0.015379
0.499349 -0.273768
-0.491011 0.226089
0.495356 -0.247619
-0.328504 0.058956
-0.473263 0.233198
-0.687981 0.030389
0.728637 -0.026794
0.696112 -0.085206
0.589854 0.006014
-0.513310 -0.085244
0.563716 0.064744
-0.319592 0.170572
-0.318354 0.029675
0.593090 0.035964
0.615397 0.081440
0.194548 -0.182749
0.585281 0.014213
-0.246783 0.013872
-0.305269 0.089077
0.188175 -0.018155
0.311101 -0.008607
0.105496 0.022125
-0.714956 0.151971
-0.570373 0.012535
-0.273135 0.018808
-0.600469 -0.166153
-0.350359 0.054389
-0.535338 0.133599
-0.522143 0.073702
0.605904 0.038111
0.555238 0.034896
0.429142 -0.055325
-0.369028 -0.084241
-0.654034 0.037250
-0.758709 -0.058918
-0.375885 -0.006319
0.486569 -0.032696
0.481650 -0.199251
0.562052 -0.031133
-0.595669 -0.034983
0.641196 -0.232154
-0.750879 -0.058523
0.656662 -0.064283
-0.528119 -0.063867
0.418250 -0.102337
0.490052 -0.154796
-0.592618 -0.062736
-0.359987 0.101499
0.692390 0.074353
0.759832 -0.037629
-0.432543 0.156027
-0.602624 0.019945
0.654765 0.011882
0.399206 -0.135997
0.739241 -0.017986
-0.599479 0.014494
-0.305375 0.137000
0.383711 -0.178702
0.578129 0.042686
-0.688349 -0.107408
-0.593330 -0.007496
-0.704488 0.045409
-0.635576 -0.058697
-0.302221 0.136301
-0.483665 0.087716
-0.354416 0.188953
0.607690 0.103267
-0.401365 0.072058
-0.669585 -0.069244
-0.221034 0.061662
0.520867 0.048972
0.592286 -0.059461
0.250711 0.096094
0.491541 0.067836
-0.513313 -0.145898
-0.553642 0.120503
0.428878 0.342765
-0.247439 -0.024558
-0.449689 -0.106781
0.443317 0.090571
0.428088 0.142770
0.458576 0.057074
0.464415 0.062097
-0.511324 -0.072009
-0.598176 0.029284
0.682189 0.000879
0.506952 -0.008158
-0.428066 0.138880
0.691590 0.161756
-0.636362 0.127915
-0.472021 0.143726
-0.705399 -0.156579
0.691766 0.067830
0.611362 0.016873
0.428458 -0.175741
0.533404 0.052216
-0.472316 0.187629
-0.418805 0.324298
-0.351307 0.189446
0.439219 -0.092665
-0.471171 0.086917
-0.385173 0.163107
0.853398 -0.042238
-0.386103 0.149295
-0.656999 0.021301
0.597556 0.038264
-0.364824 0.216688
-0.399892 0.117247
0.555061 -0.025485
0.650287 0.012446
-0.633089 0.024039
0.324261 -0.236492
-0.171099 0.073472
-0.612604 0.117268
0.606329 -0.013678
-0.386077 0.152761
-0.657032 -0.046991
-0.330463 0.042424
0.156260 -0.073242
0.644163 0.093097
0.535594 -0.039971
-0.505825 -0.090908
0.356475 0.015161
-0.485063 0.110957
0.626911 0.132985
0.761179 0.056671
-0.758669 -0.058004
0.651076 -0.096934
-0.662988 0.053079
-0.463244 0.016825
0.445757 -0.040662
0.712084 0.064335
0.498392 -0.058082
-0.565375 -0.003408
0.642360 -0.105240
0.459211 -0.067210
-0.464096 0.125464
0.724945 -0.250784
-0.480569 0.274857
-0.569850 -0.010899
-0.620067 -0.020800
0.631141 -0.094211
0.366089 -0.157438
-0.346249 0.055653
0.482877 -0.192837
0.374185 -0.240368
0.457915 -0.168429
0.650332 -0.037845
0.351864 -0.183920
0.381738 -0.212326
-0.805922 0.107083
-0.337547 0.073629
0.709039 -0.024996
-0.629089 -0.125942
0.602511 0.037846
-0.742605 -0.074557
0.269125 -0.047467
0.589620 0.059161
-0.292361 0.186092
0.634675 -0.059536
-0.289609 0.086424
-0.378536 -0.033311
0.728475 -0.028816
0.267649 -0.147081
-0.333668 0.044608
0.184596 -0.000802
0.274218 -0.037029
-0.345654 0.092527
0.672158 0.091187
-0.521757 0.018811
-0.624603 0.066751
-0.537716 0.119463
-0.802887 0.027845
0.538035 -0.016728
0.624141 0.037176
0.515403 0.013681
0.602639 -0.051125
-0.428971 0.042820
-0.721767 0.066668
-0.638101 -0.085378
0.333280 -0.148835
0.613190 -0.186879
-0.546944 0.049509
-0.555591 -0.015415
-0.675963 0.097285
-0.654746 0.213587
0.417701 -0.259272
-0.447403 0.019746
-0.623141 0.019797
-0.480267 0.026078
-0.676781 0.017213
0.377881 -0.163333
0.682684 -0.172784
