-1.082379 -0.244401
-0.779952 0.088815
0.774641 0.262285
0.685419 -0.176683
-0.746610 -0.032379
-1.002335 -0.154320
-0.715105 -0.040971
1.127435 0.211645
1.201733 0.379537
1.107888 0.032637
-0.779829 0.001909
-0.544339 0.099661
-0.899141 -0.095380
-0.754693 0.109703
0.738521 0.161202
-0.834782 -0.104653
1.160481 -0.267847
0.923408 0.086343
1.132140 -0.243848
1.104112 -0.018669
-1.287245 0.276734
1.144329 -0.238622
-1.649546 0.367201
-0.951151 -0.240219
-0.731006 0.082488
-0.798377 -0.520559
0.859018 -0.053953
-0.523610 -0.372833
0.714265 -0.106189
0.559550 0.374806
-0.630266 -0.419310
0.903906 -0.020685
-0.628411 -0.389694
-0.616008 -0.342735
-0.546322 -0.458831
0.582338 0.357476
0.818113 0.040043
-0.615868 -0.268456
-0.650491 -0.043253
-0.703104 0.017439
-0.541341 -0.270406
0.656241 0.210739
-0.664189 0.079056
-0.769575 -0.391496
0.711587 -0.004013
0.820354 -0.019653
-0.622406 -0.024339
-0.697196 -0.344723
-1.049419 -0.125382
-0.764783 -0.179087
0.609737 -0.054146
0.846761 0.056065
0.707538 -0.053398
-0.881686 0.039717
-1.046643 0.081465
1.402420 0.415348
1.293909 0.166178
1.236625 -0.081777
-1.209513 0.172200
-1.066595 0.060356
-1.213301 0.242261
0.791348 -0.141897
0.864859 -0.003242
0.631501 -0.097503
1.200526 -0.530415
1.239214 -0.284302
0.646981 -0.234853
1.045665 -0.434860
-1.349816 0.265166
-1.317274 0.213051
-1.342988 0.747157
-0.459068 0.343672
0.923423 0.073342
-0.660967 -0.540583
-0.731806 -0.031608
0.779374 0.020850
-0.627137 -0.035924
-0.601174 -0.492515
-0.908679 -0.058311
0.886606 0.076334
-0.508399 -0.351190
-0.532160 -0.336627
-0.610810 -0.498539
-0.671201 -0.536300
0.716648 0.117648
0.878511 0.046309
0.520277 0.379159
0.774129 0.371618
-0.536508 -0.309684
-0.639463 -0.291271
-0.626062 0.038954
-0.634788 -0.035136
-0.665228 -0.138454
0.782540 -0.087566
-0.555542 -0.006115
-0.625989 -0.368929
-1.083176 -0.130462
0.641578 0.092784
0.676566 -0.081128
-0.864219 0.256303
-0.713912 -0.029347
-0.834912 0.017502
-0.572237 0.224787
-1.012413 0.265658
-1.459295 0.125862
-0.844083 0.068402
-1.141875 0.266946
-1.137640 0.281791
1.172237 -0.239495
0.867616 -0.215999
0.847074 -0.009299
-0.949207 0.290405
1.248300 -0.370507
-0.845638 0.071984
0.994421 -0.446979
-0.799302 0.103483
1.385832 -0.353841
-1.280364 0.130019
-1.182246 -0.041536
-0.709656 0.181178
-0.944164 0.038048
-0.873291 -0.005999
0.622869 0.448950
-0.618297 -0.508761
0.771619 -0.014986
-0.792626 0.112964
0.598762 0.398171
-0.592734 -0.546310
0.738038 0.379335
-0.466373 -0.409719
0.579650 0.389874
0.939522 0.009031
-0.797621 -0.410063
-0.685462 -0.283873
-0.530098 -0.346099
0.863896 -0.078854
-0.756753 -0.021121
0.670097 -0.032688
0.879159 0.231356
0.836000 -0.079790
-0.762476 0.109089
-0.713062 -0.009360
0.698607 0.328199
0.942055 -0.194152
-1.147532 -0.231908
0.752167 0.319240
-0.759142 -0.252026
-1.014204 -0.079833
0.607267 0.022255
0.664804 -0.044938
-0.870690 0.134799
0.660212 -0.059149
-1.963271 -0.311217
-1.129298 -0.088555
-1.106755 -0.184785
0.689886 -0.133354
1.057419 -0.235458
0.888322 -0.117364
-0.893450 0.017652
-0.665987 0.089974
-0.638785 0.322158
1.371609 -0.196282
-1.083365 0.488857
0.655250 -0.083017
0.816005 -0.093855
0.707273 -0.111769
-0.802908 0.216842
-0.584306 0.362636
0.687466 0.573591
0.699891 0.593180
0.981305 0.076361
0.707085 -0.020967
0.744899 -0.035674
-0.693177 -0.469115
-0.934461 -0.075151
0.690831 0.497616
0.669050 0.409699
0.688131 0.037580
-0.797549 -0.048623
-0.580463 -0.570551
0.545635 0.451141
0.560397 0.303338
-0.415235 -0.369005
-0.731336 0.025891
-0.558303 -0.312568
0.653861 0.271786
0.849363 0.240102
0.718673 -0.007562
-0.718647 -0.271562
-0.687179 -0.107360
0.654546 0.316275
0.706501 0.287246
0.957088 0.233827
-0.706063 -0.082159
-0.755193 0.115715
0.742565 -0.203739
-0.703871 0.136018
-0.734553 0.122862
0.903306 -0.095463
0.791769 -0.061386
1.895425 0.106724
-0.644908 0.287247
-1.337036 0.056288
-1.063617 0.234092
0.752302 -0.222117
-0.755007 0.116929
0.646674 -0.151578
-0.801840 -0.081610
-0.590091 0.301187
-0.939216 0.167226
0.942940 -0.484071
0.949863 -0.544280
1.292313 -0.256459
-1.414278 0.049588
-1.041129 0.107590
0.850236 -0.215855
-0.585506 -0.561040
-0.887739 -0.063461
0.603604 0.483495
0.692174 -0.078142
0.593570 0.506356
0.760974 -0.053344
-0.787392 -0.000797
0.567539 0.444656
-0.724946 -0.025527
0.514108 0.311302
-0.844170 -0.011567
0.489550 0.487639
-0.901067 -0.087234
-0.840667 -0.046209
-0.773822 0.048641
-0.847447 0.011156
0.729767 0.306664
-0.706196 0.012175
0.819316 -0.078428
0.849379 -0.103449
0.801278 -0.143769
-0.475633 -0.259252
-0.575672 -0.290321
-0.436590 -0.349805
0.931292 0.338165
-0.801280 -0.224377
0.731096 0.278205
0.850561 -0.187392
-0.716149 -0.054831
0.727011 0.160957
-1.060917 0.020543
-0.980252 -0.093096
0.977704 0.258800
1.102472 -0.229343
0.893753 0.103326
-0.771220 0.064186
-1.048241 0.138580
0.706059 0.014915
-0.724006 0.231781
0.661245 0.048330
0.849482 -0.039281
-1.269106 0.151103
-0.741227 0.198524
1.138418 -0.270829
1.104441 -0.560958
-1.128197 -0.037877
0.814236 -0.232035
-1.490554 0.190752
0.953275 0.003932
-0.970782 -0.037465
0.583279 0.478518
0.483948 0.506610
-0.488753 -0.544379
0.537821 0.333582
-0.852793 -0.016968
0.796147 0.054591
0.645987 0.365004
-0.704490 -0.050789
-0.585864 -0.430940
-0.927557 0.005353
0.487504 0.480168
-0.469389 -0.343230
0.432471 0.357686
0.752471 -0.049759
-0.713354 -0.342353
0.771389 0.005788
-0.856914 -0.118023
0.846387 0.306588
0.903001 0.218592
-0.660334 -0.342466
-0.519480 -0.315004
-0.878130 -0.045876
0.674936 0.050505
0.727899 -0.041637
-0.831217 -0.211314
-0.871312 -0.134426
0.686779 0.023249
0.636105 -0.094539
0.598627 -0.000429
0.748730 -0.057849
0.853500 0.106330
0.779290 -0.065317
-0.955587 0.021636
-0.555822 0.127474
1.258855 -0.140574
-0.770595 0.027228
0.817065 0.013972
-0.749112 0.124555
0.801949 -0.122168
1.108221 0.099680
-1.115268 0.294630
-1.184608 0.263935
1.090200 -0.511184
-0.712899 0.208397
0.851709 -0.213642
-0.912608 -0.169548
0.620881 0.441109
0.831033 -0.019540
0.802337 0.051874
-0.457875 -0.485509
0.596627 0.469354
-0.560087 -0.318811
-0.597317 -0.398020
0.719315 0.023746
-0.690699 0.027852
-0.572241 -0.288309
0.655079 0.466404
-0.599760 -0.527313
0.501399 0.403802
-0.834588 0.000592
-0.682074 -0.013040
0.713830 -0.056680
-0.693892 -0.042264
0.671796 -0.006817
-0.758441 0.061195
-0.655515 -0.370372
-0.904252 0.026455
0.689522 0.198207
0.713660 -0.072382
0.847179 0.278390
0.620860 0.024792
-0.760723 0.091210
-0.671388 -0.084999
-0.887739 -0.167866
-0.796779 -0.047643
-0.841821 -0.050146
0.644289 -0.076093
-1.297947 -0.306324
-1.751103 -0.225609
0.741525 -0.020451
-0.851314 -0.015553
0.568505 -0.130636
1.225003 -0.028327
-0.933282 0.166646
0.894766 -0.275311
-1.048339 0.028022
1.240170 -0.236311
-1.328487 0.272933
-1.160601 0.475845
-0.972942 0.326659
0.968892 0.138056
0.811044 0.189899
1.661726 -0.661562
1.449637 -0.462307
0.835278 -0.024687
0.631481 0.459015
-0.629077 -0.535856
-0.663249 0.077196
0.656000 0.481029
0.630668 0.486967
0.784997 -0.049626
-0.549446 -0.432136
-0.576225 -0.304065
0.669564 0.059627
-0.676746 -0.054533
0.744009 0.468722
-0.536469 -0.425469
-0.598818 -0.299703
-0.529996 -0.352889
0.750561 0.332233
0.656786 -0.044948
0.742651 -0.000836
-0.835980 -0.061386
-0.679283 -0.235397
-0.740062 0.156154
-0.653815 -0.057911
-0.698512 -0.098676
-0.763732 -0.072510
0.914619 0.208116
-0.845071 0.155571
-0.893289 -0.117693
0.976165 0.255159
-0.766284 -0.005319
-0.658638 0.110797
-1.140965 0.038420
1.171101 0.216226
-1.027102 0.146378
-0.734307 0.210815
1.326352 -0.019058
-1.120108 0.169238
0.598984 -0.148830
-0.942711 0.214152
0.990243 -0.275088
-0.706694 0.060340
1.102123 -0.515307
0.965780 -0.081945
0.793805 -0.047790
-1.138261 0.271420
1.388207 -0.244841
0.905905 0.087392
0.684488 -0.216847
-1.529808 0.402150
-0.731675 -0.406057
0.974323 -0.022173
-0.853743 -0.004282
-0.419396 -0.422180
0.725758 -0.018311
0.895521 0.018955
-0.599747 -0.373988
-0.555630 -0.449686
0.834982 0.008269
0.716496 0.038013
0.543902 0.460889
0.468649 0.472838
0.456448 0.397798
0.462950 0.323751
-0.737843 -0.010581
-0.906140 0.090854
-0.661624 0.033375
-0.738265 -0.210350
0.758013 -0.146227
-0.662075 0.020955
0.805466 -0.197743
-0.650048 -0.328289
-0.525239 -0.361300
-0.700860 -0.426780
-0.924444 -0.167846
-0.777648 0.161814
-0.649282 0.003827
0.808939 -0.130951
-0.849684 0.019575
-0.847414 -0.041215
-1.092370 0.080095
-0.775936 0.084863
-1.068249 -0.129468
0.718577 0.019880
0.818011 -0.100534
-0.730130 0.000002
0.774720 0.001875
0.885392 -0.188323
-0.847500 -0.039303
0.733204 0.068924
-0.789859 0.191479
-0.844330 0.243752
-0.761152 0.226267
1.020237 -0.324207
-0.701003 0.045353
0.634758 -0.085150
-1.655585 0.482609
-1.464430 0.111359
-0.570737 -0.435117
-0.624649 -0.519936
0.811523 0.112027
-0.583623 -0.488304
0.727276 -0.030370
-0.505282 -0.364819
0.715613 0.466480
-0.518513 -0.450824
0.572313 0.370767
-0.628419 -0.360093
-0.588492 -0.466782
0.666862 0.453703
-0.781359 -0.121262
0.554305 0.317119
0.584086 0.317661
0.690300 0.268063
0.721022 -0.004812
-0.696884 0.093862
-0.859737 -0.254800
0.768635 -0.006807
-0.871881 -0.281164
0.774983 0.318397
-0.616816 -0.010004
0.809292 -0.194430
0.740874 0.043461
-0.854889 -0.007131
-0.892913 -0.155803
1.008675 0.199452
-0.845113 -0.002835
0.849075 0.099273
-0.713950 0.109465
-0.901812 0.126761
1.105230 0.191158
-0.594087 0.099231
0.729129 -0.065930
0.993050 -0.277719
0.728773 -0.147436
-0.598569 0.207172
-0.729582 0.209446
-1.033521 0.230449
-1.072549 0.384812
1.163724 -0.389966
1.075160 -0.554993
-1.138916 0.289758
0.710400 -0.147931
-0.531676 0.297017
-1.181705 1.033140
-1.208565 0.683599
0.662927 0.615498
-0.744089 -0.120249
-0.550725 -0.549872
0.516311 0.402952
-0.600035 -0.506890
0.678944 0.363869
0.850682 0.041664
0.758824 0.005529
-0.706453 -0.399329
-0.594515 -0.333716
0.808229 -0.042045
-0.595696 -0.503411
-0.588907 -0.484396
0.727739 0.377555
-0.637614 0.005420
0.833467 -0.116772
-0.729014 -0.327571
0.630006 0.193066
0.812258 -0.127955
-0.934415 -0.041237
-0.785194 -0.022600
0.824757 -0.033883
0.634022 0.260880
-0.813573 0.061374
-0.987314 0.084673
-0.908588 0.022458
-0.635149 0.009305
-0.820733 -0.135556
-0.700645 -0.057252
0.891227 -0.024004
0.522548 -0.127243
-1.118855 -0.376172
-1.658391 -0.371431
-1.048606 0.099673
-0.862380 0.080748
0.929263 -0.047613
0.737455 0.052008
0.842658 0.090116
0.980761 0.147553
0.682115 -0.112870
0.928733 -0.493786
-1.188735 -0.055354
1.224485 -0.177657
0.812141 0.017600
-1.361925 0.024102
-1.278701 0.037309
0.722974 -0.373242
0.821453 0.130586
0.745103 0.037382
0.617794 0.413840
0.651961 0.460180
-0.664385 -0.420503
-0.836361 0.049791
0.641462 0.348658
0.718991 -0.108170
0.851980 -0.074769
-0.711933 -0.005328
-0.645832 0.041399
-0.837835 0.110843
-0.656294 -0.360628
-0.561999 -0.368982
0.943722 -0.043535
-0.476058 -0.362231
-0.930061 0.071962
0.679212 0.357718
-0.730109 0.028720
-0.642858 0.140585
0.648391 0.305216
0.708007 0.155137
0.685759 0.230558
-0.616274 -0.029415
-0.630813 -0.401972
-1.126876 -0.089865
-0.808350 -0.106964
-0.625592 -0.133077
-0.968818 -0.236306
0.881524 -0.001310
0.677397 -0.120118
-0.775866 0.122639
0.840566 0.001732
-1.077715 0.040639
-1.092365 0.020719
1.333993 0.119497
-0.782335 0.071688
-1.326447 0.044090
0.978662 -0.114635
1.010033 -0.093539
0.807133 0.050190
0.668869 -0.155475
-1.056296 0.005051
1.308458 -0.175477
-0.545271 0.272244
-1.096709 0.515311
0.824577 0.068915
-1.600721 0.309794
0.835436 0.158696
-0.615163 -0.472322
-0.944171 0.055177
0.623022 0.551182
-0.672618 0.015322
-0.841777 0.066176
-0.636243 -0.527280
0.733659 0.487101
0.794042 0.007439
0.762657 0.054938
-0.654523 -0.054442
0.880879 -0.009057
-0.893483 -0.051984
-0.555085 -0.403595
-0.463920 -0.403422
0.535354 0.355329
-0.793868 -0.014646
-0.604749 -0.364944
0.492136 0.236277
0.892041 -0.017239
-0.838823 0.035743
0.875017 0.232700
0.716303 -0.081056
0.565086 0.353712
0.805273 -0.200412
0.768818 -0.033715
0.631985 -0.127209
-0.729260 0.056053
-0.599501 0.282514
-0.695816 0.022761
-0.689144 0.149520
0.918630 -0.113669
-0.790634 0.118980
1.798159 0.174333
-0.935923 0.225438
-1.396983 0.161692
0.846376 -0.348279
0.930358 -0.176430
0.917914 -0.197849
-0.673282 0.281166
-1.084628 0.149367
0.877521 -0.167036
0.716368 -0.340344
0.708348 -0.319065
0.768107 -0.123404
-1.246981 0.535626
1.159542 -0.425611
-1.624174 0.765124
-1.113179 0.390448
-0.972251 -0.014391
0.781107 0.519502
-0.897547 -0.028086
0.432861 0.427581
-0.713395 0.071803
0.782371 -0.084804
0.732404 -0.020626
-0.854017 -0.015094
-0.772835 -0.005477
0.526544 0.297131
0.513229 0.440309
-0.898648 0.012069
0.756844 -0.012585
0.673182 0.362734
0.779243 -0.056631
-0.526931 -0.316162
0.620503 0.235629
-0.857559 0.078767
0.682508 0.092155
0.678170 0.272378
0.830224 -0.055419
0.730224 -0.162816
-0.705762 -0.398998
-0.635815 0.125948
0.706258 -0.005099
-0.815747 -0.125131
-0.768623 -0.037847
-0.864955 -0.078722
-0.831449 0.067073
0.598316 -0.219128
-0.523758 0.198124
0.840824 0.035210
1.068326 0.000232
1.063371 -0.142673
-1.455904 0.145453
-0.597199 0.201103
-0.740875 0.304565
0.898599 -0.056543
1.048848 -0.244368
-1.000583 0.160504
1.262206 -0.329722
-1.145172 0.370289
0.554575 -0.277690
-0.960441 0.546792
0.527461 -0.199330
-1.178681 0.484118
0.823205 0.024355
1.364333 -0.407562
0.626066 0.471728
0.865185 -0.107968
0.579696 0.548212
-0.628458 -0.469067
-0.719946 0.063249
-0.865235 -0.016358
0.866132 -0.003030
-0.807593 -0.031155
-0.848964 0.048008
0.804105 -0.011722
0.543617 0.465297
0.932287 -0.031835
-0.745899 -0.037469
0.649622 0.298799
-0.728475 0.014592
-0.816965 0.000355
0.724829 0.301456
-0.686632 0.074392
0.718907 0.243920
0.872754 -0.097938
-0.850986 0.155569
0.790690 0.168460
-0.745608 -0.037147
0.841654 -0.150457
