-9999 -9999
0.050342 0.052775
-9999 -9999
0.170603 -0.003748
0.322395 0.061966
-0.881353 -0.305297
-9999 -9999
1.107902 0.612638
-1.126545 -0.583548
-9999 -9999
-9999 -9999
-9999 -9999
-0.484177 0.637380
-1.137614 -0.719014
-0.273340 0.703703
2.007757 1.210203
2.115803 1.784047
0.126858 -0.543087
-9999 -9999
-9999 -9999
2.293228 -1.640509
0.224020 0.086740
-9999 -9999
-9999 -9999
-0.363402 0.023002
0.364417 -0.042778
0.068992 1.178984
-9999 -9999
-9999 -9999
-0.295204 -0.055970
-0.983576 0.517844
1.151395 -0.454429
-0.120150 -0.338984
-0.017687 -0.261476
-9999 -9999
-9999 -9999
0.383330 0.033242
-1.099764 0.170267
1.026761 -0.039441
-1.023593 0.130598
0.346504 -0.050832
0.398606 -0.009323
-1.014253 -0.022470
0.032810 0.144515
0.059462 0.110881
0.089543 0.155042
-9999 -9999
-0.106962 -0.032401
-0.352492 -0.007205
-9999 -9999
-9999 -9999
-0.967419 -0.293735
-9999 -9999
-0.231206 0.059422
0.968634 0.290052
-9999 -9999
1.133396 0.521774
-0.290610 0.228997
-1.258180 -0.612672
-1.131511 -0.534341
-9999 -9999
-9999 -9999
-0.276574 0.804843
-9999 -9999
2.324195 1.102266
-9999 -9999
-1.824434 0.426201
-9999 -9999
-9999 -9999
-9999 -9999
-9999 -9999
-0.439718 0.066325
0.044540 1.140312
-0.307951 -0.277958
0.742526 -0.835206
-9999 -9999
-0.351505 -0.053354
0.368447 0.084331
-9999 -9999
-1.177954 0.348550
-9999 -9999
-1.136556 0.249528
-0.328420 -0.049927
-9999 -9999
0.368001 0.096817
1.082143 -0.149043
0.367402 0.048722
-9999 -9999
-9999 -9999
0.148205 0.201466
-9999 -9999
-0.379737 -0.032503
1.007772 -0.042018
0.032732 0.140229
-0.140341 -0.057441
-9999 -9999
0.062058 0.066932
0.919915 0.245999
-9999 -9999
-9999 -9999
-9999 -9999
-9999 -9999
-9999 -9999
-0.292068 0.206584
-9999 -9999
-0.319077 0.181445
0.327252 -0.278799
-0.237622 0.388114
-9999 -9999
1.122649 0.818347
-1.072201 -1.055798
-0.248546 0.107027
-9999 -9999
-9999 -9999
-1.745534 0.135896
-9999 -9999
-2.704265 1.182012
0.383931 -0.150600
-9999 -9999
-9999 -9999
0.164817 0.118207
0.270341 0.184814
-0.327400 -0.097698
-0.426040 -0.051821
-0.385715 -0.042411
-0.173638 -0.305192
0.095546 0.299479
0.417350 0.126491
0.386995 0.075792
-1.123280 0.188022
-0.392450 -0.028246
1.071494 -0.183308
-0.424210 -0.072601
-9999 -9999
1.033692 0.019566
-9999 -9999
-9999 -9999
1.066021 0.014348
-9999 -9999
-1.034185 -0.140479
0.372030 0.087725
-9999 -9999
-9999 -9999
0.927702 0.213776
-9999 -9999
-9999 -9999
1.003450 0.317747
0.294157 0.043087
0.315973 0.077667
-9999 -9999
-0.270844 0.156566
1.051375 0.508018
0.274220 -0.247619
0.304137 -0.161859
-0.244704 0.317031
-0.377542 -0.043014
-1.122545 -1.049119
-1.145364 -0.785846
1.264790 1.297876
-2.140500 -1.152091
-2.168579 -1.552918
-6.364048 4.718833
1.754232 -0.198386
-9999 -9999
-0.266332 -0.142800
-9999 -9999
-9999 -9999
-9999 -9999
0.396177 -0.007342
-0.201217 -1.137967
-0.765901 1.010529
-9999 -9999
-9999 -9999
1.067844 -0.603053
0.351746 0.004793
-0.036863 -0.263653
0.445300 0.077898
-1.122693 0.258910
1.134778 -0.255017
0.374713 0.008733
-9999 -9999
-1.124847 0.094716
-9999 -9999
0.041530 0.253962
0.369114 0.000771
-0.104429 -0.201042
-9999 -9999
-9999 -9999
-9999 -9999
-9999 -9999
-0.361044 -0.056464
-9999 -9999
0.139300 0.088013
0.045383 0.094122
-0.377085 -0.075136
-0.148250 -0.085174
0.143957 -0.018252
0.907837 0.494917
-9999 -9999
-9999 -9999
-9999 -9999
-0.382860 -0.028574
0.421182 0.103662
0.251256 -0.018804
0.482810 -0.358272
-0.235778 0.441431
-9999 -9999
-9999 -9999
-9999 -9999
0.692496 0.092126
-9999 -9999
-9999 -9999
-9999 -9999
0.220577 0.142130
-9999 -9999
-9999 -9999
-0.303711 -1.092619
0.330677 0.185894
0.328845 0.185115
-0.386156 0.044755
-9999 -9999
-0.403868 -0.029049
-9999 -9999
-0.061572 -0.244499
0.098204 0.388030
-0.413210 -0.001417
-0.042084 -0.273886
0.074798 0.348009
-9999 -9999
-9999 -9999
-9999 -9999
-9999 -9999
0.402723 -0.017120
-9999 -9999
-9999 -9999
-9999 -9999
0.031367 0.084890
-9999 -9999
-0.319881 -0.058740
-9999 -9999
0.383913 0.030696
0.388980 0.001337
-0.092649 -0.022132
0.346673 0.028214
-0.418291 -0.010282
0.358358 0.016065
0.936255 0.396346
0.253552 -0.337095
-0.409030 0.017641
-9999 -9999
0.495900 -0.049825
-9999 -9999
0.437052 -0.545688
-0.314358 -0.002428
-9999 -9999
-9999 -9999
-9999 -9999
-9999 -9999
-9999 -9999
-9999 -9999
-2.435981 1.443115
0.022903 0.110282
-9999 -9999
-0.477836 0.048464
-0.331877 0.019683
-0.272412 -1.105218
0.346289 0.168750
0.607577 -0.983501
-0.773215 0.926551
0.391698 0.018225
0.390680 -0.002908
-0.335820 0.009018
0.118057 0.378337
-1.029064 0.357500
-1.091869 0.338725
-9999 -9999
-0.035203 -0.294189
-1.054223 0.164242
-9999 -9999
-0.995173 0.153660
0.398833 -0.036827
-0.384777 -0.015426
-0.385425 0.026439
1.017423 0.050799
-9999 -9999
-0.037916 -0.166075
-9999 -9999
0.405298 -0.052280
-9999 -9999
-0.345687 0.019662
-0.339429 0.044177
0.355162 -0.030332
-0.997449 -0.231635
-0.932555 -0.315803
-0.213298 0.141004
-0.302554 -0.005703
-0.208294 0.249550
-1.010896 -0.538138
1.163648 0.585936
-0.249509 0.391327
-9999 -9999
-9999 -9999
-1.471330 -0.819372
0.086042 -1.208885
2.279346 1.305032
0.597024 0.172002
-1.801028 0.382192
-9999 -9999
-0.335494 -0.197840
-2.018515 0.621288
0.451940 -0.088421
-9999 -9999
0.218558 1.081892
-0.460774 0.903897
-0.685807 0.892282
0.198776 0.234987
0.819930 -0.832177
0.354678 0.007523
1.062926 -0.509737
-9999 -9999
0.093456 0.488972
-1.062691 0.306675
0.051907 0.258734
-9999 -9999
-0.413149 0.004196
0.363235 0.029483
-9999 -9999
-0.004675 -0.226775
-0.983880 0.226010
0.106664 0.202846
0.002584 0.145024
0.006312 0.116840
-0.341502 -0.022734
0.338656 -0.038546
0.320565 -0.035297
0.941622 0.078645
0.378591 0.070950
0.882169 0.273397
-9999 -9999
-9999 -9999
0.901489 0.408614
0.362753 0.080137
0.848808 0.588692
-9999 -9999
-9999 -9999
-9999 -9999
0.370090 -0.321491
0.297016 -0.044928
-9999 -9999
-0.301153 -0.060866
-0.299697 -0.087811
1.768333 1.551910
0.267221 0.168374
-9999 -9999
1.756891 0.318308
-0.256376 -0.183140
-2.940133 0.502938
-9999 -9999
-1.345847 0.332765
1.158670 -0.161685
0.329720 1.054285
0.319462 0.137123
0.131031 1.172293
-0.234013 -0.211633
0.242029 0.175037
-9999 -9999
0.381204 0.015188
1.087148 -0.514682
-0.410288 0.009788
-1.096078 0.332979
-0.356314 -0.021962
-1.059639 0.357887
-9999 -9999
-1.110217 0.107306
-1.055277 0.064861
-0.025987 -0.262075
0.027890 0.191903
0.109157 0.274715
-0.368129 -0.078433
-9999 -9999
-9999 -9999
-0.301695 -0.034472
-9999 -9999
-9999 -9999
-9999 -9999
-0.076184 -0.020403
0.972190 0.344079
-9999 -9999
-1.029952 -0.312852
-9999 -9999
-9999 -9999
0.292075 -0.254708
-9999 -9999
-0.189014 0.307619
-0.377828 0.367788
0.223280 -0.456640
-1.181496 -0.908992
1.127040 0.703771
-0.282041 -0.039095
-0.291952 0.082770
-9999 -9999
-9999 -9999
-9999 -9999
0.241035 0.012565
-0.527000 -0.182775
0.447516 0.019501
-1.237133 0.709563
1.067612 -0.583969
-0.336550 0.030421
0.477179 -0.974042
0.000916 1.163630
-0.386481 -0.034188
-9999 -9999
-0.150775 -0.290290
0.406569 0.047908
0.366404 0.035791
-1.103145 0.482273
-9999 -9999
-9999 -9999
0.045702 0.279444
0.369315 0.056781
1.064657 -0.066856
1.049018 -0.051946
1.033516 -0.161672
-9999 -9999
0.363782 0.019690
-9999 -9999
-0.376699 -0.062196
-0.383403 0.012083
-0.994697 -0.067216
-0.975300 -0.196827
-9999 -9999
0.143104 0.078056
-0.074446 -0.036913
0.132194 0.058936
0.197257 0.023948
0.974552 0.389026
-9999 -9999
-0.174403 0.127134
-0.226489 0.341980
0.443334 0.016034
0.353699 -0.018452
-1.096318 -0.920749
0.997406 0.724907
-9999 -9999
0.345253 0.016413
0.448464 -0.656493
0.333602 -0.005778
-9999 -9999
-9999 -9999
-0.321374 -0.050809
-9999 -9999
-9999 -9999
-9999 -9999
1.198668 -0.380829
-9999 -9999
-0.251406 -0.052934
-0.291237 -1.158409
0.295411 0.227803
-9999 -9999
-0.340022 -0.017953
-0.172392 -0.274790
-9999 -9999
0.077852 0.235265
0.390723 0.056945
1.112402 -0.289441
-0.025190 -0.284823
-0.071853 -0.255635
0.378536 0.036757
-0.403600 -0.105942
-9999 -9999
-9999 -9999
-9999 -9999
-1.050888 0.075492
-9999 -9999
0.992220 0.062739
-9999 -9999
0.364356 -0.005092
0.165239 0.049209
-0.101657 -0.104756
0.105058 0.050236
0.979074 0.104600
-1.004130 -0.116435
-0.918982 -0.256701
-0.408983 0.008810
0.938759 0.229413
0.983739 0.278541
1.190392 0.364861
-1.114972 -0.347002
-0.247036 0.246094
-0.356043 -0.072033
-9999 -9999
-1.372906 -0.801421
-9999 -9999
-0.265514 0.765060
0.063170 -1.316472
-0.076771 1.481761
-9999 -9999
1.704434 -0.516251
1.623632 -0.954736
-2.284711 1.815522
-9999 -9999
-9999 -9999
-9999 -9999
0.413038 0.075565
0.369447 0.024435
-9999 -9999
-0.724160 0.932984
-9999 -9999
-0.176446 -0.237744
-9999 -9999
-0.069480 -0.339582
-1.029880 0.580296
-0.015041 -0.330928
-1.079076 0.391701
-9999 -9999
-0.032739 -0.291492
-0.365252 -0.022935
-9999 -9999
-9999 -9999
-9999 -9999
0.104816 0.232416
-9999 -9999
-0.061708 -0.137925
0.410300 -0.017889
-0.979999 0.056399
0.955743 0.020050
0.287002 -0.013606
-0.150265 -0.026207
-9999 -9999
-0.161098 -0.008922
-0.147611 -0.003378
1.019263 0.302433
-0.369895 0.013728
-0.339293 0.010165
-9999 -9999
-0.237516 0.310579
-0.227208 0.215963
-9999 -9999
0.231245 -0.445870
-0.451171 0.572777
-0.170669 0.500242
-9999 -9999
-9999 -9999
2.325616 1.328992
-9999 -9999
-9999 -9999
-1.836282 0.665881
-9999 -9999
-2.025891 0.587041
0.340992 0.055958
-9999 -9999
0.262484 -1.057985
-0.340635 -0.140259
-0.150994 -1.196997
-0.252620 -0.141830
0.253765 0.186978
-9999 -9999
-0.394085 -0.007218
1.122994 -0.570938
-1.024445 0.542269
-0.041321 -0.302624
-0.386606 0.042755
-9999 -9999
-9999 -9999
0.356265 -0.006404
-9999 -9999
-9999 -9999
1.021705 -0.178930
-9999 -9999
0.394813 0.011557
-0.385466 0.018164
-1.021498 0.070607
-9999 -9999
-9999 -9999
-0.945969 -0.150083
0.124728 0.087505
0.966092 0.216086
-9999 -9999
0.364877 0.037298
-9999 -9999
-0.181961 0.057108
-0.380909 0.014929
-9999 -9999
0.950684 0.600971
0.368797 0.019253
-9999 -9999
-0.282867 0.006043
-1.144262 -1.050509
-0.185619 0.438352
-9999 -9999
-9999 -9999
-0.436952 1.430465
0.097871 0.277096
-9999 -9999
1.942221 -0.279945
-2.740977 1.036950
0.489646 0.027418
-1.207458 0.374345
1.097636 -0.337500
0.224186 -1.079387
-0.275686 1.102233
-0.314182 -0.171551
-0.512028 1.091931
0.221151 0.169915
-9999 -9999
0.992487 -0.671369
-9999 -9999
-9999 -9999
-0.362970 -0.011891
-9999 -9999
0.066169 0.292430
0.393742 -0.062402
0.003465 0.291021
-9999 -9999
-0.373461 0.043144
-1.029625 0.166592
-1.006776 0.145582
-9999 -9999
-0.362920 -0.023909
-0.381264 0.011431
0.411657 0.005921
-9999 -9999
-9999 -9999
-9999 -9999
-9999 -9999
-9999 -9999
-9999 -9999
0.384770 -0.013490
0.340868 -0.003608
-0.298489 0.001650
0.238514 -0.327032
-0.404750 0.091996
-9999 -9999
-9999 -9999
-9999 -9999
0.407085 0.005112
-0.269924 0.049940
1.411719 0.988333
-0.296041 1.172467
0.289414 -0.092629
-9999 -9999
-1.722550 0.385479
-0.361017 -0.032412
2.124104 -1.591911
-9999 -9999
-9999 -9999
-9999 -9999
0.248799 0.197387
-0.308863 -0.265679
-0.036093 -1.149959
0.208539 0.255668
0.786302 -0.798918
0.979375 -0.653731
-0.101261 -0.272333
-9999 -9999
-9999 -9999
-0.009319 -0.262092
-0.406539 -0.057741
0.383980 -0.006197
-1.073776 0.254486
1.056051 -0.153655
0.999689 -0.073676
-9999 -9999
-0.368374 0.023646
-9999 -9999
1.018891 -0.017764
0.995350 0.002804
-9999 -9999
-9999 -9999
-0.970664 -0.110063
0.150535 0.011791
-0.959161 -0.166642
-0.348211 -0.053709
-0.167332 -0.064207
-9999 -9999
-0.377029 -0.000807
0.907147 0.330265
-0.199482 0.129641
0.249784 -0.342225
-1.035963 -0.502614
0.288420 -0.220255
0.276030 -0.314148
-1.080926 -0.622576
0.444446 -0.470940
0.163112 -0.460711
-1.298245 -1.016119
0.115896 -1.259875
0.362664 0.107246
-0.517843 0.350594
-9999 -9999
-0.308076 0.116347
-2.503779 1.395680
-9999 -9999
-9999 -9999
-9999 -9999
0.222249 0.092747
-0.355262 0.084220
-0.294479 -0.200190
-0.637202 0.917748
-0.354036 -0.102003
-1.007942 0.674938
-9999 -9999
0.337869 0.083552
-9999 -9999
1.130053 -0.330230
0.395469 0.030518
-1.034493 0.286517
-9999 -9999
-9999 -9999
-9999 -9999
-1.032283 0.160098
-0.052628 -0.197189
-9999 -9999
0.999463 -0.058110
-9999 -9999
-9999 -9999
-0.433371 -0.003613
-9999 -9999
-0.938083 -0.185687
