-1.055657 0.172390
1.338653 0.013655
-1.141363 0.107691
-1.079450 0.197179
1.305297 -0.187040
-0.928314 0.162150
0.961290 -0.162036
1.250480 -0.012688
1.249500 0.313834
1.242488 0.016898
-1.254622 -0.347543
-1.156903 0.058322
-1.167671 -0.169147
-1.088834 0.173468
-1.385131 0.067088
-1.124993 0.135172
1.123588 -0.235512
-1.390257 -0.083530
1.094947 -0.147470
-1.327859 0.131553
-1.372136 -0.156437
1.262771 0.308485
-1.315571 -0.217814
-1.414508 -0.117241
0.886005 0.113570
-1.154107 -0.397612
-0.882013 0.359782
1.113344 -0.059025
1.108395 0.035374
-1.059476 -0.170405
1.257030 0.082374
1.171621 0.064946
-1.167448 0.306187
1.218052 -0.423184
1.085256 -0.060244
-1.063039 -0.220133
-1.078946 0.351129
1.069056 0.103436
-0.989105 0.015423
1.246783 -0.227666
-1.208715 0.341814
1.241114 -0.564658
-1.078279 0.128143
-1.188846 -0.073729
1.396405 -0.191791
-1.196574 0.125649
1.300901 -0.169576
-0.978411 0.169454
-1.053428 0.227755
1.201562 0.089116
-1.026603 0.058081
1.114798 -0.014285
1.207801 -0.233672
1.139645 -0.251038
1.141222 -0.321815
-1.365247 -0.022783
-1.381428 -0.340607
1.307360 -0.149000
1.178365 0.096790
1.178466 -0.006758
-1.142841 0.010681
1.260328 0.111269
-1.339847 -0.095487
1.151318 -0.128840
1.398666 -0.077779
-1.229122 -0.020568
1.178151 -0.141508
-1.062719 0.065673
1.301982 0.252718
-1.337714 -0.206797
-1.372640 -0.212012
1.273477 0.024579
-1.213969 -0.163284
-1.185359 0.475961
1.173443 0.203796
-1.114776 0.476764
-1.118471 -0.118984
-1.207920 -0.235307
-1.223007 -0.113668
1.104601 0.158823
-1.192457 0.220154
1.203292 0.044460
-1.217647 -0.030577
-1.422158 0.068532
1.003012 -0.027230
-1.092003 0.165399
-1.031833 -0.025144
1.385883 -0.231972
1.193173 -0.099536
-1.181328 0.324903
-1.045312 -0.038088
1.196330 0.160611
-1.309973 0.224635
-1.047483 -0.030306
1.015361 -0.135291
-1.084710 0.272821
-1.143945 0.296229
-1.408978 0.019156
-1.209162 0.188791
-1.128264 0.230649
-1.155536 0.252465
0.948448 -0.147106
1.213883 -0.161495
1.221589 0.170110
-1.463854 -0.155753
-1.211659 0.118559
-1.258166 0.023404
-1.082093 0.312677
-1.119884 0.131487
-1.035086 0.132003
-1.031780 0.053310
-1.289328 0.154806
1.083857 -0.158802
-1.178821 0.114832
-1.389026 0.171530
1.369791 -0.266964
-1.264869 -0.100586
1.169406 -0.038379
-1.009939 0.076129
1.398654 -0.150931
0.826826 0.252709
-1.306755 0.211872
0.977615 -0.205661
-0.858202 0.310886
-1.277053 -0.231569
-1.097329 0.248267
1.340189 -0.393799
-1.269118 0.309412
1.157753 0.088891
-1.069845 0.262689
1.215313 -0.328385
1.353709 0.024999
-0.975845 0.025067
1.223857 -0.190962
-1.083554 0.202200
1.330382 -0.201465
1.278397 -0.369971
-1.213529 0.392657
-1.125141 0.204701
-1.034118 -0.084008
-1.358656 0.163811
1.150331 -0.086550
-1.230481 0.026330
-1.365759 0.222463
-1.025417 0.171201
1.106293 0.016369
-1.158631 0.167444
-1.243383 0.191620
-1.186603 0.221157
0.979803 -0.149373
-1.377409 0.223963
-1.143038 -0.076297
1.273741 0.119987
1.323621 -0.117169
-1.358057 -0.377175
-1.062849 0.296185
1.301133 0.045082
1.156621 0.084085
-1.342544 -0.141674
-1.231333 0.011450
-1.337450 0.171475
-1.398927 -0.031598
-1.186070 0.238291
1.300235 -0.209254
-1.290915 -0.396636
-1.276268 -0.041206
-1.070022 -0.033218
-1.424870 -0.264968
-0.940679 0.472272
-1.006323 0.169058
-1.229029 0.261460
0.892438 -0.343816
1.130512 -0.204156
0.955391 0.283844
-1.212808 0.267380
-1.099454 0.279191
-1.189812 0.133296
-1.083307 0.194517
1.090698 -0.177965
-1.302605 -0.060529
-1.063210 0.343864
1.118319 -0.046574
-1.135722 0.277000
-1.376495 0.141203
1.183623 -0.238226
-1.189538 0.141217
-1.115439 0.059138
-1.224731 -0.069942
1.185948 -0.066305
1.341629 -0.204111
1.046053 -0.138440
1.047302 -0.218729
1.247441 -0.375557
-1.394653 0.042464
-1.264358 0.185175
-1.159944 0.138258
-1.043974 0.155035
-1.270816 0.320497
-1.156205 0.289361
1.229754 0.203070
1.406564 0.165169
-1.147690 0.106171
-1.133911 -0.145884
-1.200736 0.014954
1.304013 0.047927
1.066584 -0.006861
1.178008 -0.086058
1.193417 0.137287
-1.352833 -0.030415
-1.280440 -0.203465
1.104850 -0.114716
1.129188 0.010050
1.171221 0.519601
1.328726 0.282936
-1.072223 -0.092521
1.588076 0.216111
0.866909 -0.645700
-1.349682 0.267729
-1.126327 -0.308160
0.812445 -0.531205
-1.218993 0.293164
-1.199303 0.029129
1.040494 0.157169
1.236951 -0.408858
1.119825 -0.348254
1.045873 -0.052824
-1.244473 0.070222
1.224605 0.235088
-1.112528 0.147991
1.260876 -0.245250
-1.046821 0.279706
-1.302511 0.203399
1.055753 -0.094407
1.080163 -0.214674
0.979217 -0.002573
-1.392773 0.123563
-1.246321 0.145782
-1.169037 0.026087
-1.077426 0.086792
-1.125149 0.171984
-0.983587 0.186095
1.418646 -0.048411
1.067826 -0.132346
-1.036177 0.175122
1.325450 -0.242415
1.140407 -0.243887
1.144422 -0.265446
-1.291387 -0.010995
1.434595 0.246707
-1.336660 0.075714
1.218218 0.020280
-1.002691 0.159834
-1.033000 -0.024616
1.212914 -0.058239
1.237474 0.105677
1.148979 -0.209395
1.028563 -0.249101
1.099608 -0.025228
1.277149 -0.036399
-1.114269 0.285173
1.096498 -0.045845
1.112651 -0.067406
-1.157786 0.047392
-1.421140 -0.217689
-0.917301 -0.195270
0.995152 0.381701
-0.996211 0.196689
1.040167 -0.544831
-1.162555 -0.163574
-1.167264 0.331710
1.221572 -0.006858
1.202257 -0.350010
0.999795 -0.318598
1.193033 0.122095
-1.132973 -0.028751
-1.375052 0.147932
-0.990009 -0.007796
1.147568 -0.184348
-1.029095 0.231715
-1.335576 0.285441
-1.189049 0.292407
1.247129 -0.488747
-1.218861 0.305060
1.369302 -0.060398
-1.211071 0.092294
0.981962 -0.099321
-1.317238 0.095693
1.247542 -0.527981
1.100994 -0.250372
1.340406 0.025140
-1.242987 0.197237
-1.077079 0.131015
-1.152893 0.130600
-1.304927 0.234348
-1.250950 0.201598
1.359384 0.212186
1.241928 0.164163
-1.180131 0.014992
1.195180 0.141074
-1.021209 0.128935
-1.116689 -0.013058
-1.126323 0.177449
1.255271 0.211558
-1.050260 -0.039300
1.197899 -0.165287
-1.243606 -0.281659
-1.107090 -0.033776
-1.142254 0.197329
-1.114276 -0.177689
1.360109 0.194566
1.219863 -0.029763
-1.316524 -0.055383
1.214225 0.141557
0.765093 -0.289956
-0.840359 0.450475
-1.076971 0.098384
1.157796 -0.281699
-1.197500 -0.209551
-1.212741 -0.016816
-0.833896 -0.138971
-1.023954 -0.168145
1.083182 -0.272283
-1.230995 0.357748
-1.259825 -0.242118
-1.066449 0.386071
1.215359 -0.277785
-1.206748 0.252369
1.328177 -0.145256
1.232216 -0.329658
1.309925 -0.420296
1.138958 -0.089073
-1.400590 0.006307
1.229348 -0.110030
-1.028132 0.027240
-1.090111 -0.010654
-1.235721 0.193644
1.046858 0.005271
-1.272534 -0.071406
-0.970631 0.027003
-1.148909 0.164921
-1.279798 0.029029
0.975564 -0.092270
1.117844 -0.073347
-1.266598 -0.118890
1.274963 0.338120
-1.362861 0.022306
1.055009 0.203225
-1.046879 0.116822
1.236192 0.217527
1.106958 -0.157982
-1.142045 0.125423
-1.261475 -0.079495
1.319953 0.064311
-1.331733 -0.225740
1.223071 -0.220570
1.373285 -0.083855
-1.161905 -0.418679
-1.327953 -0.184453
-1.290369 -0.150310
-1.525294 -0.324266
1.033674 -0.370114
1.315070 -0.372709
-1.274314 -0.226600
-1.101940 -0.024891
1.044177 0.217270
-1.122775 0.179361
1.080253 0.087748
1.220445 -0.311186
1.149618 -0.182659
1.098419 -0.380954
1.223871 0.074913
-1.326938 0.029795
-1.082383 0.344995
-1.177058 -0.205085
0.974511 0.019429
1.291567 -0.221754
1.129904 -0.086843
-1.224519 0.163741
-1.163569 -0.000172
-1.038649 -0.139936
-1.175874 0.037010
-1.197254 0.123118
1.292948 -0.064038
-1.035661 0.143657
1.124013 -0.217706
1.345778 0.058348
1.267227 -0.136652
1.331577 -0.214618
1.188848 -0.243396
1.156398 -0.223385
1.338112 -0.247470
1.243039 0.120109
1.050233 0.075915
0.972973 -0.082934
-1.112003 -0.099764
-1.114478 0.229050
-1.167898 -0.149108
-1.303203 -0.001582
1.305869 0.203879
1.308629 0.002984
-1.322154 -0.038803
-1.226382 0.086561
1.316354 0.132243
-1.171925 0.258745
1.190338 -0.089606
1.152043 0.103649
-1.086837 -0.041017
-1.382032 -0.354955
0.790100 0.246358
-1.346446 0.325646
-1.213348 0.347902
-1.125474 -0.022477
1.087123 -0.198471
-1.101532 0.299123
1.084917 -0.338323
1.266889 -0.364341
-1.019661 -0.055835
1.044324 -0.275784
-1.078401 0.290250
-1.383102 0.035631
-1.102995 0.136604
1.173368 -0.140198
-1.171949 0.270555
1.090901 0.002755
-1.039279 0.070508
-1.246074 0.410382
-1.137641 0.192311
-1.200729 -0.026166
-1.109885 0.038665
1.056377 -0.090128
1.142240 -0.087423
1.284610 -0.420525
1.206238 -0.091112
1.310950 0.098857
-1.024526 0.075311
1.169245 -0.111804
-1.161710 0.222258
-1.127643 0.146504
1.142988 -0.205670
-1.246836 -0.130743
-1.415839 -0.268630
1.265672 0.041634
1.064225 0.118290
-1.084094 0.221101
1.216791 0.147485
-1.168858 0.187896
-1.124557 0.151058
1.211181 0.131095
1.082039 -0.282061
-1.278832 -0.255082
1.160159 -0.187221
1.313884 -0.251887
-1.255449 0.215325
1.426728 0.227920
1.270821 0.157620
-1.221969 0.222198
0.978388 -0.481862
0.954000 -0.315105
0.964955 0.540323
-1.162310 0.339856
-1.224685 -0.117022
-1.021057 -0.281088
-1.026900 -0.205534
0.962054 0.265265
-1.211247 0.189454
-1.298087 0.201750
-1.184176 0.005258
-1.197932 -0.042391
1.294219 -0.381285
1.128634 -0.077683
1.187252 -0.219109
-1.154324 -0.172923
1.163455 -0.088223
1.248100 -0.134836
-1.017953 -0.057468
1.203056 0.083032
1.326751 -0.261909
1.197027 -0.097714
1.089937 -0.054756
-1.438161 0.183415
-1.050875 0.341716
-1.367400 0.011203
-1.154527 0.057226
1.193414 -0.151539
-1.055893 0.124248
1.110424 -0.125443
1.035133 -0.102502
-1.253575 -0.114510
-1.393783 -0.285327
-1.058215 0.078378
-1.089931 -0.198398
-1.335498 0.065035
1.183509 0.078067
-1.042073 0.096812
1.282135 0.089275
1.301006 -0.000190
-1.049810 0.081454
-1.165056 0.073987
-1.280802 -0.161932
1.156196 -0.190777
-1.229037 -0.367606
1.210523 0.023208
-1.050223 -0.144529
-1.451876 -0.187808
-0.944037 -0.324820
-1.209163 0.592747
1.074041 0.344850
0.805359 -0.500987
1.041593 0.229750
-1.020789 -0.136297
1.077848 -0.477301
-1.243915 0.352049
-1.120274 -0.071259
1.081804 -0.257411
-1.180337 0.020819
-1.402406 0.053892
0.972102 -0.047018
-1.213384 0.148698
-0.974622 0.289755
-1.209177 0.289090
1.053912 -0.108248
1.264851 -0.419607
-1.088001 0.108427
1.194118 0.141649
-1.236764 0.029437
-1.366166 0.141978
1.146251 -0.181170
-1.220149 0.074331
1.271927 -0.269393
-1.429587 0.060561
1.012648 0.021054
1.178547 -0.130346
1.170772 -0.065391
-1.143494 0.273021
-1.291054 0.232443
-1.166707 -0.030068
-1.403462 -0.223330
1.174431 0.030689
1.162110 0.068539
1.079873 -0.188810
-0.993963 -0.049262
-1.141006 0.277035
-1.120120 0.089532
-1.084379 0.063439
1.069854 -0.147088
-1.306631 -0.263086
1.185600 -0.147407
-1.272136 0.107297
1.103840 0.170258
1.283540 0.231551
-1.327366 -0.159035
-1.281011 -0.082561
1.297532 -0.563438
-0.925514 -0.318455
0.998840 -0.280396
0.840461 -0.470272
-1.249050 0.320826
-1.021036 -0.203793
1.223822 0.130109
-1.054803 0.253626
0.942488 0.050377
-1.078210 0.292321
1.019928 -0.031859
1.474635 -0.088558
-1.094790 0.168240
1.003494 0.133697
1.125758 -0.175690
1.263398 -0.257010
1.040973 -0.020049
-1.272152 0.359909
1.145492 -0.319666
1.203140 0.016622
1.184226 -0.108841
1.187061 -0.170511
1.310680 -0.136667
1.342713 -0.397252
-1.132727 0.506835
-1.299067 -0.045467
1.324662 -0.102204
-1.140784 0.202341
1.079609 -0.079845
1.322483 -0.219819
1.193175 -0.064493
-1.371534 -0.130567
-1.430725 -0.263939
-1.340574 0.040338
-1.166517 -0.022451
-1.048459 0.095685
-1.247656 -0.112715
-1.222533 -0.125846
1.125988 -0.030378
-1.165160 -0.089602
1.111349 -0.160094
1.313095 0.170773
-1.316060 0.102146
1.360820 -0.064815
1.190245 0.048003
1.262812 -0.059000
1.289679 0.368941
1.211161 -0.261065
1.206713 0.281751
1.036303 -0.180124
-1.296820 -0.189423
0.860727 -0.420832
-1.238117 -0.274594
-1.207163 0.196348
-1.245843 -0.181349
-1.162502 -0.181707
-1.148352 -0.135737
1.084141 -0.260541
1.081330 0.007264
1.203667 0.289329
-1.292967 0.340920
1.127530 -0.102896
1.204529 -0.309612
1.174500 0.116301
-1.086081 0.235973
1.141387 -0.066918
1.126100 -0.152748
1.340749 -0.013902
1.257218 -0.156267
1.285364 -0.185479
-1.152332 -0.027117
1.278071 -0.380016
1.290304 -0.371758
1.086767 0.094360
1.174424 -0.096867
-1.089570 0.087436
-1.191849 0.136124
1.112912 -0.144171
-1.119099 0.171093
-1.255771 -0.234709
1.261024 0.138773
1.100340 -0.081463
1.242345 0.287405
-1.067606 0.173248
0.993540 -0.033937
-1.064030 0.164273
1.094334 0.057146
1.241558 -0.034524
1.351798 -0.196609
1.200546 -0.060143
-1.314254 0.002439
-1.226507 0.199250
1.237111 0.415510
1.208447 0.140738
-1.138783 0.002308
-1.423946 -0.079670
0.992258 -0.417308
0.797729 0.468657
-0.910112 0.186171
-0.858480 0.425781
-1.171651 -0.267871
1.228789 -0.110874
1.213422 -0.374133
-1.064912 0.177473
-1.155343 -0.103019
1.296027 -0.189981
1.286888 -0.208505
-1.069374 -0.282112
1.128820 -0.100516
-1.263996 0.203642
-1.061525 0.249318
1.077405 0.043833
1.253651 -0.364219
-1.018839 0.031430
1.079677 0.000919
-1.190303 -0.223856
-1.224905 -0.014164
-1.223510 0.239371
-1.304096 0.156875
-1.227460 0.123612
1.304885 -0.369553
1.288655 0.103008
1.307401 -0.153719
-1.117052 0.280316
1.102123 -0.063483
-1.120511 0.239806
1.148139 -0.281355
1.269919 0.182265
1.127147 0.101050
1.214799 -0.064663
1.099571 0.059408
-1.038595 0.232147
1.026049 -0.014347
1.023068 -0.192259
1.382469 -0.000851
-1.129418 0.235382
-1.251920 0.078588
1.185298 -0.125628
0.999529 -0.170932
1.087396 -0.201306
-1.249984 0.300545
-1.188992 0.282940
-1.140718 0.206352
-1.193998 0.233017
-1.307030 0.375643
-0.942861 0.242347
0.944958 -0.349139
0.885581 -0.424496
-1.211494 0.284423
-1.064571 0.273528
1.317772 -0.281157
-1.092216 0.244875
1.199763 -0.150065
1.185287 -0.320588
1.264742 -0.266071
-1.249278 -0.185758
1.098955 -0.331275
-1.145845 0.137999
-1.102143 0.064838
1.360289 -0.157789
-1.269763 0.300282
1.079463 -0.123166
-1.099664 0.281617
1.181433 0.137564
1.262568 -0.103384
1.287146 -0.140095
-1.200670 0.033774
1.311015 -0.327140
