0.231284 -0.052140
-9999 -9999
-9999 -9999
-1.328170 -0.008737
-0.470799 0.210335
-1.757989 -1.002152
-1.796517 -0.990630
-0.459035 0.366309
0.429388 -0.365158
-0.517004 0.482878
1.551650 0.992298
1.395990 -0.063057
-1.357611 0.046681
-1.292117 0.125229
-0.486577 2.636429
0.880770 -2.878227
1.374645 -0.184266
1.167056 -0.514812
-0.824224 -2.824464
2.888470 -3.815824
3.318151 -3.457619
3.784928 -3.363795
-9999 -9999
-2.064117 -0.285439
-1.333679 0.086084
1.159959 0.117100
1.688333 0.904447
-9999 -9999
-9999 -9999
-1.159192 -0.679345
-9999 -9999
-1.083926 -0.913484
-0.768325 -0.678372
-2.742362 -0.579988
1.344670 0.001659
-1.354200 0.030288
-9999 -9999
-9999 -9999
-9999 -9999
0.417603 0.206517
-9999 -9999
-9999 -9999
-0.190935 -0.132914
1.691831 0.365702
1.309455 -0.128053
-1.339135 0.064490
-9999 -9999
-9999 -9999
-0.201905 0.056342
1.500511 0.749327
-1.345790 -0.018176
0.227479 0.147057
-9999 -9999
-9999 -9999
0.467695 -0.357505
-1.387032 0.035895
0.443287 -0.334998
-1.793576 -1.222076
0.545300 -0.507141
1.606125 1.880024
-0.817192 0.533472
1.323512 -0.028996
-0.519970 2.535552
1.477429 0.072733
-0.841615 2.860546
0.890834 2.350787
-2.154717 3.080204
-1.948625 0.454320
-2.021264 0.255933
-3.758648 3.327458
-9999 -9999
-4.703351 3.135456
-1.374030 -0.148181
3.891145 -0.051239
-1.276936 -0.025815
1.501132 0.929219
-9999 -9999
1.074480 0.739707
-3.135326 -0.546145
1.000045 0.772203
-1.241309 -0.154363
2.644396 0.655652
0.797446 0.401841
-2.412236 0.036815
-0.621777 -0.363270
-0.665029 -0.389987
0.650610 0.389330
-1.262275 -0.041062
-9999 -9999
-9999 -9999
-9999 -9999
-1.378504 0.012551
0.113655 0.093192
-9999 -9999
-1.369147 -0.007904
-9999 -9999
-9999 -9999
-1.462797 -0.748001
-0.394794 0.044647
1.428737 0.101721
-0.449583 0.140315
1.698058 1.039144
-0.080722 1.326623
0.447563 -0.406826
1.261559 0.024058
0.524017 -0.480073
1.244679 -0.047326
0.788257 -2.298457
1.533528 1.641104
-1.698580 -1.682377
1.328397 -0.126997
-1.391418 -2.341373
-1.360828 -2.227952
0.769923 2.363648
1.556917 -0.259087
3.012551 -3.728915
-9999 -9999
-1.292914 -0.194644
4.225533 -3.225288
-2.152748 -0.365595
1.737382 0.890072
1.617244 0.938356
-1.600231 -0.904899
-1.391326 -0.103393
3.708144 0.038621
-3.223246 -0.169685
1.002259 0.857228
1.416990 0.071736
0.737913 0.802459
-2.572397 -0.702828
-9999 -9999
-9999 -9999
-0.616824 -0.391033
-2.446348 -0.341987
-1.308846 -0.018562
2.140502 0.153869
1.767812 0.228418
-9999 -9999
0.227217 0.184635
-0.010785 -0.090776
-1.747696 -0.430609
-9999 -9999
-9999 -9999
1.742761 0.536806
-1.362747 0.092318
-9999 -9999
1.365225 -0.022873
1.410007 1.196348
-1.800341 -0.858081
0.333767 -0.075302
-1.344249 0.078118
-0.414120 0.370847
-1.490044 -1.109342
-1.670626 -1.247243
-1.215505 0.170587
1.335547 0.060226
-1.584425 -1.631599
-0.401563 2.321088
-1.408505 0.059428
-1.416486 -2.274700
0.940803 -0.606348
-1.140118 -0.040203
1.575096 -0.148339
0.441529 3.496799
-9999 -9999
3.838192 -2.845242
-4.108664 3.257403
4.780551 -2.488724
-1.630524 -0.699128
-1.663816 -0.947497
-1.679012 -0.760915
1.510581 0.808848
-9999 -9999
-9999 -9999
3.166178 0.422652
-1.178171 -0.897817
2.814615 0.541876
2.686644 0.676264
1.355979 -0.038316
-9999 -9999
-9999 -9999
-2.380139 -0.223561
-9999 -9999
-9999 -9999
-1.376747 0.071353
-9999 -9999
-0.260713 -0.219737
-9999 -9999
1.717435 0.374979
-1.299751 -0.002134
-9999 -9999
-9999 -9999
1.899293 0.918865
-9999 -9999
-0.378154 0.084058
1.406158 0.111249
-9999 -9999
1.289655 -0.031094
0.103783 -1.340821
-0.095671 1.290008
-0.489941 0.346159
-0.207795 1.732235
0.470100 -0.490215
1.409655 0.128973
1.321664 0.126421
-1.606206 -1.653943
-0.610280 2.463501
-1.417106 -2.357855
-1.026005 2.868703
1.732308 -2.595019
1.335527 0.214112
1.527672 0.264641
3.632202 -3.043427
2.002668 0.162912
1.359722 0.195636
5.055981 -2.636303
1.875797 0.544634
1.597301 0.748079
-1.798539 -0.777846
1.559643 0.663387
-9999 -9999
-3.248640 0.150501
-1.185751 -0.030522
1.139610 0.791631
0.833149 0.738863
1.317242 -0.049998
1.424941 0.002361
-9999 -9999
2.446858 0.203150
0.675433 0.337622
-2.424374 -0.203954
-9999 -9999
0.014167 0.213921
-9999 -9999
-0.222335 -0.193715
0.001596 0.076987
0.082996 0.048566
1.321847 -0.018472
-9999 -9999
-9999 -9999
1.423276 -0.103550
-9999 -9999
0.323202 -0.091224
-1.444647 -1.220385
-9999 -9999
-9999 -9999
1.779732 1.039175
0.409042 -0.360436
0.308450 -1.471803
1.340640 -0.100567
0.079671 -1.729563
0.546419 -2.214930
0.335866 -2.100678
-0.710108 0.625078
1.654760 1.625353
1.091033 -2.890669
-0.958751 0.666754
-1.160932 0.025905
-2.166986 3.107553
-2.001471 0.341292
1.403160 0.139401
3.857933 -3.154025
1.511013 0.209028
-4.804222 2.827957
-9999 -9999
-9999 -9999
1.272463 -0.102276
-9999 -9999
3.862250 -0.266782
-1.212037 -0.010916
-1.182430 0.021200
1.107968 0.984779
-2.646533 -0.492726
0.612058 0.774311
-9999 -9999
-1.288434 0.079377
-2.461281 -0.214625
1.269783 0.000829
-2.479340 -0.343535
0.497167 0.188432
-0.041625 -0.257706
-9999 -9999
-0.167657 -0.146157
-1.719388 -0.369134
-9999 -9999
1.575949 0.436149
-9999 -9999
-9999 -9999
-9999 -9999
1.453900 0.766701
0.399614 -0.115493
0.127398 -1.114685
-1.264500 0.071244
-1.279747 0.029457
0.078407 -1.312221
1.371627 -0.006731
-1.395180 -1.119707
1.724096 1.170576
-0.452733 0.456099
-1.440888 0.071535
1.537675 1.570969
1.296855 -0.060373
0.542827 -2.543288
-1.018339 0.563201
-0.874324 2.815960
0.795971 2.282349
-1.350877 0.149001
2.079467 -0.509864
-1.370019 -0.175252
1.031151 0.033679
-1.240913 0.123269
4.789426 -2.785332
4.149438 -0.716959
-9999 -9999
-4.090424 0.331961
1.508493 0.959546
3.747644 -0.160358
-9999 -9999
3.105370 0.409880
1.295967 0.040225
0.741514 0.770824
-1.418351 -0.023457
-9999 -9999
-2.412303 0.011797
0.615122 0.338025
-1.273034 -0.017048
-2.457612 -0.367506
-2.136174 -0.103138
-9999 -9999
-9999 -9999
1.354383 -0.042652
-0.031722 -0.063100
-1.341274 0.116218
1.291305 -0.017606
-0.016814 0.071564
-1.769528 -0.477004
-1.405946 0.083187
-1.463592 -0.702238
-1.343483 0.031799
1.358222 0.009306
1.769544 0.835034
-9999 -9999
-1.363634 0.025916
-1.685376 -0.859825
1.259490 0.032501
0.425033 -0.462381
-1.671527 -0.988388
-1.398528 0.059920
1.304586 0.004797
1.343644 -0.075272
-1.271958 0.211092
1.586569 2.318453
-0.804108 2.858309
1.273097 -0.027943
1.509747 -0.223080
1.875544 -0.453518
-2.276422 0.356431
-2.125270 0.052473
-1.234217 0.044995
1.407468 0.202207
-3.972720 0.625411
-3.898581 0.102092
1.587925 0.918143
-9999 -9999
-1.354766 0.069988
-3.239402 -0.028926
-9999 -9999
1.266877 0.037720
-1.327314 0.057962
-0.614468 -0.763993
-9999 -9999
-1.235413 -0.049991
0.695839 0.435708
2.403831 0.257323
-9999 -9999
-0.491804 -0.175511
-1.357149 0.033622
-9999 -9999
0.243361 0.216145
1.711852 0.383024
-9999 -9999
-9999 -9999
-1.709661 -0.357336
-9999 -9999
-0.250816 0.021346
1.508628 0.721902
-9999 -9999
-0.135218 1.126100
-1.319252 0.138983
-9999 -9999
-0.381465 0.327758
0.453976 -0.324700
-0.244769 1.455741
1.371085 -0.164075
0.025088 -1.685147
0.501534 -2.380939
1.681277 1.555029
-0.300614 2.257074
-0.783121 0.754520
0.948852 -3.094378
0.931501 -0.724806
-1.217135 -0.067430
-1.321446 -0.022006
-0.862858 -3.336071
1.317218 0.177242
-3.679448 3.271036
-9999 -9999
2.267293 -0.013520
1.275051 0.049064
-9999 -9999
-9999 -9999
-1.470575 -0.846080
-9999 -9999
-9999 -9999
-9999 -9999
-1.345207 -0.077954
2.729583 0.486484
-9999 -9999
-0.898444 -0.432909
-9999 -9999
-9999 -9999
2.349609 0.241099
-1.366981 0.123745
2.178294 0.037025
-9999 -9999
-1.366161 0.092974
-2.004491 -0.531374
-1.247880 0.053443
-9999 -9999
-9999 -9999
-9999 -9999
-9999 -9999
0.264698 0.039708
-9999 -9999
1.337889 0.031738
1.375047 1.240306
0.461716 -0.183036
0.255882 -0.177274
-1.443283 -0.015221
-1.350859 0.059631
-0.296021 1.541175
-0.274317 1.787407
-0.181722 1.663452
1.450987 1.914984
-1.277772 -0.149632
0.711036 -0.601692
0.886296 -0.642850
-1.257091 2.810158
-1.435592 0.115170
-1.608248 2.611358
0.764794 2.822950
-1.427809 -0.126580
0.159232 3.156593
2.145296 -0.003856
-2.531549 -0.071134
-1.361660 -0.056879
-9999 -9999
-9999 -9999
-9999 -9999
-1.554408 -0.876854
-1.245199 -0.063977
-9999 -9999
-1.226761 -0.081350
-1.133790 -0.881155
-9999 -9999
-2.670586 -0.645861
-9999 -9999
2.361182 -0.051645
-2.453506 -0.305487
0.670756 0.335842
-2.353813 -0.356350
1.300368 -0.014550
-9999 -9999
-9999 -9999
1.920630 0.513644
-1.667229 -0.430755
-9999 -9999
-1.577453 -0.494590
-9999 -9999
1.341383 -0.049572
-1.920006 -0.832467
-1.473496 -0.626024
-9999 -9999
0.252096 0.109640
1.280963 -0.087628
-0.277408 0.114861
-1.784037 -0.957136
1.370823 -0.085842
-0.428891 0.378937
0.122313 -1.824824
-1.254474 0.168032
1.439233 -0.088852
1.221456 0.001032
-1.794413 -1.394332
1.706073 1.593029
-1.718686 -2.191729
0.666012 -2.863776
-1.217014 0.027084
1.385100 0.111984
-0.811626 -3.389895
-3.322439 3.547297
-3.726059 3.348653
-1.336677 0.213250
-1.435941 -0.013775
-9999 -9999
-1.152831 -0.001678
-1.679227 -0.810690
-9999 -9999
-9999 -9999
-9999 -9999
-9999 -9999
-9999 -9999
-2.807316 -0.397864
-1.354240 0.035023
-9999 -9999
-9999 -9999
-9999 -9999
-9999 -9999
-9999 -9999
-9999 -9999
-9999 -9999
-9999 -9999
1.309598 -0.063227
-9999 -9999
-0.152928 -0.065645
1.342294 -0.071567
1.659030 0.391886
-9999 -9999
-9999 -9999
-1.453873 -0.734331
-9999 -9999
0.250695 0.088417
0.448205 -0.227395
-1.694072 -1.047798
1.361032 -0.089040
1.705433 0.940850
0.435566 -0.416156
-1.418476 0.112426
0.052644 -1.642793
-1.626334 -1.736442
0.430306 -2.092078
-0.233597 2.339681
-1.394180 0.163597
-1.138285 0.777976
0.770516 -2.882179
-1.437406 2.801551
-1.363400 -0.009963
-1.993225 0.538565
-1.997646 0.269608
-9999 -9999
2.401669 -0.241798
2.249992 -0.019908
1.340786 0.024382
-9999 -9999
-1.260441 0.043951
-1.249435 -0.031863
1.327858 0.817851
-1.228027 -0.107413
-0.997894 -0.901730
-1.350148 -0.066528
-2.705797 -0.569231
-1.296359 -0.048709
-0.810078 -0.497394
-0.615884 -0.250146
-1.339629 -0.045296
-9999 -9999
-0.658547 -0.467972
-2.168185 -0.103320
0.066446 0.180042
-9999 -9999
0.213452 0.188837
-9999 -9999
-0.094064 -0.098832
-1.607420 -0.476944
-1.619426 -0.412612
-9999 -9999
-9999 -9999
-1.426099 -0.755637
-9999 -9999
0.211020 -1.113521
0.500217 -0.156293
1.709486 1.083504
1.790467 0.991101
-0.087205 1.286864
0.401598 -0.381224
0.146146 -1.745309
-1.245192 0.153535
-0.501226 2.308138
0.394556 -2.134238
-1.581158 -1.483500
0.759024 -0.617412
1.501356 2.346327
-1.498661 0.067605
-1.592755 2.700811
1.220322 0.031765
-0.512554 -3.388622
2.035851 -0.034170
3.748492 -2.981346
-3.922059 3.510492
-2.353444 -0.204096
-9999 -9999
-9999 -9999
-9999 -9999
-9999 -9999
-3.764340 0.100918
1.271074 0.671251
1.199163 0.138950
3.303137 0.434418
-9999 -9999
2.744596 0.556490
-1.319472 -0.083322
-2.371058 0.045521
0.683428 0.393487
-9999 -9999
1.382730 -0.089361
-9999 -9999
-9999 -9999
-9999 -9999
-9999 -9999
-0.055333 -0.071218
-1.806476 -0.380708
-9999 -9999
-1.304564 -0.013409
-9999 -9999
-9999 -9999
-9999 -9999
-0.346144 0.032825
-1.326758 0.008496
-9999 -9999
-9999 -9999
-0.015005 1.396613
-0.442908 0.414581
-1.195844 -0.073772
1.325635 -0.096534
-1.605774 -1.021618
-1.342804 0.058345
0.803469 -0.552706
1.727713 1.593609
-1.648590 -1.658145
-1.425602 0.050592
1.541113 2.110869
1.175348 -0.518979
-1.303938 -0.046152
2.059975 -0.414935
-1.446360 -0.234957
1.255252 0.063864
-9999 -9999
2.169403 0.098695
-9999 -9999
3.964848 -0.074130
1.335768 -0.078771
-3.984908 0.172513
-9999 -9999
-1.220984 -0.044895
-9999 -9999
-9999 -9999
-0.830029 -0.829455
1.343630 0.080174
-2.835708 -0.128310
-0.629210 -0.284415
-9999 -9999
0.680538 0.345353
-9999 -9999
-0.448976 -0.122715
1.732611 0.107749
-9999 -9999
-1.349499 -0.035789
-0.035236 -0.065373
-1.746396 -0.369628
1.667932 0.478060
1.427342 -0.038445
1.252202 -0.135516
-9999 -9999
-9999 -9999
-1.859372 -0.897931
0.087407 -1.139595
-9999 -9999
-1.259926 0.085880
0.068782 -1.369045
-0.353548 0.332560
1.454533 1.193845
1.347565 -0.148937
-1.291356 0.124829
-0.743749 0.458567
1.524955 1.484218
0.808788 -0.729958
-1.600126 -1.764057
1.181422 -2.945355
1.319259 -0.087103
1.189144 -0.435752
1.366157 -0.218993
-3.071260 3.595056
-0.152282 -3.224254
1.935929 -0.074831
3.986885 -3.431004
4.707315 -2.857349
1.771549 0.586337
3.915084 -0.232379
-9999 -9999
1.392932 -0.013645
1.293393 0.088255
1.044808 0.573794
-1.070837 -0.895659
-3.367079 -0.236485
0.856626 0.718515
-0.586448 -0.745728
2.762353 0.173858
0.524163 0.287322
-9999 -9999
-9999 -9999
-9999 -9999
-2.227679 -0.021941
0.028276 0.150642
-9999 -9999
0.222381 0.199544
1.265331 0.012650
0.072856 0.080856
-9999 -9999
-9999 -9999
-9999 -9999
