-0.535651 -0.078756
-9999 -9999
0.242802 0.516671
0.434447 0.076297
-0.488148 -0.161031
-9999 -9999
-1.411577 0.035576
-9999 -9999
1.245492 0.017187
-9999 -9999
1.219680 0.012128
-0.481004 -0.337558
1.248725 -0.055231
-0.547599 -0.445474
1.308799 -0.037565
1.301644 -0.077945
-0.598795 -0.398029
-9999 -9999
-9999 -9999
1.331125 0.026317
1.274875 0.000092
-9999 -9999
-9999 -9999
-9999 -9999
-0.293187 0.746969
-1.219256 -0.202625
-0.703431 -1.207308
-1.245008 -0.020764
-0.649006 -1.126470
-1.222205 -0.056763
1.261248 -0.006727
-0.755639 -1.016682
-9999 -9999
0.301661 -0.373188
0.640468 0.973276
-0.295401 0.170676
-1.276263 0.013178
-9999 -9999
-9999 -9999
-1.253813 -0.039929
-0.569473 -0.799364
-0.313177 0.165637
0.377090 0.736300
1.267138 0.013528
0.429794 0.657167
-0.342642 -0.682177
-0.287418 -0.084313
-9999 -9999
-9999 -9999
0.257131 0.556273
-1.314951 -0.003863
-9999 -9999
-0.139145 -0.554851
-9999 -9999
-0.148851 -0.523253
0.506719 0.197045
1.209027 0.055684
-1.345689 -0.034488
-1.267850 -0.015284
-1.326155 0.084532
-1.299418 -0.024511
-0.524465 -0.473313
-9999 -9999
-0.006040 -0.288847
-9999 -9999
-0.557367 -0.474569
-9999 -9999
-1.358360 -0.067208
-9999 -9999
-9999 -9999
-9999 -9999
-9999 -9999
1.328994 0.078926
0.571579 1.073381
0.247799 -0.467999
-9999 -9999
-1.301176 -0.103996
-0.598613 -1.014180
1.303202 0.048402
-0.280460 0.323696
-0.622351 -0.969498
-1.301303 -0.012785
0.639666 1.023782
-9999 -9999
-9999 -9999
-9999 -9999
0.557234 0.869536
-0.376347 0.180215
-0.577655 -0.821464
-0.314915 0.106601
-0.280230 0.057745
0.403377 -0.050776
0.434690 0.744036
-0.330515 -0.612080
-9999 -9999
1.565071 0.051044
0.409613 0.092834
-9999 -9999
-9999 -9999
1.330797 0.012090
0.175969 0.476616
1.324643 0.006549
-0.477522 -0.233355
-9999 -9999
1.199283 0.049644
-0.463503 -0.343839
-0.356848 -0.333884
0.094648 0.324413
1.274723 -0.004924
-9999 -9999
-9999 -9999
-1.314565 -0.013660
-1.358011 0.004752
0.549244 0.454564
-9999 -9999
-1.337034 -0.085304
1.317009 0.009284
-9999 -9999
-9999 -9999
0.698471 0.642270
0.579917 1.366786
-9999 -9999
1.220771 0.109695
0.730040 1.037351
1.241014 0.093170
-9999 -9999
-0.198238 0.385770
-9999 -9999
-0.245940 0.256211
-0.660248 -0.952558
0.284284 -0.313228
-1.245055 -0.109252
-9999 -9999
-0.427112 -0.836846
-0.334924 0.206941
0.369040 -0.214416
-9999 -9999
-9999 -9999
-0.316810 0.087866
1.269888 0.027624
-9999 -9999
-0.336531 0.022516
0.380862 0.044393
-9999 -9999
-9999 -9999
-0.453512 -0.090705
-0.393547 -0.125550
0.408353 0.098637
-0.196277 -0.548341
-9999 -9999
-0.211673 -0.534036
-9999 -9999
1.208724 0.062091
0.388023 0.356882
0.104959 0.309585
-1.291024 0.058309
0.360075 0.373513
-1.320729 -0.067726
0.540078 0.396117
0.436566 0.510112
-1.329414 -0.043376
-9999 -9999
-9999 -9999
-9999 -9999
0.570412 0.674544
-9999 -9999
-9999 -9999
-9999 -9999
-1.331760 -0.106163
-0.551491 -1.132267
0.719440 1.097791
0.716616 1.079652
-9999 -9999
-9999 -9999
-9999 -9999
-1.357179 -0.001562
0.619328 0.935009
1.331405 0.049258
-0.610466 -0.994166
0.529487 0.808355
-9999 -9999
-9999 -9999
-0.316610 0.153478
-1.255135 -0.101983
-9999 -9999
0.487484 0.725158
-0.363333 0.078070
0.426941 0.709811
-0.422997 -0.754053
-0.363224 -0.650568
-1.236295 -0.000400
-9999 -9999
0.419836 0.105805
1.215502 0.025107
-9999 -9999
-0.428014 -0.105054
-9999 -9999
-0.215551 -0.488232
0.164383 0.522973
-9999 -9999
-9999 -9999
-1.322291 -0.008522
-1.254187 -0.018006
0.084479 0.313965
0.088026 0.236343
-9999 -9999
-9999 -9999
1.287070 -0.004982
0.578947 0.422801
-0.549822 -0.440878
-9999 -9999
-9999 -9999
-9999 -9999
-0.506064 -0.732224
-0.732084 -0.532049
-9999 -9999
-9999 -9999
0.310740 -0.589164
-0.694368 -1.117452
0.727076 1.036763
-9999 -9999
-0.603878 -0.964925
1.272085 0.006451
-1.290043 0.017867
0.610820 0.937435
-0.279822 0.298243
-9999 -9999
1.259746 0.040439
-1.294503 -0.008412
-1.254464 -0.087259
0.600654 0.869442
-9999 -9999
1.391156 -0.002262
-0.420968 -0.749981
0.373232 0.736137
0.364598 -0.074848
-0.443056 -0.748723
-9999 -9999
1.327695 -0.072546
-1.391387 -0.048340
-1.518006 0.001708
0.198432 0.546197
0.354689 0.143268
-0.469428 -0.125906
-0.176795 -0.535205
-0.209496 -0.514852
-1.374541 0.032463
0.470083 0.226975
-0.026391 -0.376674
-9999 -9999
1.241138 0.011517
0.417143 0.353745
-0.094859 -0.280939
1.367604 0.011727
1.281959 0.009849
1.278227 -0.041790
0.554417 0.419423
-9999 -9999
-9999 -9999
-0.627342 -0.635833
-0.614319 -0.712576
-9999 -9999
-9999 -9999
1.272005 -0.081775
-0.297507 0.776525
0.591857 1.128574
-0.670917 -1.175483
0.206873 -0.538818
-9999 -9999
-0.253704 0.398872
0.225793 -0.381069
0.793639 0.975195
0.620506 0.963219
-9999 -9999
0.301097 -0.279735
-0.509530 -0.847360
0.258892 -0.212778
-9999 -9999
1.353347 0.038028
-1.257368 -0.050101
0.366737 -0.182980
-9999 -9999
1.299426 -0.020197
-9999 -9999
1.411097 0.015159
1.245663 -0.034016
-1.314472 -0.020179
1.505217 -0.000280
0.410990 0.111724
-9999 -9999
1.241332 0.032750
-1.391344 0.003553
-9999 -9999
-0.419424 -0.186359
0.140322 0.500744
-1.299630 -0.055598
0.059809 0.379668
-9999 -9999
-9999 -9999
-1.255428 0.048506
1.272307 -0.013458
-9999 -9999
0.516556 0.362780
-0.025006 -0.318567
-1.329482 0.018311
-9999 -9999
-9999 -9999
-9999 -9999
1.264864 -0.006902
1.262836 0.000508
-9999 -9999
-0.746224 -0.686158
1.313407 0.092238
0.523714 1.125404
-9999 -9999
1.249618 0.028953
0.231989 -0.371652
0.287349 -0.421507
0.238775 -0.329994
1.315620 0.021315
-0.248358 0.258078
-0.269358 0.283524
0.337777 -0.204205
-9999 -9999
-0.264229 0.196369
-0.413348 -0.851867
1.322841 0.073571
-0.357269 0.170305
-1.346180 -0.032478
1.326387 0.038694
0.349251 -0.047199
1.307898 0.027446
0.437152 0.762942
-1.246521 -0.028823
0.393483 0.051080
0.427896 0.717191
-1.538046 0.036935
-9999 -9999
0.205480 0.577093
-9999 -9999
-0.179271 -0.522889
0.191883 0.517837
-0.211752 -0.505137
-0.004743 -0.535656
-0.483082 -0.182247
0.086108 0.370667
1.230860 0.031639
-9999 -9999
0.389986 0.393679
1.364285 -0.028832
-1.258080 0.011532
1.327663 0.011344
-0.601453 -0.459796
-9999 -9999
-0.646183 -0.524995
-9999 -9999
-9999 -9999
-9999 -9999
0.649277 0.563360
-9999 -9999
-1.318583 -0.132414
-9999 -9999
-1.285966 -0.082855
-0.689479 -1.050596
-0.743869 -1.135897
0.670077 1.014852
-0.587704 -1.038615
-9999 -9999
-0.649214 -0.964467
-9999 -9999
0.602339 0.944555
-0.539439 -0.814626
0.661406 0.780569
-0.337602 0.208572
0.298687 -0.138235
-1.266529 -0.070716
-0.592606 -0.826845
1.317783 -0.003674
0.402960 0.713631
-0.406973 -0.716346
0.487875 0.696904
-0.374328 -0.011760
-0.435069 -0.640398
-9999 -9999
1.398640 0.116220
-9999 -9999
0.350593 0.125558
0.196215 0.583806
-0.424907 -0.123627
-9999 -9999
-0.157062 -0.519369
1.255319 0.064678
-1.228571 -0.033347
-0.146487 -0.373267
-1.212753 -0.025280
-1.282443 0.065885
1.219728 0.010417
-1.346719 -0.055957
-0.571066 -0.354952
0.457402 0.475170
-9999 -9999
1.215894 -0.012627
-9999 -9999
-1.303047 -0.022735
-9999 -9999
1.288157 -0.009724
-9999 -9999
1.275563 -0.051212
-9999 -9999
-0.532624 -1.190343
-0.320144 0.489120
-1.267771 -0.064167
0.666612 1.130733
-9999 -9999
0.193584 -0.412765
-9999 -9999
0.251334 -0.288479
0.624344 0.951300
-1.327095 -0.136544
-0.317238 0.136634
0.314235 -0.234925
-0.409469 -0.884189
1.307957 0.078205
0.366394 -0.212399
0.531405 0.813825
-1.280769 -0.056871
1.268935 0.080984
-0.415619 -0.740499
0.362528 -0.031459
-1.216523 -0.027644
-0.299734 -0.070411
0.506933 -0.036926
0.442482 0.126436
1.165569 0.024622
-1.290865 0.059241
-9999 -9999
-0.189316 -0.524490
1.330653 -0.037730
-0.433604 -0.202580
-0.476588 -0.226225
0.443472 0.233747
0.395053 0.355688
1.197265 0.035347
-9999 -9999
-9999 -9999
-9999 -9999
1.304837 -0.022982
-0.006015 -0.311770
-1.327090 -0.015003
-9999 -9999
-9999 -9999
-9999 -9999
-1.350918 0.037378
-1.308693 0.036175
-9999 -9999
-9999 -9999
-0.304528 0.817579
1.223466 0.178580
0.723693 1.120751
0.779544 1.061142
-1.285965 -0.083462
-1.167540 -0.028041
-1.238834 -0.038871
-0.726820 -0.993225
-9999 -9999
-1.356729 -0.047395
0.313307 -0.281091
-9999 -9999
-9999 -9999
0.441206 0.853754
-9999 -9999
-9999 -9999
0.608261 0.816068
-9999 -9999
-0.340385 -0.756098
-9999 -9999
-9999 -9999
-0.363834 -0.643265
0.476744 0.596463
-9999 -9999
0.402320 0.114850
0.362408 0.124881
1.301943 -0.035174
-1.365730 0.021439
1.315243 0.017429
-0.442522 -0.166053
-0.160537 -0.544351
-9999 -9999
-0.030115 -0.384036
-9999 -9999
-0.124386 -0.325138
-9999 -9999
-9999 -9999
-9999 -9999
1.277086 0.003979
-9999 -9999
-9999 -9999
0.517956 0.422219
-0.600751 -0.477349
-0.565027 -0.588917
-9999 -9999
-1.272477 -0.014940
1.216477 0.045425
-0.738244 -0.694520
-9999 -9999
0.241056 -0.602535
-1.197711 -0.118225
0.187159 -0.507970
-0.222352 0.404189
-0.654577 -1.026907
1.257189 0.012895
1.338369 -0.024301
0.227444 -0.291029
1.334985 0.026731
-1.319765 -0.092823
-1.225032 -0.072248
-0.252762 0.238178
0.326391 -0.233542
-1.381549 -0.030540
-1.252309 -0.092922
-0.374445 0.137840
-9999 -9999
-0.321851 0.027570
1.265909 -0.008381
0.380468 -0.034720
0.361156 -0.010396
-9999 -9999
0.501616 -0.071584
-0.544598 0.015983
1.183503 0.043438
0.253474 0.582049
0.426919 0.161690
0.419340 0.188204
1.321888 -0.012000
1.399251 -0.033212
-0.047704 -0.464916
-0.049618 -0.353325
0.471380 0.301367
-0.091067 -0.315581
-0.080856 -0.351406
-1.217077 0.017174
-9999 -9999
-1.249206 0.043681
1.292054 -0.042408
-9999 -9999
-9999 -9999
-9999 -9999
-9999 -9999
0.540415 0.664868
-9999 -9999
0.696728 0.550067
-9999 -9999
-0.234109 0.789208
-9999 -9999
-9999 -9999
1.238193 0.022146
-0.696788 -1.096222
0.257159 -0.345414
1.248582 0.074504
-0.243456 0.413623
0.187423 -0.268725
0.711989 0.976595
1.306466 0.075411
-1.226695 -0.063565
0.627736 0.837239
-0.457379 -0.916057
-1.336818 -0.026359
-0.339639 -0.814701
0.410036 -0.186513
-9999 -9999
-9999 -9999
-0.439748 -0.730655
-0.362393 0.007503
-0.361417 -0.655859
0.438873 0.570947
0.429636 0.630010
-9999 -9999
-0.417880 -0.048935
-0.281385 -0.478882
-1.373876 0.048787
-9999 -9999
-0.196197 -0.533640
-0.179265 -0.517612
0.475503 0.161248
1.249740 0.019105
-9999 -9999
-0.089448 -0.301575
1.241247 -0.115529
1.285418 -0.077806
-0.000755 -0.335757
-9999 -9999
-1.292409 0.048079
-9999 -9999
-9999 -9999
-0.620113 -0.508149
-9999 -9999
0.573038 0.664717
-1.288107 0.073012
-9999 -9999
-0.669330 -0.664010
-0.227671 0.769279
-9999 -9999
-9999 -9999
-0.195624 0.483704
1.263986 0.049318
-0.234839 0.381807
0.665394 1.025231
-9999 -9999
1.283713 0.003011
-9999 -9999
1.357844 0.016325
-1.216842 -0.063254
1.260341 0.029763
-0.457634 -0.886848
0.305998 -0.164828
0.371438 0.804831
-0.621023 -0.775547
-1.301974 -0.021262
-0.379879 -0.769759
0.340423 -0.051768
0.335380 -0.033554
-1.250861 -0.002357
-9999 -9999
-9999 -9999
-0.281633 -0.587401
-9999 -9999
-0.360814 -0.082885
-0.248701 -0.529638
0.173646 0.558733
-0.442687 -0.172292
-9999 -9999
-1.258347 0.009895
-0.471355 -0.205833
1.307224 -0.046327
-0.391318 -0.327395
-9999 -9999
1.261818 -0.058748
-0.530554 -0.440263
1.263076 -0.015699
-1.301922 0.012127
0.624012 0.416903
0.604018 0.436568
-9999 -9999
-0.620373 -0.554777
-1.331649 0.013989
-9999 -9999
1.191483 0.000598
-9999 -9999
-1.289518 -0.068114
0.175762 -0.585019
-0.277664 0.548055
0.205988 -0.505749
1.256144 0.038851
-0.652955 -1.027666
-9999 -9999
-0.256856 0.391228
0.263560 -0.304044
1.284044 0.022442
0.283916 -0.308571
0.283019 -0.170791
-0.620305 -0.836140
0.484854 0.807327
-0.331780 0.153422
0.408765 0.803918
-0.307177 0.127194
1.346011 0.041936
-1.276004 -0.006863
-0.450783 -0.734279
-0.355939 -0.004065
0.341965 -0.065719
0.376461 0.006588
0.403871 0.633639
-0.294205 -0.639043
-1.237623 0.032001
0.361575 0.140724
-1.355604 0.087565
0.430485 0.195428
-0.443924 -0.190123
-9999 -9999
-1.297234 -0.046269
-0.526369 -0.214071
-9999 -9999
-9999 -9999
1.274282 -0.097897
0.404782 0.378346
1.340197 0.018389
0.512901 0.395787
-1.319723 0.017038
1.258950 0.015873
1.229471 0.019973
-9999 -9999
1.355594 0.028978
-0.512370 -0.736239
-9999 -9999
-0.651118 -0.580016
-1.307832 0.041576
-9999 -9999
-0.280797 0.569376
1.288497 0.082423
-1.274089 0.001128
-0.779394 -1.093644
-1.227783 -0.064598
1.208052 0.033442
-9999 -9999
-0.240943 0.236557
1.280455 0.031212
0.311153 -0.253476
-0.293881 0.182670
0.642686 0.846988
-0.325069 0.217108
1.317890 -0.002075
-9999 -9999
-1.318951 -0.035226
-0.406488 0.117230
-0.353772 -0.744536
-9999 -9999
0.489917 0.696225
-0.352422 -0.661564
0.356751 -0.015103
-0.456733 -0.107065
