-0.676621 -0.621668
1.549659 -0.183323
-1.586335 0.433398
0.886950 0.648270
-0.784354 -0.768649
-1.146926 -1.533188
0.941953 2.486086
0.723298 -0.460070
-0.730524 0.343886
-9999 -9999
-0.715013 -2.884059
-9999 -9999
-9999 -9999
-1.091479 -0.000887
-9999 -9999
-9999 -9999
-9999 -9999
-9999 -9999
-9999 -9999
-9999 -9999
0.837719 -0.570565
-0.866590 0.537349
1.186299 -0.668751
-9999 -9999
0.288025 1.860185
0.579501 -0.578135
0.706146 2.300816
0.840562 -0.596499
-0.841107 0.626055
-0.373023 0.817221
1.511846 -0.189057
-1.107661 0.446218
0.210016 -0.882472
5.046774 3.397210
-9999 -9999
0.836364 0.033299
-1.441631 -0.030308
1.213171 0.056845
0.457501 -0.003004
1.932284 -0.651438
-1.629373 0.348332
-0.611901 -0.062370
0.672913 -0.139051
0.442711 -0.030191
-0.420346 -0.089209
0.807469 -0.408224
-0.912355 0.254341
0.530270 0.180889
-1.733577 0.885331
0.808283 0.775458
-1.772169 0.166715
0.577658 0.534406
-0.785878 -0.885530
1.852971 2.153263
-1.113453 -3.073092
-3.214456 -2.715296
2.720902 1.353582
-9999 -9999
1.600584 -0.631366
-9999 -9999
0.686531 16.647063
-0.939000 -0.259834
-9999 -9999
-9999 -9999
-9999 -9999
-0.306658 0.367018
-9999 -9999
0.925346 -0.357989
1.175295 -0.009019
-9999 -9999
-1.235919 0.057155
-9999 -9999
-1.280645 0.184752
-1.098663 0.024890
0.588076 -0.848560
-0.796901 0.700759
-0.693834 -2.291598
-0.948830 -2.331301
2.821898 4.840267
-2.596798 -4.945444
1.161976 -0.383914
-9999 -9999
1.175500 -0.470924
-2.570937 0.119731
2.204359 0.021191
1.149250 -0.073267
-1.445700 0.232577
-1.329502 0.027860
0.797758 0.178062
1.353347 -0.320868
-0.742161 0.343821
-0.540272 -0.042954
-1.391159 0.186749
-0.972546 0.112551
-0.901389 0.118739
-0.463268 -0.426017
1.506533 -0.578246
-1.600370 0.218914
-1.144075 -0.168874
-0.439614 -0.769798
0.456860 1.031493
3.477873 -0.447078
-1.891021 -0.249253
0.755016 -0.759033
-9999 -9999
-9999 -9999
-9999 -9999
-9999 -9999
10.264443 11.462161
-9999 -9999
-9999 -9999
-0.127734 0.649234
-1.610684 0.057535
1.039131 -0.388206
0.447549 -0.681645
-9999 -9999
0.719368 -0.293579
-9999 -9999
1.301878 -0.244130
1.106316 -0.068770
0.826565 -0.458558
-9999 -9999
-0.762026 -2.479485
-1.355753 -0.229491
0.229821 2.351725
0.539212 2.479257
1.760724 5.242024
-9999 -9999
3.124711 2.552926
-9999 -9999
-9999 -9999
4.129899 0.115086
3.682128 0.447497
1.879558 -0.654650
-0.488259 -0.161290
-1.098381 0.355078
-0.956298 -0.192998
-0.703613 -0.169421
1.318883 -0.103187
0.143462 0.103231
-1.123368 0.099656
0.418865 -0.035294
0.205297 0.115928
-1.579054 0.252616
1.515727 -0.319058
-1.394107 0.728586
0.671062 0.913707
1.592577 -0.653585
1.820355 -0.345586
1.660137 -0.419231
1.987313 2.519132
-3.356140 -2.402641
-9999 -9999
-9999 -9999
-9999 -9999
-9999 -9999
-4.140431 -17.085458
-9999 -9999
-9999 -9999
-9999 -9999
-1.139150 0.127838
0.060152 -0.826670
0.302213 -0.621547
-9999 -9999
0.631082 -0.347956
-9999 -9999
1.375863 -0.046622
-9999 -9999
-0.103104 -1.259471
-0.016400 -0.821854
-1.343364 0.245235
0.216410 2.659494
-0.689688 -2.252128
0.330313 -0.866220
-1.469726 -3.876696
1.857676 5.237414
-2.034632 -1.668265
-9999 -9999
-7.226782 2.423302
2.593633 -0.452594
1.481309 -0.192480
-1.068121 0.285013
0.838250 -0.629434
0.378776 0.314888
-1.494804 0.223331
-1.421804 0.280008
1.377937 -0.211480
0.958563 0.023832
0.843445 -0.103957
-1.287204 0.373986
-0.846014 0.210901
-1.544776 0.266268
-0.703827 -0.610761
0.646182 0.709509
-0.695420 -0.670920
-1.251763 0.454320
-0.651903 -0.712433
3.322265 -0.819313
1.927963 -0.182785
-1.105142 0.215206
-2.023859 -2.695320
-9999 -9999
1.747069 -0.907353
-0.730851 -0.513987
3.506533 18.786255
-1.058252 -0.016834
-9999 -9999
-9999 -9999
-0.049236 1.061723
0.738387 -0.104328
-9999 -9999
-9999 -9999
0.897667 -0.385528
-9999 -9999
-9999 -9999
-9999 -9999
0.732338 -0.728455
-0.962127 0.169213
1.357983 -0.325260
1.370010 0.331301
-9999 -9999
1.137326 2.375368
-1.534121 0.418461
-1.200025 0.692636
-9999 -9999
-5.510618 -3.270811
-4.463931 1.369443
-2.305656 0.393774
1.308089 -0.115881
1.365768 -0.120376
1.172393 -0.409735
-1.996691 0.522060
-1.093223 0.105987
-0.490360 0.222668
-1.130070 0.524052
-0.906833 0.048569
1.051373 -0.189602
-0.464071 0.212966
-0.600096 -0.171902
-1.387760 0.344077
-1.777868 0.864406
-0.673086 -0.629033
-0.227024 -0.632568
0.795779 0.609255
1.234811 -0.319050
2.217075 -0.304651
-9999 -9999
0.806762 -0.297436
-9999 -9999
-9999 -9999
-0.770062 0.469465
-9999 -9999
-9999 -9999
-9999 -9999
1.303254 1.364409
-9999 -9999
-9999 -9999
-9999 -9999
0.721742 -0.119160
-0.759283 0.411237
0.941955 -0.352088
1.440676 -0.209485
-9999 -9999
-9999 -9999
0.625094 1.845870
1.027710 -0.060706
-1.424003 0.304012
-0.284412 -2.787339
-1.179732 -0.163999
0.928298 -0.303666
1.555983 -0.561187
-1.820173 -5.513647
1.097741 -0.277927
1.815367 -0.400663
-1.623551 0.407250
0.948167 -0.211465
-2.173445 0.189131
-1.882981 0.944069
-0.773789 0.675716
2.010988 -0.571974
-1.157341 -0.082776
-0.534223 -0.238316
1.494709 -0.341198
-1.234180 0.076774
-1.283308 0.250975
1.112230 -0.364791
-0.864076 0.148498
1.590423 -0.275838
0.903419 0.345422
-1.721805 0.077151
-0.174171 -0.910979
0.949805 0.698442
1.471258 0.039297
-3.256302 0.052346
-9999 -9999
-0.087842 -2.690125
-9999 -9999
-9999 -9999
-9999 -9999
-9999 -9999
-9999 -9999
-9999 -9999
-9999 -9999
-9999 -9999
-9999 -9999
0.148268 -0.631460
-0.145648 0.573690
-9999 -9999
0.904958 -0.210568
-9999 -9999
-9999 -9999
-9999 -9999
-9999 -9999
-0.323563 0.486939
1.056480 2.383634
-1.235567 -0.126289
1.121670 -0.088607
1.054365 -0.263421
-2.696100 -4.760701
-0.900478 0.444046
3.207314 2.673341
-4.905792 -2.868067
7.323952 -2.683427
2.601850 -0.456852
-1.563274 0.193520
1.292216 -0.157336
0.470929 0.068603
2.077187 -0.431274
-1.397847 0.270205
-1.242094 0.488679
-0.639671 0.268418
0.878207 0.120789
-0.455056 -0.221712
0.915404 -0.308527
0.992661 -0.188321
0.452287 0.054537
0.364333 0.813004
0.618701 0.661298
-0.221395 -0.978696
-1.338063 0.444047
0.514332 0.818857
0.704818 2.374558
-1.742221 -2.758537
-0.562257 0.883326
-0.725418 0.147040
-9999 -9999
-9999 -9999
-9999 -9999
4.143421 15.634788
-9999 -9999
1.035303 0.047796
-0.706188 -0.207204
-9999 -9999
0.552002 -0.357888
-9999 -9999
-1.267820 0.211785
-0.626885 0.358030
-9999 -9999
-9999 -9999
-9999 -9999
-0.664705 0.619373
-0.415388 0.524682
-9999 -9999
0.039289 2.664594
0.252087 2.342879
-0.041315 -1.600975
0.324521 -1.578770
-1.468009 0.192336
3.309585 2.539334
8.648229 5.247490
4.911978 -0.787819
-3.900365 0.236557
-9999 -9999
1.045730 0.051238
-0.890465 0.771657
-1.938483 0.274095
-1.166068 -0.004268
-0.598998 0.161231
-0.585708 0.357651
0.988714 0.039073
-1.480354 0.191892
1.272994 -0.226936
-1.031861 0.111325
-0.595703 -0.251542
1.567913 -0.443284
-1.269390 -0.059699
-0.591508 -0.627595
0.498832 0.848764
-1.163893 -0.098407
-3.092004 0.206879
3.490696 1.438184
-9999 -9999
0.830949 0.131616
-9999 -9999
-9999 -9999
-9999 -9999
-1.848164 1.675570
-9999 -9999
0.704260 0.667738
-9999 -9999
-1.116517 -0.517392
-0.512850 0.745058
-9999 -9999
-9999 -9999
-9999 -9999
1.381415 0.327608
-9999 -9999
-9999 -9999
-0.507274 0.747009
-0.466272 0.504208
1.275168 0.053427
1.353526 0.216997
-0.352578 -2.421243
-0.674973 -2.422122
-2.149587 -5.227482
-1.705291 -5.406336
1.208894 -0.179808
-2.102856 -0.028071
1.415157 -0.189638
4.114414 0.114992
-1.564563 0.147089
-1.079083 -0.221426
-1.263266 0.195457
-1.341218 -0.244880
1.050513 -0.067286
-0.419228 0.095111
-1.209148 0.666612
0.111119 -0.013430
-0.968704 0.036640
-0.547349 0.106007
-1.400868 -0.036387
-1.561346 0.182863
0.873065 0.532876
0.643489 0.591827
-1.595290 0.461643
-1.057159 0.393176
-0.918824 -0.509713
-2.239309 -1.486697
-1.650569 -2.608700
-3.173826 -2.873761
-0.374317 0.079327
-9999 -9999
-5.775189 -2.049732
1.211165 1.088776
-9999 -9999
-0.228229 0.635168
0.527093 0.813283
-9999 -9999
-9999 -9999
0.116358 -0.652403
-0.474555 0.497156
1.226041 -0.188093
-9999 -9999
-9999 -9999
-1.531773 0.024646
1.242743 -0.187982
-1.399508 -0.132473
-0.499723 0.534085
-1.380205 0.223339
-9999 -9999
0.994242 0.062798
-0.158279 -1.774330
0.155526 -2.007249
0.792143 4.161893
-1.295441 0.402877
-9999 -9999
-9999 -9999
-1.080151 0.100843
-1.568324 0.409425
1.769305 -1.012496
-0.442990 -0.233538
-2.077010 0.689500
-0.699742 -0.399614
-0.701556 -0.108834
0.741009 -0.184469
1.202379 -0.184871
-1.012605 0.123908
1.376168 -0.367033
1.177822 -0.125932
1.540457 -0.448446
0.916563 0.049430
-1.023284 -0.615375
-0.403816 -0.719380
1.284255 -0.474747
1.625153 -0.351790
1.995644 1.537808
-3.581049 -0.703106
3.675382 2.535352
0.623623 -0.260702
-9999 -9999
5.548871 2.135779
-9999 -9999
0.881738 -3.836030
-9999 -9999
-9999 -9999
-9999 -9999
-1.253418 0.122331
-0.040324 0.635705
-0.762311 0.053407
-0.468902 0.164513
-9999 -9999
-9999 -9999
-9999 -9999
-9999 -9999
-0.416584 -1.974636
0.530001 -0.481877
1.027045 2.247758
-0.802830 0.743041
-0.620608 0.716617
-0.457665 0.758430
-2.584400 -5.094377
-9999 -9999
-9999 -9999
-9999 -9999
-7.163702 2.296841
2.453041 -0.289874
-9999 -9999
0.944957 -0.683457
-0.523115 -0.176100
0.235763 0.375867
-0.953175 0.081755
-0.323670 0.012061
1.332628 -0.544536
-1.331572 0.008012
-0.098814 -0.044664
-0.413639 0.143724
-0.293477 -0.166001
-0.439071 -0.384165
0.663872 0.352621
-1.541642 0.289684
0.412399 0.843336
1.271119 -0.352207
1.059570 0.803916
2.019955 1.754023
-9999 -9999
3.260434 3.423184
-1.247734 -2.910346
-9999 -9999
-2.017042 -0.667678
-9999 -9999
-9999 -9999
-9999 -9999
-9999 -9999
-9999 -9999
-9999 -9999
-0.117504 0.681606
-0.714874 0.046877
1.271317 0.132842
-0.717826 0.568078
-0.709953 0.250492
-9999 -9999
-9999 -9999
-0.608165 0.970316
-1.194647 0.063531
0.573217 -0.956490
-9999 -9999
-9999 -9999
-0.913706 -2.354674
0.006118 -1.976806
-1.327103 0.182011
2.204304 1.754756
-9999 -9999
-9999 -9999
1.026362 -0.373319
2.065209 0.148038
-1.078210 0.555698
-1.688493 1.404480
0.426315 0.320878
-0.652938 -0.129840
1.349552 -0.176850
-1.055846 0.485919
0.226562 -0.009714
0.467124 0.089600
-1.106501 0.382864
-0.496527 -0.210797
-1.570067 0.214263
-0.546415 -0.477471
0.708979 0.633915
1.560266 -0.002225
0.929519 -0.250545
-1.766271 0.231943
-2.403847 -1.746434
-1.543490 -3.557364
3.519160 4.169997
0.666798 -0.274043
-9999 -9999
-0.684423 0.049052
-9999 -9999
2.075611 18.328559
-9999 -9999
-1.010390 -0.184477
-9999 -9999
-9999 -9999
-9999 -9999
-9999 -9999
-9999 -9999
-9999 -9999
-9999 -9999
-1.031255 0.032036
-9999 -9999
-9999 -9999
1.074654 0.076524
-1.572601 0.155157
-0.739139 0.743591
-9999 -9999
0.858003 2.477618
1.104757 3.605418
-0.877263 -4.055352
-3.322750 -2.601875
-1.794817 0.644578
-9999 -9999
0.932329 0.149829
-9999 -9999
-1.900364 1.020354
-0.469144 -0.082177
2.081565 -0.560949
0.812667 0.029781
1.330392 -0.216015
-0.751552 0.334153
0.489020 -0.007854
0.524054 0.049284
0.933009 -0.248328
0.221592 0.113231
1.323653 -0.315181
-0.501920 -0.593574
1.659569 -0.220036
-1.553508 0.173810
1.219276 -0.297886
1.777350 -0.364148
-2.490756 0.238364
-9999 -9999
-9999 -9999
-2.462105 -1.032273
-9999 -9999
2.689063 5.872965
-9999 -9999
-1.189289 -16.193255
-0.918285 0.111963
-9999 -9999
-9999 -9999
-1.012825 -0.056662
-9999 -9999
-9999 -9999
-9999 -9999
1.225028 0.010624
-9999 -9999
-9999 -9999
-9999 -9999
-0.855127 -1.938530
-0.122933 -0.921260
0.590337 1.814468
0.602771 2.738111
1.196140 -0.175744
-0.812829 0.139604
1.372930 3.484491
1.109831 -0.961716
1.949330 1.636972
-9.191911 -3.459006
1.478615 -0.124688
2.294814 -0.760079
3.700939 0.067765
-1.864678 0.876031
1.081190 -0.429061
-0.199757 -0.348030
-0.857848 0.012940
-0.412563 0.036276
-0.515046 0.497499
0.917658 0.099231
1.012109 -0.211381
0.914055 -0.075818
-1.016494 -0.058701
-0.931213 -0.406169
-0.714447 -0.161359
-1.619466 0.323188
-1.556095 0.490053
-0.644501 -0.616204
1.504669 -0.458301
-1.906937 -2.248985
4.576567 0.943227
-9999 -9999
-1.790451 -2.881136
-9999 -9999
-0.506070 0.256573
1.085831 0.245555
-9999 -9999
-9999 -9999
0.367024 0.650036
-9999 -9999
-9999 -9999
0.131468 -0.735555
-0.387290 0.457392
-1.061748 -0.051590
1.219313 -0.099618
-9999 -9999
-9999 -9999
-0.999180 -0.077092
-1.192963 -0.049270
-9999 -9999
1.006668 2.306712
-9999 -9999
0.509021 2.519075
-0.629751 -2.248611
2.738509 5.193575
2.169354 5.531383
-9999 -9999
-8.479118 -4.928174
-9999 -9999
2.329767 -0.101675
-9999 -9999
0.233180 0.345762
-0.523099 -0.247006
-0.247694 -0.359707
0.874962 -0.018084
0.985367 -0.419029
-1.228894 0.108317
0.849006 -0.012892
1.425000 -0.087785
1.085997 -0.230672
-0.952710 0.072898
0.352808 0.482118
