0.580182 0.023775
-0.678519 -1.688513
0.270399 1.811991
0.190583 1.668875
-0.306455 -0.222068
-0.164712 -1.565783
-0.386135 -0.200031
0.622699 0.004153
-0.396640 -0.166418
0.395556 0.112908
0.674601 -0.015285
0.372397 0.076738
0.454176 0.821160
0.664693 -0.019970
0.188163 0.898432
-0.441781 -0.020417
-0.164033 -0.759245
0.491977 0.050062
-0.405388 -0.643120
-0.647610 0.011445
-0.681918 0.000559
-0.673869 0.031761
-0.315652 -0.508752
0.732381 -0.027434
-0.659825 0.344852
-0.312015 0.958680
0.416510 -1.777562
-0.818811 0.480492
0.639934 0.041807
0.913261 -0.618366
-0.334608 2.027083
0.813935 0.144058
-1.305199 0.453173
1.551057 -0.387446
-1.278424 3.580473
0.606201 -0.009261
-6.760247 5.379712
-0.278036 -0.707162
-8.825958 -9.121737
-5.965606 -5.840091
-9999 -9999
-0.999645 -0.384551
-9999 -9999
-0.234228 -0.921563
-9999 -9999
0.769437 3.410220
0.931943 1.958839
-0.191779 -0.513282
0.210953 0.364038
0.909580 1.511185
0.417893 1.767900
0.313977 0.185875
0.276731 0.197636
0.343104 1.558772
0.638717 1.236043
0.652095 -0.016573
-0.720969 0.063560
-0.392980 -0.088990
0.677517 -0.009665
-0.211617 -0.983051
-0.417229 -0.858991
-0.635310 -0.001832
-0.426508 -0.100772
-0.452578 -0.042330
-0.104197 -0.732516
-0.453442 -0.063268
0.311437 0.653363
-0.494650 -0.005721
0.088536 0.561720
0.288876 0.627177
-0.257063 -0.563860
0.027136 0.485146
-0.520536 0.689469
-9999 -9999
-0.731488 0.224894
-0.729139 0.220257
-0.584753 0.726570
-9999 -9999
-9999 -9999
0.800931 -0.820368
0.616891 -0.097906
-0.837624 0.069349
-0.705189 0.010198
-0.477675 3.627102
-2.506371 1.132572
8.356943 -3.062442
-10.506948 -5.929010
-0.785999 -0.227449
-1.368857 -2.910936
6.585476 6.994631
-0.834341 -4.673659
-1.981544 -2.777437
0.394886 3.593474
-1.188763 -3.138366
0.474733 -0.138751
1.020693 1.901880
-0.603780 0.020856
-0.664209 0.128453
-0.254493 -0.263929
0.788536 1.431339
-0.644664 0.133098
-0.692764 0.040991
-0.642134 -1.176255
0.199094 1.237346
0.327064 0.079888
0.198463 1.097506
0.508716 0.907477
-0.649988 0.102829
-0.477976 -0.831871
0.353468 0.821497
-0.157193 -0.846364
-0.464940 -0.037986
-0.361835 -0.702126
-0.351829 -0.668286
0.488913 0.020456
0.683956 0.024808
-0.332143 -0.570471
-0.686270 -0.046244
0.684867 0.019113
-0.677206 -0.072356
-9999 -9999
-9999 -9999
-0.614869 0.287132
0.678017 -0.241172
-0.544794 0.710644
-0.635747 0.778496
-9999 -9999
0.043773 -3.362965
-0.914692 0.872300
-1.721519 4.587928
0.257895 -4.799381
0.715077 -4.357816
4.873661 -6.861385
-1.146517 -0.341909
1.762425 2.756892
0.377004 0.323764
-8.453767 -5.923234
-1.200430 -2.275548
0.013929 0.711724
2.158948 2.555825
0.431371 3.396739
1.739748 2.511873
-0.535719 0.029032
-0.245220 -0.407631
-0.690720 -1.751592
-0.760724 -1.643514
0.251717 0.352026
0.631299 -0.024329
0.766819 1.335059
0.673356 0.029663
-0.233553 -1.382670
-0.402366 -1.075722
-0.271772 -1.285471
-0.358748 -0.144064
-0.385418 -0.114373
-0.665034 0.021082
0.412897 0.855594
0.085751 0.896587
0.479103 0.101576
-0.711301 -0.005968
0.136168 0.684454
0.673098 0.005997
0.323587 0.679711
-0.681630 -0.003852
0.472900 0.024558
0.143316 0.551435
-0.144285 -0.536780
0.277970 0.558273
0.014978 -1.426009
0.208606 -0.977697
0.637642 -0.114131
0.130837 -1.117546
-0.220567 1.765820
0.005723 -1.686762
-9999 -9999
-0.667218 3.224808
1.162967 -0.677532
-1.735408 0.636835
-0.456413 0.100251
1.346391 -0.677741
5.923901 -6.288843
6.628944 -2.519537
-9.919924 -7.120963
6.897316 5.180195
0.711620 0.255924
-0.741216 -2.291784
-0.020229 -0.773227
0.077713 0.844159
-0.483369 -0.090349
-0.807381 -0.079104
-0.226055 -0.640230
0.185291 0.539261
0.181747 2.106054
-0.694522 -0.018783
-0.521322 -0.039448
0.634588 0.027036
-0.746588 -1.367427
-0.695058 -0.049380
0.639876 1.201974
0.321190 0.147859
-0.759405 0.007267
-0.151596 -1.105228
0.367386 0.066974
0.473044 0.868574
-0.435761 -0.023555
-0.127974 -0.851571
0.416860 0.054520
0.186001 0.790097
-0.669470 -0.013565
0.664861 0.004586
-0.669597 0.026137
0.460837 -0.039570
0.186192 0.550844
-0.479910 0.019228
-0.681508 0.060817
0.296523 0.510758
-0.387390 1.436701
0.634708 0.143404
-0.669547 -0.196392
-0.569037 1.597041
-0.671888 -0.035443
0.417486 -1.678437
0.547409 -2.513404
0.777049 -2.491507
1.065042 -2.324272
-2.450347 2.984832
-0.732227 -0.132477
-0.460048 0.077607
0.699777 -0.078377
7.137411 -0.973880
0.412067 -0.070246
6.185787 8.716080
-0.355114 -0.437004
4.856226 8.036912
-9999 -9999
1.358626 3.157933
-0.303841 -2.861176
-0.570723 -3.533897
0.893064 2.032594
0.670432 0.057353
-0.653606 -1.679164
0.661253 -0.004607
-0.532499 0.006089
0.256880 1.675839
0.754719 1.278425
0.231610 1.650913
0.561964 1.193011
0.375154 0.146178
0.700044 -0.058738
-0.676485 -0.067157
-0.398322 -0.939976
-0.386055 -0.062880
0.424665 0.089011
0.450990 0.068677
-0.428754 -0.096149
-0.133655 -0.768488
-0.367233 -0.702992
-0.386324 -0.671292
-0.449870 -0.022602
0.296368 0.604323
0.651737 0.042071
-0.315211 -0.614877
-0.661661 -0.006087
0.249487 0.549335
0.548720 -0.407909
-0.238023 0.989261
-0.679204 0.017688
0.678585 -0.058076
0.179908 -1.752578
0.211325 -2.265095
-0.109842 2.096271
0.441287 -2.492590
1.293765 -3.105746
-1.594049 0.444872
1.264602 -4.655938
1.857643 -4.235082
2.425205 -1.070311
8.813664 -1.914735
-9.620195 -7.362029
0.733496 2.490426
6.876751 7.149869
-0.589268 -2.684096
-0.902482 -3.912441
-1.263676 -3.903936
-9999 -9999
-1.001208 -3.398029
-1.056947 -1.948127
-0.934714 -2.026576
0.139090 0.456122
0.173981 1.987238
0.119284 1.822368
-0.296314 -0.282047
0.252695 1.604916
0.695600 -0.005774
-0.347130 -0.208201
0.415736 1.113556
0.563766 1.117625
-0.117400 -1.124072
0.349715 0.143525
-0.501307 -0.896321
0.194291 0.892332
0.697584 -0.017338
-0.174564 -0.811167
0.685726 -0.005041
0.669186 -0.004659
0.448756 0.006334
-0.688922 0.063092
0.219565 0.574613
0.167568 0.562886
-0.216641 -0.499464
-0.163796 -0.494762
0.693643 -0.062659
0.402458 -0.887555
0.685962 -1.365233
0.475570 -1.123691
-0.785069 1.572409
0.574949 -1.148539
0.977738 -2.085158
-0.558474 1.941661
1.193017 -0.396813
1.306840 -0.285232
3.576181 -3.205350
-0.516990 -0.106318
-0.588089 -0.026092
5.409606 -4.353742
-0.474332 -0.108673
-0.568792 -3.050699
5.437848 9.019140
0.424120 2.707591
-4.713028 -8.523807
-9999 -9999
-0.058222 -1.037669
-9999 -9999
-0.871930 -2.838378
-0.369452 -2.648838
0.573166 1.956096
0.268738 0.296872
0.690119 -0.135714
0.593794 -0.125976
0.443175 1.611619
-0.388318 -0.227349
0.733897 -0.071924
0.715409 1.137570
-0.573351 -1.048419
0.713956 -0.039942
-0.384809 -0.082602
0.176992 1.103659
-0.696849 0.054922
-0.435944 -0.024810
-0.336007 -0.767265
0.658529 -0.027200
0.436007 0.040455
0.351143 0.727572
-0.160402 -0.723182
0.451957 0.016988
-0.338878 -0.583674
0.683181 0.063107
0.098284 0.541373
0.466398 -0.022321
0.663350 0.086705
-9999 -9999
-9999 -9999
-0.676234 0.316378
-0.449211 0.803851
-9999 -9999
0.497591 -0.880021
-0.546126 0.864211
0.707404 -0.309214
-0.856954 1.140342
1.118474 -4.576863
0.929165 -1.454692
-0.117580 3.893984
2.352059 -1.378155
0.812247 0.142237
-2.351975 -2.200746
0.579295 -0.043024
-7.582105 -3.140856
7.324139 6.044713
-9999 -9999
2.508342 2.453228
1.137088 2.695943
-0.732790 0.247390
-1.285895 -2.322100
-0.290747 -0.428333
0.110385 2.079695
-0.324140 -0.382208
0.489291 1.534775
0.639531 0.121684
0.284113 1.618297
0.351750 0.253664
-0.179353 -1.389261
0.357682 0.145064
-0.532046 -1.123067
0.049115 1.126383
0.078239 1.076705
-0.382170 -0.091173
0.159260 0.919863
0.440633 0.050680
-0.636172 -0.044866
0.426837 0.812257
0.662741 0.070277
0.347409 0.708658
-0.318325 -0.681138
-0.140087 -0.611937
0.677614 0.017575
0.161079 0.571390
0.308384 0.524414
0.057600 0.521701
0.270239 -0.911330
-0.583719 1.393394
0.835148 -0.275929
-0.549578 1.625905
0.800765 -0.404637
0.992107 -0.462075
-0.576916 -0.106510
1.429634 -2.799534
-0.800599 -0.119625
-3.265303 3.310212
-2.205257 4.319608
-1.326799 0.449349
0.836137 -0.212152
-0.783357 -0.607925
0.411064 2.909028
5.593971 6.376152
-5.757528 -6.002592
-4.552678 -6.243467
0.515868 0.159341
-0.783400 -4.074524
-9999 -9999
-0.257070 -0.581933
0.455890 2.669567
0.667488 2.108251
0.357372 2.104683
0.370241 0.296218
-0.287683 -0.264388
0.285620 0.218532
-0.604508 0.034560
-0.373147 -0.187408
-0.645442 0.037630
0.079154 1.269803
-0.399333 -0.148090
-0.383297 -1.039711
0.326585 0.109763
0.683105 -0.013841
-0.150877 -0.926619
-0.095486 -0.884531
0.134157 0.870056
0.705995 0.017427
0.451339 0.046438
-0.451684 -0.046254
0.324200 0.711973
0.122108 0.581002
-0.624833 -0.062071
0.428008 0.024267
-0.672833 -0.033173
-0.096350 -0.505367
-0.690074 0.089456
-0.191784 1.015441
0.644909 -0.529359
-0.701012 0.010110
-0.187225 1.315816
-0.761289 0.117590
-9999 -9999
-0.283472 2.549162
-0.595500 2.635868
-1.809923 3.478293
0.750171 -3.594522
-1.667586 4.188100
-4.120921 5.734651
-2.788838 -0.922052
0.623019 0.428875
-6.837865 -7.510975
7.139217 7.094487
-5.762683 -5.035216
-0.634523 -0.023589
0.613073 -0.072727
-0.423970 -2.862511
0.908821 3.210448
-0.145675 -0.596201
-0.625512 -0.040889
-0.620919 0.082421
0.875846 1.621653
0.321135 0.236493
0.724276 1.454436
-0.634173 0.073865
0.685818 -0.047510
0.335721 1.353259
0.151623 1.230875
0.419194 0.125644
-0.414325 -0.073475
0.405054 0.973952
0.688406 -0.051749
-0.421228 -0.042309
-0.437179 -0.081166
-0.126028 -0.906718
-0.671497 -0.017504
-0.460744 -0.025928
0.119632 0.689630
-0.479565 -0.021119
0.485291 0.030604
-0.261352 -0.632934
0.094999 0.517261
0.503354 -0.002500
-0.695405 -0.087145
-9999 -9999
-9999 -9999
-9999 -9999
-9999 -9999
-9999 -9999
0.657303 -0.792332
-0.562250 0.855481
-0.842200 0.893439
0.686004 -0.049668
0.692584 -0.186687
0.040053 -3.808651
-0.621674 3.587442
-2.530785 1.018147
0.916715 0.080853
9.538581 3.841721
0.008452 0.063371
-7.019604 -4.053970
-6.646339 -4.619476
-0.711501 -4.676289
1.788308 3.593013
-0.015428 -0.741956
-0.175415 -0.486624
0.982467 2.440412
-0.630492 0.029223
-0.251206 -0.304404
0.640250 -0.004422
0.579560 0.071161
0.319971 0.202997
0.316449 0.197616
0.636033 1.414380
0.380320 0.248134
0.357399 0.120633
0.234119 1.265683
-0.364458 -0.132289
-0.080637 -1.105946
-0.478115 -0.930624
0.684746 0.002030
0.280197 0.834575
0.121193 0.887776
0.715623 0.031617
-0.654251 -0.055380
0.075772 0.717719
0.284930 0.700327
-0.659590 -0.034470
0.455212 0.021895
0.690958 0.071984
0.663954 0.031394
-0.673212 -0.089871
-9999 -9999
-0.737851 0.094328
-9999 -9999
0.038980 -1.759548
0.076036 -1.354925
-9999 -9999
-9999 -9999
-0.147523 2.582680
-0.323415 2.483254
-1.281355 3.450613
-0.798666 0.149468
-1.174161 4.385482
-2.744391 1.116176
0.633202 0.364409
1.742422 2.827798
7.961047 6.808056
-6.963137 -4.443385
-0.892375 0.045540
-0.533113 0.174764
1.805224 2.789109
0.615724 2.859983
1.067493 3.143156
-1.027429 -2.506562
0.670634 2.473361
0.638755 1.745678
-0.315849 -2.007992
-0.643305 -0.042134
0.227092 1.677955
0.757522 1.333106
-0.390647 -0.185458
-0.390332 -0.186392
-0.656459 -0.015922
0.403134 0.110187
0.157044 1.164081
0.387513 0.178568
-0.499590 -0.897178
-0.212061 -0.934018
0.381130 0.800200
0.431267 0.124556
-0.452625 -0.033764
0.204215 0.732364
0.167855 0.709425
-0.135531 -0.662086
-0.684876 0.071873
0.694298 0.001976
-0.177523 -0.538708
0.326442 0.521580
-0.485561 0.047489
0.273664 -0.906046
-0.734834 0.391272
-0.353038 1.633836
0.377279 -1.164030
0.552683 -1.651397
0.530312 -2.105936
0.714356 -0.031022
1.183134 -3.059894
1.095842 -0.576903
2.892239 -3.718338
-1.572370 0.780680
1.493826 -3.415140
6.699788 -5.265964
-8.939004 0.999891
0.509970 0.437723
0.735345 2.513445
-6.146643 -7.913798
-5.591326 -5.961690
-9999 -9999
1.608821 3.082267
-0.340072 -2.820649
0.700722 -0.037346
0.472205 0.042011
0.298393 2.501959
-0.540349 -2.016471
-0.354852 -0.260380
0.269203 0.276680
-0.302877 -1.653304
0.863788 1.203495
0.742507 -0.013948
-0.633526 -1.217371
0.637458 0.006851
-0.541243 -1.071254
-0.167727 -1.102600
-0.135964 -1.131967
0.691484 -0.000266
-0.656471 0.019075
-0.423377 -0.070759
0.677028 0.053017
-0.706311 -0.012975
-0.670437 -0.105817
0.109771 0.715685
-0.122013 -0.732305
-0.454146 -0.032404
-0.271481 -0.590935
0.315667 0.565501
0.513391 0.027198
-0.509319 -0.069017
0.655806 -0.289826
-0.664323 0.150229
-9999 -9999
-9999 -9999
-9999 -9999
-9999 -9999
-9999 -9999
0.764260 -1.022048
0.691061 -0.189061
-1.386448 1.177895
0.334351 -4.981811
1.056258 -1.120827
-4.664203 7.050295
6.168131 -3.499697
-1.777253 -2.727480
-0.495583 -0.248895
-7.979693 -6.278009
-1.403175 -2.178022
-9999 -9999
-1.849294 -3.657019
-0.070770 -0.882318
1.739784 2.663869
-0.478210 -0.064227
0.611476 -0.022834
0.330549 2.111549
-0.818998 -1.618387
0.644585 1.437611
-0.634460 -1.436883
0.665535 -0.009856
-0.205292 -1.634172
0.689066 0.037887
0.651561 -0.018050
-0.227297 -1.270399
0.421756 1.009714
-0.409738 -0.984846
-0.518236 -0.928022
-0.621463 -0.002398
0.137753 0.841137
-0.178171 -0.901237
-0.449317 -0.006439
0.428671 -0.014007
-0.480615 -0.042986
0.353005 0.664771
-0.388617 -0.608027
-0.460301 -0.020981
0.138277 0.535984
0.140685 0.525485
0.289863 0.533700
0.065966 -1.456453
-0.205264 1.414299
0.108942 -1.221777
-0.622564 0.425628
0.337158 -1.776331
0.369301 -2.248874
0.298794 -2.548725
-0.834516 3.224161
-1.252394 0.364087
-1.602627 0.564882
-0.749286 3.644251
-2.041201 4.198151
-2.919440 0.523691
0.614748 0.059213
-8.456069 -5.109223
-6.680327 -7.598125
-1.049595 -2.916538
-0.771590 -0.436297
0.823894 3.682762
-0.725432 0.096156
0.557325 2.864328
-1.016896 -3.311335
0.341853 0.513174
0.590273 -0.062878
