1.387094 -2.046112
-1.479559 2.071234
-0.542682 2.579007
0.875773 0.170098
1.037294 -1.802310
0.026222 -3.114021
0.921218 0.032820
-9999 -9999
-9999 -9999
-9999 -9999
-9999 -9999
-0.756208 -0.012110
1.367483 -2.582945
-0.168236 1.628979
-3.588539 2.703617
-0.575806 2.267163
-9999 -9999
-0.838040 0.001082
-1.061247 1.928593
3.166716 -1.860294
-9999 -9999
-9999 -9999
-9999 -9999
0.685690 -0.841495
-1.145000 0.269497
-0.542178 1.286484
0.436253 -1.566029
-0.524188 1.372095
-1.219073 0.396785
-0.509587 2.438501
-0.930664 0.570878
-0.356016 1.654255
0.399434 -2.229390
-0.880412 0.634938
0.365251 -2.435277
-0.861611 -0.071228
0.886724 -0.004468
-0.742899 -0.024462
0.719144 -0.520845
0.919771 0.011427
-0.791772 0.012605
-1.052785 2.160303
-0.976367 0.441625
-1.375504 1.383236
-0.729014 0.473370
-1.806862 1.385928
1.558323 -1.118624
1.824990 -1.227902
-0.851032 2.791387
-0.690887 3.108046
0.731626 -0.029216
-1.401764 2.340039
-9999 -9999
-9999 -9999
-9999 -9999
-9999 -9999
-9999 -9999
-9999 -9999
-9999 -9999
-0.782265 -0.218794
-1.273251 2.681425
2.014788 -1.435826
6.337737 -1.192678
-9999 -9999
2.488157 -2.230828
-9999 -9999
0.955630 -1.687973
-9999 -9999
-0.924138 -0.098875
1.603433 -0.618255
3.869566 1.599014
-0.988292 -0.256593
-0.856081 0.043255
0.811603 -0.051475
0.727534 -1.968838
-0.727255 1.785217
-0.840757 0.053463
-0.954452 0.759534
0.899613 -0.642161
-0.225808 1.575629
0.825473 -0.019467
0.872350 -0.656565
0.868573 -0.039602
-0.989944 0.539862
0.787252 -0.580036
0.470339 -1.728201
0.722266 -1.732177
0.808734 -0.862923
0.893518 -1.969941
0.951934 -1.658003
-0.889950 0.545574
-1.284069 1.453548
0.816017 -0.018994
1.785245 -1.891635
0.816923 0.032666
0.818598 0.057064
1.183220 -2.005884
0.180668 -0.885587
0.051315 -0.753297
-1.319045 2.520308
-9999 -9999
-9999 -9999
-0.695633 2.843436
-1.406933 3.248571
-0.365948 3.977685
-0.948605 2.276210
-0.745768 -0.117666
-9999 -9999
-9999 -9999
0.193631 -1.727424
-5.938056 1.053849
-0.798549 0.114526
0.789384 -0.041682
-2.657628 1.548376
1.101189 -1.540540
-9999 -9999
-9999 -9999
-1.758507 0.763107
-9999 -9999
0.949286 0.432331
-0.976377 1.583783
1.202391 -0.148079
0.905659 -0.057626
-0.543052 1.412600
0.808997 -2.008377
-0.324309 1.742266
0.664994 -2.161957
-0.740868 -0.020587
-0.407585 1.665773
0.506541 -2.274825
-0.278478 2.418028
-1.060781 0.455262
-0.762083 0.518738
-0.712745 0.002984
-0.752578 0.590862
0.656087 -2.870901
0.878776 -0.042734
-1.023781 2.239268
1.143795 -1.737622
1.233797 -1.453233
-1.423408 1.186309
1.758629 -1.321128
-1.651416 1.152025
0.786888 0.001341
0.941584 0.006813
-1.008785 -0.119132
-0.506651 2.630743
-0.527066 3.223312
-9999 -9999
-1.073204 2.481985
-9999 -9999
-9999 -9999
-1.993794 3.253649
0.810889 -0.133754
1.709793 -2.458742
-9999 -9999
-1.124082 2.552722
-1.581161 1.660441
5.857168 -1.535276
-0.560053 0.035011
2.165880 -2.628084
0.099114 -2.130434
-9999 -9999
0.951956 0.030243
1.464569 -2.546862
-0.674576 -0.321306
3.988348 0.908863
0.320088 -1.257756
0.783311 0.003426
-0.856426 -0.076385
1.187816 -0.347282
-0.902296 1.718730
-0.783377 2.001118
-0.332178 1.755426
0.648689 -2.194610
0.799569 0.026973
-0.371939 1.676906
0.768845 -0.030023
0.309412 -1.722375
0.748114 -2.243989
-0.839643 0.505215
0.801797 -0.619012
0.736367 -2.161789
0.889937 -0.814203
1.004831 -2.000025
1.033272 -2.217965
1.215187 -1.781351
-0.740254 0.016113
0.874748 0.023369
-0.890162 0.068239
1.585308 -1.703446
-1.643567 1.814165
0.464040 -0.899661
0.219074 -0.966902
-9999 -9999
-1.179220 2.582060
-0.914515 1.985229
0.818034 -0.090023
-9999 -9999
-9999 -9999
-9999 -9999
-0.987322 2.303748
-9999 -9999
-9999 -9999
-9999 -9999
-0.657662 -0.188030
-6.022424 1.329630
-0.657146 0.155284
0.722494 -0.090406
2.588098 -1.711883
-9999 -9999
3.022526 -2.008775
-1.038232 -0.446245
1.471122 -0.723611
0.875764 0.368785
-1.092944 -0.176740
-1.121046 0.279564
0.855340 0.034714
1.263378 -0.334479
-1.128990 0.296907
-0.336224 1.595623
-0.839585 0.005125
-0.504149 1.544282
0.396171 -1.574475
-0.863050 0.612682
-0.809062 0.067959
0.286678 -1.769024
1.002740 -0.525094
0.846899 -0.495385
-0.829064 0.003726
-0.857414 -0.001702
0.661669 -2.121743
-0.912750 1.941200
0.840779 0.010386
1.159287 -1.798895
-0.743763 0.079535
-1.441035 1.084193
1.658139 -1.382997
0.771080 -0.513512
-0.832189 -0.021410
-1.283878 1.859892
0.929353 0.146612
-0.822548 -0.091443
-0.723111 3.338127
-0.630620 -0.122756
-0.087583 2.942534
-0.920791 2.772673
-0.873992 0.141707
0.692197 -3.818909
-1.317659 1.997816
0.914423 0.165174
-0.716312 -0.133645
-9999 -9999
0.862378 0.129757
-9999 -9999
2.470443 -2.046097
0.199885 -2.264372
-0.576670 2.030301
1.064344 -1.581677
-0.556021 -0.214575
-0.652921 -0.651534
3.923423 1.280006
3.719368 1.656504
-0.555732 -0.262937
1.210132 -0.307725
-0.866332 0.002531
0.809130 -1.892694
0.752482 -1.749638
0.345415 -1.637278
-0.865514 0.052521
0.791742 0.077319
0.364669 -1.564947
-0.405267 2.273353
-0.819363 0.583630
-0.358589 2.419945
1.013289 -0.541957
-0.873717 0.027178
0.355783 -2.375341
0.693721 -2.154612
-0.881108 0.031785
-0.960982 1.946297
-0.789200 0.036901
1.208886 -1.720664
1.371984 -1.426949
-1.411721 1.537412
1.092453 -0.495298
-0.852978 0.449009
-0.732735 0.026435
0.739366 -2.857185
-0.370304 0.950477
1.204275 -1.933101
0.118638 -0.945454
-0.776991 0.060671
-9999 -9999
-9999 -9999
-9999 -9999
1.694440 -3.450349
0.723751 -0.114212
1.676801 -2.640689
-9999 -9999
1.148513 -2.491552
-1.598012 1.554561
-1.029420 -0.178464
0.011041 -2.470054
-9999 -9999
0.777214 -0.080776
-0.479539 -0.011485
-9999 -9999
-5.017911 0.839492
-1.502985 0.667099
-1.374040 1.477273
-0.941678 -0.227169
-0.872851 -0.035221
-0.630214 1.300524
0.943201 -1.817759
0.624813 -1.365166
1.088545 -0.397624
0.328603 -1.742262
0.949852 -0.549435
0.817663 -0.481444
0.771528 -0.628905
0.555260 -2.273754
-0.786526 -0.021185
-0.799626 2.233517
-0.841692 0.524428
0.502266 -2.385007
-0.838566 0.051585
0.564859 -2.117337
-0.980574 2.579478
0.809615 -0.537965
-1.313102 1.767237
0.702034 -0.462425
1.505766 -1.141275
-0.990785 0.570038
-0.817566 0.484582
1.775373 -1.280399
-0.789808 -0.011524
0.871250 -2.995236
1.271625 -2.064715
-1.254590 2.378156
-9999 -9999
-9999 -9999
-0.868945 2.753573
-9999 -9999
-9999 -9999
-9999 -9999
-0.813425 0.007964
-0.213686 2.597281
-1.557160 2.721539
-1.712026 1.566365
6.099290 -1.453560
-0.312786 2.245974
-0.958522 0.103902
2.794001 -1.747581
-9999 -9999
-9999 -9999
2.087138 -2.041845
1.690254 -0.753805
1.151286 -1.131321
-0.514054 0.727988
0.947586 -1.575950
0.809515 0.014612
1.283988 -0.319477
0.567141 -1.427867
0.919542 0.014266
-0.460635 2.417800
-0.812926 0.005727
0.405883 -1.514180
0.400740 -1.622457
0.293100 -1.758142
-0.318715 2.386165
0.874296 0.095430
0.672775 -2.154882
-0.488254 1.710709
0.806094 0.010244
-0.834840 -0.003968
0.833821 0.021720
0.792163 -0.495290
-1.227938 2.328919
1.146649 -1.876930
1.385757 -1.469286
1.758637 -1.323319
-0.815006 -0.034466
1.761329 -1.172712
-0.983424 0.029902
0.946667 -0.159447
0.867825 -0.039454
-0.273166 3.172095
-0.027145 2.639850
0.907278 0.013234
-9999 -9999
-1.451720 3.493623
-0.910950 0.074831
-9999 -9999
1.872210 -2.304107
0.063816 -2.563165
-0.834619 0.081161
0.627364 0.037450
-3.051333 2.843149
-9999 -9999
-9999 -9999
0.226627 -1.791636
0.883945 -1.820102
-2.999610 1.674196
-9999 -9999
-9999 -9999
-9999 -9999
-9999 -9999
-1.132848 0.341651
1.139646 -0.147250
0.826962 -1.954506
-1.173708 0.339272
0.276451 -1.619369
0.222479 -1.760272
-0.519286 2.223164
-0.865920 0.526794
-0.291435 2.326268
0.428059 -2.218400
0.940044 -0.097032
-0.499903 1.753591
-0.901043 0.467421
0.837544 0.020970
0.712925 -2.206241
-0.612211 2.040798
-0.927538 2.605342
0.699939 -0.530742
-0.934461 0.576122
1.121775 -2.019989
-1.321195 1.584384
-0.827630 0.048280
0.814103 -0.506425
0.706728 -0.440885
1.151426 -2.005246
-0.801963 0.137024
0.503903 -2.579840
-9999 -9999
0.830159 -0.016639
-9999 -9999
-9999 -9999
-9999 -9999
-2.293766 3.224303
0.830312 -2.059649
-1.107498 -0.128151
-9999 -9999
-9999 -9999
-0.022942 1.784601
3.205609 -2.408223
-0.846284 -0.018559
-9999 -9999
0.009441 -2.203741
-1.001063 1.801533
-9999 -9999
1.098746 0.484585
0.765249 0.014470
3.675741 0.927051
0.411717 -0.866501
-0.920276 1.538239
-0.883418 1.502141
0.862592 -0.036137
-1.153682 0.295597
-0.818615 0.052845
1.053136 -0.622744
0.503656 -1.627586
-0.815656 -0.015869
0.866718 -0.573659
-0.813158 0.001821
0.865491 -0.641147
-0.948893 0.476070
-0.697717 2.194883
0.528702 -1.711959
-0.853621 0.008735
0.833132 -0.837302
0.887988 -0.060991
-0.995232 1.664431
-0.863654 -0.010156
0.696678 -0.522328
-1.379776 1.120495
-1.675984 1.349982
-0.707343 0.563641
-1.806856 1.349755
1.337689 -2.017729
-0.744608 3.048328
-0.823679 0.091502
-1.408681 2.569292
-0.849120 0.021466
0.854993 -0.137184
-9999 -9999
-0.119745 3.479917
-9999 -9999
-9999 -9999
0.917906 0.157725
-0.796790 -0.071063
1.460173 -2.698748
-9999 -9999
3.320457 -2.614889
2.298589 -2.316955
-9999 -9999
-2.778033 1.663564
0.933694 -0.152257
1.047775 -0.106033
-0.986429 -0.285990
0.644425 0.714967
0.676460 0.007681
-0.823831 -0.234142
0.872192 -0.043618
-1.175449 0.201015
-0.420897 1.563790
1.102311 -0.354159
0.320979 -1.599365
0.199565 -1.752885
-0.888093 0.597910
0.724679 -0.028490
-0.897623 0.626779
-0.939088 0.641575
0.231870 -2.437547
-0.588407 2.267548
0.643921 -2.143304
-0.369468 2.339985
-0.797719 0.579018
-0.646836 2.101157
0.854732 -1.941511
-0.944570 1.667454
0.984600 -0.591081
0.676288 -0.541463
-1.480812 1.118228
-1.769922 1.323560
-0.821489 0.511759
-0.786160 0.054135
-0.794289 0.066287
-0.300106 0.979653
-0.722680 -0.013806
0.085937 -0.834796
-9999 -9999
-1.119425 2.620471
-0.857657 2.934133
-0.858589 -0.265404
-9999 -9999
-9999 -9999
0.905640 0.330660
0.054182 -2.807665
-0.799484 -0.014736
-9999 -9999
-6.017431 1.050383
-9999 -9999
2.530462 -2.425624
-0.952110 -0.200465
0.603096 -0.147030
0.509961 0.109567
-1.484297 2.062359
0.530358 0.303759
-9999 -9999
0.834267 0.238236
-1.164355 0.362725
0.511138 -1.343766
-0.370467 1.577785
1.134254 -0.354340
-0.343834 1.620958
-1.036262 0.680331
-0.814930 -0.029895
0.327301 -2.039517
-0.832283 0.619770
-0.954492 0.578616
0.262358 -1.790922
0.884937 0.032686
0.637451 -2.185444
-0.457138 2.412983
-0.684819 1.677284
0.550106 -2.892514
0.952960 -2.564194
-1.055611 2.242358
-1.200358 1.739087
-0.775829 -0.033652
1.484133 -1.102380
1.831654 -1.922972
-1.680371 1.152293
0.722734 -0.476540
1.101526 -1.997312
0.238876 -0.972083
0.772735 -0.109216
-1.248121 2.604001
0.880787 -0.000597
-1.015248 2.679351
-9999 -9999
0.015291 -3.901582
-2.028430 3.308724
-9999 -9999
-1.732016 2.394615
-9999 -9999
-9999 -9999
-1.643234 1.599626
-9999 -9999
2.194246 -2.262806
-9999 -9999
-0.107495 2.015593
-3.714690 1.560931
2.829350 -1.935930
-1.391110 2.606506
-4.020823 -1.022805
-3.572606 -0.780509
0.828742 0.044782
-1.229357 0.208947
0.577900 -1.265761
1.056486 -1.847349
-0.626079 1.305681
-0.816331 1.989085
-0.510800 2.351086
0.981476 -0.514654
0.978198 -0.437933
-0.420746 2.248775
-1.008135 0.581692
-0.287393 1.773349
0.642037 -1.771179
-0.791370 -0.005473
0.693788 -0.642504
0.742918 -0.510884
-0.735609 2.010658
0.845631 -0.676905
1.142465 -2.177833
-1.205996 1.701855
-0.809188 -0.018748
-1.336116 1.555965
1.663044 -1.288297
1.669570 -1.189099
0.678569 -0.583650
0.880124 -0.084177
-0.213042 0.964979
0.443209 -2.455522
1.360602 -2.422754
0.766844 -0.049409
0.737235 -0.054011
-9999 -9999
0.713166 -0.223557
2.119087 -3.120885
-9999 -9999
-9999 -9999
0.977121 0.158172
-0.980840 2.771432
0.093975 -1.990703
0.871811 0.138038
-9999 -9999
-9999 -9999
-9999 -9999
-0.920315 1.804872
-9999 -9999
0.982636 0.591480
-9999 -9999
0.925499 0.337476
-3.217119 0.034242
1.182909 -0.163628
0.966692 -1.398316
0.611241 -1.495443
-0.952265 1.687116
0.856683 0.055303
-0.442813 1.730467
-0.864376 -0.071968
-0.790712 -0.068277
-0.490817 2.256662
0.817642 0.030376
0.427355 -1.765842
0.860681 0.071633
0.791850 -0.000707
0.777061 -0.633373
0.827530 -1.722397
-0.659221 2.825400
0.849560 -0.615224
1.098785 -2.138091
-0.770281 0.042118
1.239202 -1.891339
0.831659 -0.025664
1.824478 -1.963727
-1.622204 1.635935
-1.653005 1.720323
1.371471 -1.839421
-1.058149 -0.130257
0.055407 -0.635643
-0.643606 0.101283
1.046282 -1.821967
-0.149435 3.135618
-9999 -9999
1.826577 -3.352702
0.647466 -3.874177
-1.231936 2.073334
-0.188982 2.979212
-9999 -9999
-9999 -9999
-0.466199 1.764603
-9999 -9999
-0.681009 -0.045564
2.250468 -2.167732
0.441306 -1.940103
1.130692 -1.650154
0.791197 -0.046257
5.240472 0.086672
-9999 -9999
-9999 -9999
-0.395659 0.915786
0.838360 -1.643180
0.821362 -1.497385
-1.366287 0.382260
-0.553046 1.426933
0.419474 -1.587038
-0.996642 0.705948
0.628817 -2.185585
-0.352178 1.538956
-0.915164 0.568396
0.534653 -2.337877
0.391804 -2.416906
-0.961970 -0.073068
-0.827650 0.031892
-0.640155 0.699346
0.786302 -1.660460
-0.815949 0.771232
0.798296 -0.008628
-0.837229 0.528033
1.061947 -0.388075
-0.818891 -0.113225
-1.447398 1.457432
1.839745 -1.214164
1.716644 -1.097520
-0.783103 0.474555
