-1.142800 -0.009031
-0.175941 -0.201494
-1.185410 0.064725
-1.221640 -0.027688
-0.083009 -0.307604
-1.200311 -0.003648
1.217422 -0.036603
1.190337 0.059162
-0.017914 -0.381618
-0.074001 -0.374904
0.073537 0.434039
0.095820 0.470315
0.046263 0.469170
-1.157550 0.060824
0.232565 0.534154
-1.189540 0.099511
1.214748 -0.120011
0.165126 0.565713
1.248892 -0.046188
0.343998 0.629503
0.298736 0.763220
-0.218880 -0.731214
0.131695 0.749105
0.294088 0.622732
1.482123 -0.005768
-1.122249 -0.033055
0.045621 -0.678549
1.206579 0.001228
1.248935 -0.035392
-1.209348 0.019149
1.158665 0.037632
1.222782 -0.040634
0.089932 -0.466647
-0.042502 0.402257
1.199805 -0.080515
-1.153265 -0.010188
0.097088 -0.218534
1.121889 -0.032447
-1.153208 0.062780
-0.104670 0.191606
0.125348 -0.148515
-0.083935 0.100487
-1.203848 0.026812
-1.212463 -0.005900
-0.035311 0.002939
0.091509 0.055594
-0.071191 -0.146989
-1.207502 0.053011
-1.126012 0.019743
-0.194481 -0.164967
-1.188495 0.009930
1.207819 0.057759
-0.085764 -0.240506
-0.209639 -0.259616
1.232684 -0.089405
0.041592 0.470816
0.023857 0.406402
-0.128172 -0.441460
1.274312 0.035414
-0.122065 -0.453446
-1.187332 0.005510
-0.110491 -0.465623
0.143865 0.517640
1.170364 -0.101160
-0.075568 -0.642135
-1.215311 -0.018638
1.176322 0.001393
-1.204978 0.110285
-0.323817 -0.742567
0.193952 0.757993
0.129454 0.738614
1.308406 -0.123918
-1.207631 -0.072231
0.250177 -0.779206
1.181162 -0.044256
0.116499 -0.703780
-1.223632 0.037187
-1.181746 -0.054000
-1.150492 -0.073169
1.187782 -0.046829
0.098816 -0.467629
1.251195 -0.015557
-1.208812 0.018820
0.024601 -0.303836
1.141824 -0.012360
0.082368 -0.208664
-1.148376 0.069245
-0.066727 0.188636
1.209607 0.015001
0.144029 -0.140007
-1.144216 -0.034678
1.163513 0.027257
0.044816 -0.008804
-1.119701 -0.000847
1.105473 -0.002699
0.139971 0.092620
-1.165083 0.086830
0.158150 0.184907
0.055241 0.161925
0.132020 0.183818
-1.214560 0.052944
1.195360 -0.000106
-0.097904 -0.337778
-0.057155 -0.352289
0.045868 0.425788
0.072367 0.370236
-1.242633 -0.010076
-1.204603 0.076390
-1.212339 0.054546
-1.222206 0.105993
-1.284959 0.062866
0.127224 0.558252
1.275022 -0.112892
-1.232735 0.026904
0.163948 0.662741
-0.340386 -0.622542
0.346298 0.705646
1.189196 -0.204183
-1.203829 0.132575
-0.307070 -0.734813
1.437510 0.052911
0.233789 -0.741194
-0.015759 0.686701
0.011050 -0.593313
-1.184551 -0.012383
0.076329 -0.418627
-0.149185 0.520999
0.090732 -0.432705
1.246835 0.037300
0.009128 -0.353631
-0.007535 0.366349
-0.059752 0.256110
-1.162256 0.020524
-0.001512 0.203667
0.131319 -0.200919
-0.066438 0.218483
-0.118692 0.146474
0.142233 -0.112392
0.106868 -0.041081
-1.179443 0.017462
0.030277 0.010504
1.195475 -0.044517
0.079275 0.129703
0.052303 0.113015
-1.110545 -0.002372
1.214662 -0.016542
-1.184491 0.104228
0.111629 0.177532
-1.204875 0.019291
1.214314 0.003205
0.112870 0.381079
-1.156437 -0.142150
1.207825 0.095748
-0.087039 -0.420849
0.143650 0.518569
-1.232651 0.059620
-0.067834 -0.537234
-0.088606 -0.482792
0.134257 0.517984
0.143329 0.548630
0.056442 0.648600
0.167865 0.555563
-1.211086 0.003495
-0.344870 -0.664363
0.272631 0.697691
0.212280 0.604668
-1.183742 0.103709
0.272338 0.753721
0.068437 -0.874306
0.104552 -0.730150
0.150135 -0.768492
-0.028816 0.632247
-0.027810 0.607124
1.206685 -0.048468
0.092124 -0.460469
0.114829 -0.389501
0.113912 -0.474014
0.019900 -0.352798
-0.062149 0.327126
0.075482 -0.264290
0.111240 -0.220775
-0.102218 0.208035
0.148100 -0.214392
0.063459 -0.183304
-0.209327 0.114041
-1.221711 0.034157
-1.243841 0.012133
0.154843 -0.000762
1.184166 -0.055328
-9999 -9999
1.126586 0.009622
1.174499 -0.008773
-0.142229 -0.162819
0.181180 0.217023
0.095795 0.249913
-1.201438 0.054550
-1.202976 -0.016973
0.180525 0.339356
0.083181 0.334314
-0.072128 -0.379818
-0.056967 -0.460376
-1.169349 0.031037
-1.304108 -0.082118
0.108006 0.454263
-0.103631 -0.513293
1.222963 -0.107846
1.194540 -0.083015
-0.115432 -0.539626
0.024448 0.598947
0.158939 0.626830
1.259245 -0.067914
1.237423 -0.118235
-0.297030 -0.711144
-0.204794 -0.701771
-1.238934 0.058065
-0.221107 -0.760912
-0.064051 0.886929
0.282546 -0.740401
-1.251249 0.092114
-9999 -9999
0.136678 -0.686218
-1.211547 -0.073409
1.241610 -0.011366
-0.112190 0.429231
-0.082972 0.427079
1.231516 -0.036582
-1.206035 -0.006957
1.178953 0.034793
-1.228064 -0.005446
-0.015812 0.263705
0.159775 -0.187505
0.121478 -0.218541
1.153644 -0.020373
1.189670 -0.015387
1.158278 -0.002872
0.099026 -0.021685
0.056698 -0.005182
-1.207833 0.042898
-1.213045 0.057250
-1.252323 0.101298
-1.125223 0.001005
-0.182438 -0.202028
1.189329 -0.100371
-1.179287 -0.004531
-0.096943 -0.315669
-0.223500 -0.253787
1.224279 -0.061401
-1.179327 -0.029236
-0.061633 -0.445921
0.112944 0.416018
1.223320 0.014662
-1.221011 0.036319
-1.255065 -0.003436
-0.088789 -0.494149
-0.161069 -0.511944
1.177006 -0.077906
1.248978 -0.111318
1.252287 -0.026955
-0.097474 -0.677717
-1.158166 0.117895
1.149052 -0.013030
1.242391 -0.193998
-1.218092 0.096444
0.232956 0.770158
-1.433642 0.008007
1.300253 0.019337
0.059371 -0.717440
-0.083966 0.707079
-1.149549 -0.000608
0.089140 -0.449516
1.173778 0.054067
-0.078833 0.405251
-0.074313 0.361130
1.236162 -0.041201
-1.210593 0.028136
-9999 -9999
-1.146535 0.022221
-0.108126 0.202845
0.164557 -0.193587
0.051954 -0.188731
0.148899 -0.120304
-0.104426 0.097628
0.039039 0.010957
-0.105879 0.002263
-1.176468 0.083124
1.107215 -0.035427
0.078417 0.135744
-0.100208 -0.062391
-0.179180 -0.112366
-0.150630 -0.230217
0.074044 0.235794
-1.203222 -0.049833
-1.222955 0.049401
0.147626 0.308390
0.100288 0.359026
-0.041100 -0.434179
1.187356 0.121011
0.079371 0.382526
1.254962 0.048459
-1.234889 0.004146
-1.164032 0.029208
-1.178687 0.076409
-0.133334 -0.523054
-1.223175 0.039404
1.215609 -0.067254
0.147913 0.607067
-1.266788 0.015170
-1.181503 0.046250
-1.203706 -0.037411
-0.205314 -0.634051
1.184275 -0.043495
-1.270715 0.057691
1.258962 -0.005528
-0.105075 0.772767
0.030781 -0.714541
-1.240704 0.012278
-0.035474 0.617795
-1.135362 -0.049538
-1.155702 -0.049741
-1.202231 0.082029
-1.246088 0.109069
-0.002041 0.332695
0.002023 -0.342637
-1.168724 -0.024491
0.108537 -0.236770
-0.029108 0.233956
0.092088 -0.215739
-0.111355 0.200204
-0.114030 0.153655
-0.112219 0.145436
1.215243 -0.003301
0.110311 0.013732
1.212284 -0.056329
-1.101978 0.009288
-1.173181 0.053227
0.110469 0.042045
1.133054 0.036706
0.201860 0.135544
-1.202503 -0.037980
0.131220 0.187657
0.082516 0.207800
1.210113 0.030434
1.229079 0.002813
-1.191662 -0.065426
-0.044163 -0.378137
0.097235 0.412640
1.297754 0.142848
-1.243489 -0.013678
-0.072041 -0.474903
1.177418 -0.099083
-1.197040 0.060298
0.116399 0.536382
-0.037361 -0.610573
0.137977 0.634569
1.203518 -0.031535
-0.321721 -0.676548
0.266730 0.741927
0.196868 0.598444
0.122733 0.754856
0.220027 0.719840
-0.156163 0.866184
-0.271710 0.776000
-1.193424 -0.002555
-1.215574 -0.059351
1.237416 -0.034823
0.079524 -0.448351
1.266306 -0.026931
-0.101177 0.393021
-0.097921 0.496828
-0.036551 0.372406
1.203380 0.000031
0.023333 -0.326947
0.150962 -0.218481
-1.217225 -0.020901
1.132692 -0.051589
-0.095419 0.195088
1.234238 -0.001730
-1.251960 -0.024905
-1.233596 -0.025039
-1.159808 -0.015943
0.058872 0.003919
0.090832 0.063187
-0.068126 -0.138521
-1.213375 0.017714
-0.167569 -0.112792
-0.182171 -0.202089
-0.071081 -0.262866
-0.092147 -0.246678
1.214332 -0.029948
-0.211757 -0.242291
-0.101452 -0.405084
-0.030806 -0.364531
1.217202 0.161997
1.190700 -0.006927
-1.333308 -0.095388
-1.193339 0.031344
0.069913 0.485099
0.136024 0.471607
-0.139373 -0.533135
-0.108902 -0.541607
-9999 -9999
-1.238261 -0.033158
-0.041693 -0.669167
-1.187617 0.017937
1.196975 0.037563
1.214216 -0.157978
-1.220906 0.056055
0.277765 0.740445
1.397122 -0.076682
0.224812 -0.806295
0.153355 -0.812468
-1.269747 -0.032393
-0.010388 0.602950
0.040842 -0.479622
-0.091772 0.444556
-0.103771 0.420399
-1.279252 0.041729
-0.004683 0.348829
0.046688 -0.308626
-9999 -9999
-1.258643 0.008235
-0.074993 0.224225
0.108476 -0.241732
1.185670 -0.020422
-1.169759 -0.003118
0.166894 -0.120977
0.110587 -0.048309
0.104523 -0.052371
-1.192324 0.041668
1.164721 0.009669
1.187668 -0.035962
-0.138784 -0.091707
1.167648 -0.044717
-0.189315 -0.212971
-1.236771 -0.028099
1.206689 -0.036354
-1.194772 0.022600
0.207604 0.240404
1.210157 -0.056725
-1.164714 -0.174527
0.042433 0.440537
-0.080310 -0.384779
1.294698 0.062449
-1.227787 0.002032
-0.065038 -0.423073
-1.166682 0.091518
-1.177250 0.060704
-0.103256 -0.528449
1.200344 -0.096165
0.170280 0.569825
1.273958 -0.034152
-0.348218 -0.673513
-1.221499 0.004519
-0.190358 -0.764555
-0.099616 -0.826931
-1.205224 -0.035280
-9999 -9999
-0.136759 0.802929
1.261223 -0.114720
0.127449 -0.686965
-1.208250 -0.055546
-1.162118 0.050285
-1.232287 0.039218
1.157296 -0.056734
0.112214 -0.498152
0.059032 -0.425148
-1.241711 0.071761
0.058446 -0.238500
-0.037876 0.292293
-0.087244 0.197406
-0.086889 0.241285
-1.192692 -0.037780
1.249042 -0.020115
1.208940 -0.047063
-1.169447 -0.018832
1.197196 0.050030
-0.034435 -0.032089
1.212259 -0.031890
1.187265 -0.046193
0.071212 0.097395
-1.164562 0.076672
0.169814 0.227760
0.059966 0.134126
1.223296 -0.009832
-1.197948 -0.059019
1.227186 0.008166
1.203444 -0.007065
0.020000 0.358721
0.024695 0.428497
-1.227667 -0.012315
-1.327277 -0.118601
0.123213 0.463010
-0.026880 -0.504987
-1.214938 0.087819
-0.132374 -0.577779
-0.096553 -0.566279
-1.238679 0.072981
-1.230079 -0.011022
0.108479 0.706552
1.166251 -0.044123
0.277594 0.751631
1.211505 -0.032782
-1.213491 0.064003
0.308140 0.636535
-1.445275 0.062865
0.251660 -0.779934
1.260243 -0.151083
-0.043642 0.620912
1.214574 -0.090296
-1.187448 0.057599
-0.109232 0.450841
0.100834 -0.416179
-1.254464 0.023488
-0.030296 0.353924
-1.184644 0.010191
0.037637 -0.317188
1.178158 -0.037522
0.039604 -0.236043
0.154120 -0.149391
0.106282 -0.187029
1.147874 0.005776
-0.103826 0.097163
-1.167315 -0.026105
1.192201 0.034711
-1.185256 0.044206
-9999 -9999
1.183272 -0.059521
-1.215159 0.054555
-0.143351 -0.177162
0.167799 0.217607
1.168422 0.029072
-0.124100 -0.195291
1.205100 -0.021101
-1.232208 0.059493
0.090494 0.388182
-1.165349 -0.128633
0.028117 0.455296
-0.081319 -0.387015
1.233568 0.012390
1.214750 -0.030560
-1.235688 -0.035541
-1.178033 0.111602
-1.206692 0.044959
-1.207562 0.068519
1.286635 -0.091243
0.106869 0.599938
1.212212 -0.002432
0.365836 0.623933
1.175214 -0.007192
-0.176318 -0.750144
0.109028 0.758739
-1.327200 0.064926
-0.291106 0.939262
-1.305133 -0.049613
-0.031911 0.688156
-0.043866 0.646929
0.139065 -0.713559
-1.182562 -0.011649
1.155455 0.074619
0.113695 -0.406204
1.268463 -0.043305
0.033464 -0.361087
1.204654 -0.078979
-0.022759 0.305199
-1.253749 -0.036786
1.122403 -0.069161
1.206390 -0.036576
-0.119000 0.188624
1.141080 0.014238
0.090378 -0.100757
-0.119569 0.050484
-0.174071 0.002658
-0.081701 0.008764
-0.100609 -0.048268
-0.075815 -0.135762
-0.073810 -0.111634
0.131977 0.204132
0.170387 0.230190
-0.058346 -0.220010
-1.216436 0.047219
1.190025 0.038764
-0.214603 -0.326568
-0.090416 -0.343413
0.025938 0.429458
0.038043 0.439732
0.118455 0.456507
-1.307054 -0.117374
-1.273599 -0.003006
0.081071 0.507033
0.058668 0.473620
1.184867 -0.044866
0.088012 0.556920
1.283620 -0.046682
-0.116857 -0.617119
0.139853 0.657488
-0.321638 -0.605401
1.168426 0.081531
1.213246 -0.025536
-0.061509 -0.783021
1.235498 0.026390
1.291522 -0.066074
-0.129895 0.782666
-1.138904 0.036154
-0.012635 0.605282
-1.189639 -0.018838
0.074555 -0.445906
-1.161370 -0.044242
-1.212246 0.032189
-1.299777 -0.021897
-0.068556 0.374364
1.150275 -0.073451
1.182903 0.018648
0.048313 -0.240977
-0.090728 0.204621
-0.096423 0.243834
1.208340 0.014855
0.192747 -0.151292
1.177905 -0.016043
-0.101522 0.034488
-0.112790 -0.012015
-0.025488 0.031187
-0.007908 -0.075852
-1.189094 0.049648
-0.058066 -0.143662
-0.123025 -0.192686
1.241525 0.089582
1.183116 -0.054175
-1.186263 -0.060835
-1.211221 0.004888
1.208882 -0.033508
-1.203645 0.047246
0.053347 0.316838
1.180864 0.094366
1.175865 -0.038288
-0.077369 -0.463795
-1.229728 0.007339
1.264470 0.021995
-1.242085 0.116473
1.277316 -0.014469
-0.127305 -0.576720
-0.073638 -0.668764
1.230492 0.026083
0.077294 0.686234
-1.164053 0.024723
-0.282103 -0.712692
1.279209 -0.162409
-1.211217 0.047898
0.270497 0.643754
-0.088626 0.856740
1.279736 0.016186
-9999 -9999
-9999 -9999
-1.286389 0.078580
-0.083754 0.445572
-0.118276 0.444696
0.120072 -0.403270
-1.221714 -0.014703
-0.045483 0.429054
-9999 -9999
-1.159965 0.018404
1.244745 -0.027605
0.012969 -0.258467
0.115899 -0.203691
1.158789 -0.023492
-0.116342 0.123643
-1.164439 0.008621
1.216083 -0.025133
-1.154657 -0.042407
0.074511 -0.022600
0.037551 0.066009
0.074169 0.148834
-1.261115 0.071983
-0.123619 -0.194730
-0.170051 -0.135019
-0.060819 -0.243130
-1.212676 0.076522
1.213174 0.011387
0.216855 0.270119
1.190970 -0.081517
-0.065554 -0.353684
1.209159 0.123188
-0.085123 -0.384945
1.274199 0.061097
-1.271036 0.051740
1.239608 -0.004868
1.229706 -0.145167
-0.236083 -0.532228
-1.176499 0.127124
0.015720 0.618644
1.221075 -0.005916
1.240588 -0.036588
1.208911 -0.109596
-1.224931 0.017872
-1.247276 0.082155
-1.189314 0.055419
-1.230596 -0.012523
0.309519 -0.884793
0.090060 -0.763205
-0.022274 0.755123
-0.023247 0.652477
0.010739 -0.596865
0.056541 -0.437396
-0.131149 0.552106
0.095678 -0.366002
-0.068780 0.494301
-0.018732 0.437978
-0.017474 0.363221
-1.233375 -0.026792
-0.110163 0.221827
0.072750 -0.235218
-1.190287 0.065755
-0.048442 0.202379
0.155544 -0.118601
1.160752 -0.009827
0.090946 -0.016168
1.178910 -0.006406
-0.076993 0.038839
-0.027549 -0.077455
0.116281 0.052645
-0.092025 -0.128439
