-1.969083 -0.135025
-2.408219 -2.693742
-0.791425 -3.340582
-1.570969 0.388597
0.584002 3.961384
2.451726 -0.521368
-3.442162 1.106320
1.878467 1.743226
0.946903 1.663723
1.126438 1.305222
2.571224 -0.520823
-1.339161 -0.565662
-1.364425 -0.197773
1.602721 -0.089909
2.514737 -1.257281
2.402382 1.772887
2.004482 -0.306858
2.705950 -0.006864
-9999 -9999
-0.582106 -1.412532
1.837807 -0.513172
-9999 -9999
2.754302 -0.456121
-0.298996 -1.470446
-9999 -9999
-9999 -9999
-6.719669 -10.497756
3.488906 3.077943
-9999 -9999
-9999 -9999
5.920511 -1.505756
-3.432819 -7.499905
-9999 -9999
3.894228 -1.269408
3.576131 -1.813119
-2.258132 -4.916981
-1.265392 0.342869
-1.095385 0.914122
-2.132287 0.104165
1.984398 7.157079
-5.299300 -6.567778
-2.592664 -4.767286
2.115418 -0.917404
1.082766 -0.420856
-1.682293 -2.657744
-9999 -9999
-3.211992 -0.207485
-0.288733 -2.906642
-1.964748 -0.079740
-1.371559 0.257693
2.144623 2.606786
2.824890 -1.687809
3.681111 -1.178572
-2.126172 0.548415
-3.320301 1.164249
-0.891810 -2.259666
-0.143820 -2.216812
-2.449146 1.108264
-0.914378 -2.105080
2.725609 0.302395
-9999 -9999
-0.602273 -2.043167
-1.468522 0.531038
-2.147655 0.063060
-0.416871 -2.739036
-9999 -9999
-0.794921 -1.172584
-1.471773 0.146919
-1.487396 -0.189527
1.950177 -0.702362
1.530374 -0.078307
0.495728 0.976216
1.933642 1.954991
1.361619 -0.514076
-9999 -9999
2.267975 3.345182
1.515956 -0.347799
1.172443 -0.720376
-1.921914 -9.350962
-9999 -9999
-2.896591 -1.407951
1.221115 5.563973
-2.178582 -5.337181
-3.383595 0.101035
-9999 -9999
-4.598610 0.856793
2.049312 1.091065
-1.974288 -7.396583
0.442619 7.782210
1.941208 4.594044
2.696035 -0.434370
3.413081 -0.841822
2.001865 1.690953
-9999 -9999
-9999 -9999
2.451117 -0.118586
-2.549040 -2.615485
1.630792 -0.316809
-1.866111 0.553733
-1.533077 -0.111847
-2.040830 -3.070305
1.804606 5.088136
0.130477 3.151438
-2.930094 1.245356
2.112095 -0.354354
2.618652 -0.815685
-9999 -9999
-2.308755 -0.627403
-9999 -9999
0.297694 1.837107
0.327541 2.566049
1.775508 -0.215367
1.202621 1.681151
-1.617141 -0.492961
-1.527870 -0.205963
1.483311 0.256854
-9999 -9999
-0.054118 -1.561017
0.102401 1.904384
0.249911 1.360105
-9999 -9999
-9999 -9999
-9999 -9999
-9999 -9999
-9999 -9999
3.301908 1.549591
7.127355 -0.864610
-1.134052 -7.417320
-8.321810 -6.212232
1.817305 -0.341867
1.147437 -0.636156
3.140224 -0.016267
-9999 -9999
-2.540691 -7.421194
-5.204924 -2.128956
-2.348481 0.517099
3.880702 7.805106
-1.964623 -5.033885
-1.939209 -2.929762
-2.102983 -3.922767
-2.232677 0.860968
-0.521411 -3.145462
1.819985 0.980673
2.664711 -0.084441
1.824750 -0.146402
-2.682426 -2.319639
-1.030876 -3.543496
-1.943361 -2.912257
3.244812 -1.504303
-4.390225 -2.000184
-1.974387 -1.933894
1.511866 -0.386295
0.560975 2.352602
-1.390789 -1.608681
1.011121 2.008061
-9999 -9999
0.192776 1.887887
0.697122 1.555418
-1.602481 -1.070617
2.859840 1.386980
2.649658 -1.636567
0.084328 2.482879
0.834168 0.976083
-0.790109 -1.129367
0.418094 1.323306
-0.610850 -1.185473
-1.608610 0.296778
0.869185 1.271543
-9999 -9999
-9999 -9999
-9999 -9999
-9999 -9999
-3.593406 -2.968708
1.177507 -0.329154
-1.576696 0.041334
-9999 -9999
-9999 -9999
0.745595 5.911565
1.505237 -1.098666
-1.627861 0.257330
-9999 -9999
-4.963146 0.388651
-2.550210 -1.101619
-1.642830 -6.791512
-0.537806 -8.526757
-9999 -9999
2.062419 2.696632
3.089519 3.649536
-1.239148 0.349196
-9999 -9999
-0.743227 -4.343411
-2.571337 0.465658
1.239183 3.161882
1.571450 -0.357360
1.693726 -0.464490
3.118968 1.708780
-2.224386 -2.501825
2.374432 4.756674
-2.176896 -2.091165
-2.582715 1.369612
-0.287507 -2.454939
2.489335 -0.938909
-9999 -9999
-2.643005 -0.288782
1.230543 0.202044
1.325603 -0.057217
1.255407 1.675897
-1.054822 -3.290875
3.156603 -1.880240
-0.449803 -1.925476
1.700633 -0.104704
-1.710674 -0.150908
-0.302669 -0.777280
2.042343 -0.827961
0.770622 1.084980
0.488565 1.639256
-2.522909 -1.548644
-1.424434 -1.721970
-1.508158 -9.199720
-9999 -9999
-1.143559 0.863169
-3.174560 -0.775519
7.754065 7.675929
-5.033274 -0.190815
-9999 -9999
3.867739 4.953956
4.573047 4.394560
-0.266518 -4.554657
1.510155 0.500935
-4.220552 -6.851520
6.141296 1.347849
-1.275167 -7.344716
0.984633 7.334713
-1.350398 0.012601
1.122586 -0.589879
2.801583 3.358720
2.206018 -1.163821
-2.445212 0.296543
3.653094 0.982380
2.626614 -0.146612
-3.317922 1.220879
-1.300207 0.270333
-3.446882 1.017751
-1.381979 -2.816236
2.323631 0.176006
-1.928817 0.415466
1.373606 -0.196846
-0.636886 -2.718045
0.671163 1.506902
0.094940 2.475235
0.740551 2.098273
0.107180 2.115564
-9999 -9999
-2.090493 0.757480
2.705776 -1.264337
-3.578254 1.393152
2.048956 -0.354294
-2.776076 0.059131
0.068255 1.759246
0.293943 1.270304
1.237651 0.015905
2.175599 -0.941266
0.787804 0.903758
1.915176 0.332725
-9999 -9999
-0.936689 -1.672762
1.215401 -1.578935
1.430825 0.282293
-1.597707 0.769611
1.514426 -0.411793
6.866955 -0.210067
4.477278 0.807988
3.375270 0.912605
3.051988 5.425003
-1.205941 -5.125283
-1.030518 -4.943912
-9999 -9999
-9999 -9999
-5.546086 -2.902375
3.188802 7.386941
-6.176546 -0.523284
3.699572 0.611599
1.266557 -0.205731
2.342732 4.173069
-1.397557 0.365052
-0.593897 -2.631226
-9999 -9999
-1.315497 -0.494773
1.739346 -0.288611
2.794791 -1.244214
3.239160 -1.226180
2.327681 -1.684873
-2.332643 -2.082189
2.466340 -0.599683
1.976476 2.128596
2.723127 -1.590760
-2.371553 0.884186
-0.787429 -2.205758
-1.008853 -1.869741
-9999 -9999
-1.998820 0.504975
-0.613650 -1.862372
2.240856 -1.549672
0.705930 3.449394
0.553666 2.547266
-2.982478 0.534313
-0.936953 -1.066040
1.918812 -0.913650
1.668181 -0.914782
0.152487 1.658341
-0.189113 -2.077354
-1.536183 0.120795
-9999 -9999
-0.603680 -1.988996
-1.088252 1.143018
-9999 -9999
1.507443 -0.620866
-2.663721 -1.631580
-6.158240 0.270510
-2.057465 0.351837
8.957586 6.152680
2.607130 5.977860
1.556073 -0.809017
-1.404429 0.228737
-9999 -9999
-4.283323 0.236998
1.963436 0.807025
1.781462 -0.344229
-7.414966 0.370992
-1.494058 -0.010845
-1.462628 0.208800
0.514073 4.288835
-0.922728 -2.870807
0.986811 3.185030
-0.095983 -4.423851
-2.676893 0.084765
-1.696963 0.503214
-1.082784 -3.419517
-3.266269 1.381308
-2.927474 -1.482759
1.874655 2.834476
-4.439276 2.570651
3.156904 -1.245668
1.950995 1.541557
0.222025 2.334423
2.408025 -0.962739
-9999 -9999
-1.566206 -0.679370
-9999 -9999
1.175255 0.996513
2.671074 -1.774062
-0.987233 -3.201191
-3.123146 1.273093
0.470547 1.887321
-9999 -9999
-9999 -9999
-1.619526 0.441982
-9999 -9999
-2.119326 0.755025
0.369043 1.404936
-0.873753 0.160848
-1.461077 0.507968
4.603413 11.554871
-9999 -9999
3.298634 1.814691
-9999 -9999
2.449643 8.847477
-9999 -9999
3.700782 2.342576
3.736762 5.251932
-4.729105 -4.494993
-1.437050 -5.221492
-1.449736 0.035249
-0.057322 -6.924344
-5.624918 -1.033374
1.798990 0.009988
-2.618324 -0.427544
-9999 -9999
-1.233273 0.254629
-2.889218 -3.537258
-2.333404 1.046660
2.548647 0.042879
-3.561018 -0.771717
1.663630 0.016518
-3.089020 1.401121
-1.023247 -3.692736
2.269285 2.746914
-2.804635 -1.382794
3.420519 -1.115326
4.516602 2.770037
-0.999195 -3.092410
-1.693422 0.337012
0.262449 2.316571
1.442033 1.377368
-2.427712 0.673043
-9999 -9999
-2.064820 0.601702
-1.172677 -0.862835
-1.624821 -1.305397
3.134288 -2.763433
2.783533 -1.726377
0.818708 1.643858
-0.197244 -2.061046
-2.061748 0.759126
-1.262869 0.402128
-0.271417 -1.687929
-0.767912 -0.950649
0.790156 0.900111
-2.016809 -2.029092
-9999 -9999
1.487303 -2.070318
1.595225 1.223676
2.243423 -0.157156
-9999 -9999
6.764176 -0.218341
-9999 -9999
-3.431670 -0.983950
4.252058 -0.596413
-1.175205 0.592219
3.373755 -0.136995
-9999 -9999
-1.459868 -0.011400
5.689629 2.427599
2.666096 -0.112220
-9999 -9999
-9999 -9999
1.112400 -0.297154
3.612272 -0.792826
1.247991 -0.355104
-0.858158 -2.989801
-1.764998 -0.361192
-9999 -9999
3.012828 -1.070679
3.351115 -0.972206
3.396472 -0.941298
-1.456400 0.465462
1.809934 2.935810
2.537170 -0.380321
1.821776 0.166514
-0.677424 -2.281796
-1.552405 -0.083445
0.462637 2.480093
1.051900 1.842561
-0.049679 -1.994953
0.454963 1.552266
-1.232698 0.229656
-0.375363 -2.371125
-3.733917 2.067683
-1.426082 -1.621477
-1.625270 -0.221238
-2.327292 1.116616
-1.786781 -0.154626
0.408902 0.710244
1.468334 -0.074768
-0.669226 -1.185381
2.749006 -0.797161
-1.926761 -2.204823
-0.715124 -1.835470
-5.121354 -0.351418
-1.113766 -3.911681
1.577330 -0.170532
-9999 -9999
0.469223 10.081573
-9999 -9999
7.631299 7.648048
-4.179940 -0.052016
-3.637882 0.773579
3.373498 0.353468
1.502467 0.196530
-5.085583 -1.033452
5.353431 3.218903
-1.844016 0.163206
2.540175 0.545386
3.769228 0.636082
-1.684525 -3.116764
1.389733 -0.108772
0.738105 2.619444
-1.612832 -0.150068
3.326107 1.124021
-9999 -9999
-2.735419 1.315870
-2.401736 -2.749000
0.809426 3.397974
-1.720434 -2.848098
-1.219862 -4.222562
2.304116 4.800499
-0.717141 -3.056113
-2.408645 1.505385
2.274899 -0.520530
-0.623454 -2.690971
2.319746 -0.679991
0.815023 1.921396
-9999 -9999
-1.849515 1.109982
-1.108140 -2.394406
3.430988 -2.332543
1.952483 -0.642600
1.592504 0.135039
2.468050 -1.291044
-1.443213 -0.099876
0.230992 1.497961
-0.744215 -0.717129
-1.672938 -0.134016
-9999 -9999
-9999 -9999
1.262685 0.456934
-3.668564 -10.860860
-9999 -9999
-9999 -9999
-1.282482 0.142398
6.720872 -0.759719
-1.506197 0.877955
7.563335 7.556926
-4.001518 0.938546
-1.748352 -5.595826
-9999 -9999
-9999 -9999
-3.033518 -6.882468
2.553150 1.142188
0.906975 7.666196
2.843817 1.108474
1.938279 4.396319
0.489860 3.410322
-0.455580 -4.522979
1.756137 1.952530
-2.800740 0.068821
-0.379249 -4.489445
-0.864511 -2.323543
-3.048518 1.125396
-2.235214 -2.661389
-1.561287 0.241870
-1.505505 -2.921201
-3.518895 0.906987
-1.682896 -4.592273
-1.610763 -2.352295
1.967516 1.574750
0.783790 1.527007
-0.262504 -2.466452
-1.696050 0.141759
-2.627262 -0.205462
-1.958596 0.352699
2.082037 -0.952558
1.792773 -0.405484
-0.928913 -3.250530
2.305160 -0.623920
1.549104 0.502876
0.010784 2.115663
-9999 -9999
1.367798 -0.014380
-9999 -9999
-0.978744 -0.938533
-2.519671 0.926139
-9999 -9999
1.390514 -0.335448
-0.463807 2.073040
1.597257 0.313579
-9999 -9999
-9999 -9999
5.977287 9.397718
1.523757 -0.525644
-9999 -9999
1.992879 -0.608125
-4.041106 -4.750864
1.836203 5.128248
1.310674 -0.200260
-2.903657 -6.780090
-5.459210 -2.192057
2.181498 -0.714982
0.235996 7.790757
-9999 -9999
0.472996 3.194097
0.606576 4.356303
1.941736 2.315967
0.959531 3.144066
3.599385 0.526384
-2.548101 0.039391
-1.354378 -3.452637
2.835758 -0.913217
-0.693960 -3.728094
-1.611679 0.178706
-1.800439 0.280980
1.617843 5.088172
-0.645789 -3.043035
1.898121 1.524636
1.136188 1.734682
-1.475568 -0.116426
-2.429482 0.245478
2.734102 0.540725
-2.073726 0.319148
-1.998360 0.846127
-2.442598 1.472091
0.955938 3.726491
-0.569391 -2.547670
-2.438696 0.117653
-0.180790 -2.063740
-2.248891 0.684376
-1.397596 0.127648
1.943687 -0.889446
0.719018 1.073550
1.673151 -0.301371
1.366940 -0.121169
-1.425656 -0.100362
3.004242 11.871454
-9999 -9999
-9999 -9999
-9999 -9999
-1.593794 -9.516418
-1.067746 0.136151
7.642542 7.887670
4.029375 -0.517747
-1.583666 -5.642689
-3.422880 -0.558530
-2.916579 -1.890492
-9999 -9999
2.022978 0.834513
4.240404 6.755854
3.976007 7.076925
-9999 -9999
1.231938 -0.052449
-1.304857 0.029787
0.877073 2.427956
-1.544165 -0.228689
3.547101 1.081675
1.727069 0.168749
-3.160726 1.359995
-1.391339 0.510764
1.586899 -0.332116
-1.365045 0.473524
0.548020 3.861964
4.557135 -2.875296
0.822693 3.147681
0.994907 2.605990
1.165269 1.345130
0.463702 2.368588
2.484196 -0.496146
2.294801 -0.066204
-9999 -9999
1.571983 -0.171706
1.536097 -0.760829
2.322907 -0.218999
-1.767482 -1.644354
-1.632186 -0.276067
-1.674257 0.338256
-1.557583 0.015053
1.709298 -0.735159
0.517133 1.738101
-0.612126 -0.943171
0.023983 2.099136
0.968787 -0.160834
-9999 -9999
5.402295 1.133924
-2.035204 -3.614581
-9999 -9999
3.234857 1.460910
-5.552518 -9.516532
-1.302413 -7.812317
-9999 -9999
0.431495 5.952521
0.818468 -0.574616
-0.775472 -4.538219
1.539947 -0.152365
-4.932835 0.117690
2.500714 1.394738
-3.929256 -7.171302
-2.996954 -1.252955
1.877532 4.945752
-1.270441 0.073701
-3.087534 -3.646213
-2.212715 0.953205
0.605792 2.976119
0.082780 4.140712
-2.541169 0.212181
2.298199 2.557395
-1.756375 0.123162
1.713579 -0.402657
-1.679141 -2.980423
2.414477 0.048175
4.349255 -2.409238
-3.562645 1.361211
-2.522035 1.268647
0.306174 2.161062
1.655856 -0.097210
0.616943 1.718726
-0.114070 -1.773680
-9999 -9999
1.819515 -1.104532
2.015442 -0.354765
3.364744 -2.092902
1.243971 1.912580
-9999 -9999
-9999 -9999
-1.833579 -0.229418
-1.567699 0.569867
-1.446943 -0.155074
-2.525977 0.814781
-9999 -9999
2.236693 1.471315
1.170379 -0.267255
4.780618 0.020566
-9999 -9999
2.252291 -0.775100
-9999 -9999
1.035291 -0.693989
-2.480740 -7.278299
-9999 -9999
3.833132 4.951122
1.973265 5.320229
-2.022191 -4.824468
-9999 -9999
4.356963 -0.299543
-6.473916 -2.215469
-5.768524 0.714359
-4.055693 -7.152897
0.049609 4.389124
2.570763 -1.008508
-1.013420 -4.172020
2.197982 -1.263498
2.536358 -0.087237
-9999 -9999
2.444520 -0.274532
