-0.795975 0.018619
0.832535 0.169884
-0.854080 -0.137319
0.614965 0.228963
0.906961 0.190387
-0.934950 -0.133600
1.160423 -0.110031
1.215875 -0.067133
1.141042 -0.105434
1.153394 -0.104798
1.280956 -0.186048
-0.497729 -0.367308
-0.826633 -0.018523
0.408453 0.308917
-0.727189 -0.019257
-0.996736 0.100873
-0.403991 -0.468650
0.878211 -0.134066
0.384055 0.586616
0.845474 -0.271721
0.740536 0.096628
0.301801 0.623521
-0.371466 -0.529626
1.256009 -1.361839
0.718838 0.325481
0.723570 0.358120
0.920318 0.064613
0.815646 0.377326
0.842533 0.399132
-0.988466 -0.073702
0.697290 0.279912
0.704139 0.285490
-0.862071 -0.333840
-0.669335 -0.333972
0.776044 0.005538
0.848444 0.421796
0.678362 0.296674
-0.804213 -0.002608
-0.856511 -0.344377
0.796099 -0.021436
0.663566 0.294642
0.863164 0.316192
0.677228 0.282875
0.671434 0.287688
0.861258 0.236955
-0.958140 -0.001004
-0.969705 -0.003803
-0.669198 -0.210315
-0.786254 0.013499
0.957523 -0.031695
-1.021467 0.052115
-0.623174 -0.232212
0.600791 0.232686
-0.927338 -0.117181
-0.579252 -0.248116
0.799245 -0.001543
-0.774065 -0.020229
-0.859947 -0.158442
0.483357 0.352357
0.811782 -0.041275
1.338089 -0.318794
-1.042481 -0.062695
1.378799 -0.281957
1.056938 -0.168095
-1.320625 0.445523
0.747165 -0.008706
-0.750207 -0.028090
-0.674397 0.075789
0.759684 0.074273
0.867685 -0.567987
0.352693 0.641417
1.400638 -1.373144
0.719916 0.299097
0.720467 0.316383
0.931263 0.026004
0.912594 0.017329
-0.772043 0.012372
0.871950 0.399809
-0.768645 0.020540
0.914448 0.018270
-0.880078 -0.317449
1.016599 0.081459
0.684683 0.291731
0.986998 0.046258
0.883652 0.332195
0.849769 0.304678
-0.800693 0.020831
-0.661143 -0.268247
-0.993123 0.011858
0.775059 -0.006671
0.892260 0.286396
-0.681953 -0.267448
0.893483 0.239852
0.669817 0.222511
-0.789659 0.016491
-0.854224 -0.154437
-0.945962 0.051480
-0.968242 0.046251
1.015078 -0.076643
-0.889198 -0.168082
-1.108168 0.055911
0.604806 0.230357
-0.586387 -0.262814
-1.199751 0.129809
-0.909987 -0.118461
-1.152824 0.146002
1.283737 -0.249301
0.523018 0.359141
-1.325690 0.377813
-0.797063 0.036427
-1.347578 0.349426
-1.417798 0.654286
0.363010 0.397992
-0.929447 0.156558
0.365372 0.549258
-0.849036 0.258272
-0.704227 0.452043
-0.385184 -0.528852
-0.429999 -0.603612
0.869112 -0.750969
-0.930468 -0.103785
-0.800272 -0.036494
-0.813049 0.008048
0.800304 0.361696
-0.663299 -0.338539
0.862039 0.436943
0.774367 -0.019279
0.706865 0.310406
-0.821149 -0.004043
-0.811890 -0.007942
0.777685 -0.004318
0.864607 0.413021
-0.820682 0.008937
-0.695786 -0.297122
0.858811 0.332003
0.972123 0.036153
-0.894742 -0.279432
0.853880 0.301150
-0.687861 -0.260355
-0.810996 0.025859
-0.791841 0.016110
0.762906 -0.013321
-0.676299 -0.196982
-0.851092 -0.165742
-0.839211 -0.132517
-0.680239 -0.204835
0.852593 0.105547
0.924156 0.157510
-0.892289 -0.157747
-0.951341 -0.085429
1.120849 -0.153538
1.210352 -0.108703
-0.748457 0.010828
0.761057 0.015868
-0.501202 -0.349267
1.010895 -0.002741
1.009129 -0.012260
-1.394815 0.330939
0.405084 0.310252
-1.477750 0.605357
-0.426122 -0.381872
-0.938772 0.153758
0.333517 0.500623
-0.753746 0.026150
0.743348 -0.002895
-0.416601 -0.535206
0.836687 -1.234683
0.371191 0.628960
-0.816059 -0.435126
0.698667 0.356874
0.718843 0.340906
-0.790800 -0.375453
0.635150 0.347253
-0.777974 -0.042930
-0.767904 -0.000813
-0.772091 -0.029796
-0.792978 -0.024573
-0.808194 -0.000967
-0.798320 -0.018919
0.836730 0.444994
-0.966770 -0.066357
0.828106 0.324526
0.662333 0.295769
-0.667809 -0.273893
0.641281 0.290843
0.853987 0.294397
0.917956 0.316030
-0.785308 -0.004266
0.885790 0.258430
-0.803174 -0.219447
-0.688284 -0.191481
-0.693100 -0.186105
-0.802647 -0.001546
-0.965882 0.020211
-0.866902 -0.151722
1.040207 -0.089680
0.772946 -0.016414
-0.620301 -0.218762
-0.961036 -0.170774
-1.180269 0.102731
1.169467 -0.174399
1.145213 -0.138822
1.319152 -0.246324
-0.468824 -0.354833
-0.446048 -0.316708
1.030981 0.047016
0.737067 -0.017589
1.471988 -0.631004
-0.399585 -0.407987
-0.886799 0.195213
-0.413286 -0.547357
0.844274 -0.297254
1.167866 -0.951140
1.207002 -1.352712
-0.741292 0.034773
1.349877 -1.515117
0.770090 -0.006579
-0.703943 -0.345873
-0.789643 -0.005848
0.783791 0.008848
-0.972573 -0.096691
-0.694069 -0.357093
-0.771461 0.005453
0.911416 0.029813
-0.713433 -0.328417
-1.010671 -0.095739
-0.774655 0.011927
0.655660 0.335832
-0.788813 0.008993
0.701223 0.294613
0.653223 0.285268
-0.871800 -0.311523
0.682662 0.268292
0.640763 0.261830
-0.671578 -0.270823
0.810555 0.011115
0.874555 0.240245
-0.792886 0.002737
-0.962020 0.034259
-0.937307 0.020016
0.687828 0.172924
-0.665980 -0.227979
0.618442 0.227466
-0.806674 0.007812
0.921973 0.202120
0.899008 0.139150
0.969381 0.167257
0.804666 0.010238
-0.482334 -0.311261
0.792594 0.020829
-0.793948 -0.040211
1.018713 0.066953
-1.347835 0.336892
0.814608 0.026798
-0.722140 -0.024652
1.008585 -0.137355
-0.936157 0.081460
0.902157 -0.143589
0.832491 0.021812
0.762220 0.019592
-0.777416 0.007264
-0.384642 -0.668377
-0.287216 -0.638081
-0.410634 -0.682412
0.890879 0.058236
-0.723696 -0.333910
-0.921216 -0.054139
0.760366 -0.000894
-0.685587 -0.341662
-0.891608 -0.417922
0.718109 0.289002
0.805112 -0.006032
0.956010 0.032662
-1.022526 -0.108664
-0.671323 -0.297365
-0.776536 -0.016874
0.973961 0.039938
0.836498 0.309574
-0.652506 -0.292534
0.985221 0.031007
0.765267 0.010706
-0.992168 -0.049511
0.663254 0.262488
-1.014383 -0.044813
0.688659 0.270869
-0.768386 -0.015193
0.799839 0.023998
0.774081 0.014739
0.842731 0.152156
-0.788614 -0.027675
-1.040301 0.030152
0.853818 0.192808
-1.110053 -0.017838
1.092951 -0.071600
0.956642 0.174422
-0.789537 -0.015631
-1.195116 0.082563
1.153333 -0.101196
1.292100 -0.197799
-0.941388 -0.089884
-0.380731 -0.415942
-1.001857 -0.141962
-0.960231 -0.084623
-0.842192 -0.089095
-0.367649 -0.398013
-1.317557 0.501073
0.877676 0.037867
0.765449 0.077116
0.706059 0.033458
0.791819 -0.007418
-0.478556 0.572371
0.918271 -0.681535
-0.830603 -0.379722
0.739102 0.306827
0.852161 0.341964
-0.663263 -0.277390
-0.761267 0.007347
-0.801505 -0.025444
-0.918447 -0.022947
-0.891218 -0.037348
0.972102 0.012210
-0.892578 -0.437152
-0.974218 -0.034634
-0.662955 -0.352087
-0.861658 -0.345955
0.958887 0.031014
0.880665 0.334225
0.805993 0.019367
0.801105 0.024385
0.664489 0.280540
0.874248 0.309283
-0.676485 -0.238264
0.976800 0.022357
0.940033 0.017995
0.689228 0.252759
0.825502 0.211270
-0.948897 0.063863
0.649200 0.192290
0.773746 -0.057702
1.047368 -0.090816
-1.117086 0.092893
0.901248 0.096642
-1.122613 0.161727
0.585543 0.263650
0.508258 0.282541
-0.768301 0.049244
-0.770345 0.035238
-1.327403 0.415388
1.289168 -0.385926
1.382343 -0.337331
-0.423532 -0.296272
1.479284 -0.610199
0.386211 0.361833
1.280904 -0.626480
0.485492 0.483975
-0.298026 -0.495261
0.767075 -0.481179
-1.209076 1.406890
-0.407258 0.572716
-1.225828 1.533008
-0.876798 -0.069370
-0.930294 -0.092196
0.790274 -0.002709
-0.825594 -0.364908
-0.987454 -0.093795
-0.824308 -0.018486
0.691299 0.288192
0.845513 0.311351
-0.796279 0.000569
0.670178 0.326375
-0.983919 -0.033006
0.645572 0.350139
0.783697 0.000861
0.861910 0.304982
0.669970 0.281783
-0.652102 -0.239155
-0.897782 -0.276259
0.981962 -0.007428
-0.791066 0.021516
0.711180 0.245200
-0.982318 0.028556
-0.835569 -0.200229
0.864281 0.180380
-0.842074 -0.166518
-0.698575 -0.199131
-0.866817 -0.193338
-0.881887 -0.188671
0.783787 -0.017518
-0.777779 -0.007094
-0.922629 -0.153125
-0.782485 -0.015401
-0.813586 -0.030315
0.742092 0.023272
0.744026 0.042093
-0.984903 -0.127595
1.303736 -0.309785
-1.033249 -0.020949
0.403720 0.329119
0.715777 -0.006032
-0.813311 0.037619
1.309133 -0.411107
-0.922423 0.189830
-0.383351 -0.526259
-0.298382 -0.498168
-0.783865 -0.032616
-0.806916 0.047681
-0.450146 0.653703
1.348033 -1.487269
-0.874450 -0.094950
-0.770461 -0.045608
-0.778025 0.007140
0.813434 0.355717
0.774445 0.017445
0.815910 0.013549
-0.824190 -0.309092
-0.840387 -0.321518
-0.722931 -0.323370
0.692586 0.330729
-0.783559 0.017828
0.854743 0.431699
0.798455 0.006342
-0.797411 0.018358
0.959395 0.045934
0.669988 0.280498
0.681994 0.279712
-0.779997 0.021292
-0.892143 -0.274940
0.677495 0.245853
0.688937 0.248695
-0.966443 -0.002257
0.654020 0.233553
0.953938 0.004721
0.791249 0.002302
-0.648838 -0.220725
-1.046953 0.023188
1.026214 -0.044173
0.608705 0.258700
0.606902 0.226408
-0.920959 -0.213956
-0.942877 -0.183876
-0.774655 -0.001812
0.490352 0.316347
-0.437699 -0.381863
-0.845815 0.000142
-0.425088 -0.397525
-1.421490 0.252031
0.366132 0.350773
-1.034027 0.110439
0.369501 0.403059
-1.367020 0.570300
1.005581 -0.076608
0.277538 0.516201
0.253251 0.588682
0.406597 0.594429
-0.272506 -0.571280
0.246346 0.763559
0.667684 0.314673
-0.913176 -0.108017
-0.705089 -0.329353
-0.838613 -0.384425
0.775288 -0.007242
0.796958 0.003606
-0.837934 -0.329243
0.698058 0.295893
0.854195 0.344463
0.796121 -0.015428
-0.866182 -0.384987
-0.664501 -0.356463
0.671663 0.313513
-0.857931 -0.318312
1.007916 0.066844
-0.982693 -0.062331
0.783213 0.010820
0.829646 0.301622
-0.787823 0.013042
0.671990 0.248018
-0.895599 -0.250255
0.764279 0.026391
0.850339 0.214297
-0.945939 -0.011021
-0.956569 0.019797
0.639312 0.208518
1.009836 -0.051943
0.794669 0.001549
0.619346 0.249039
-0.902902 -0.155437
0.795154 -0.005664
-1.153613 0.070384
-1.185082 0.102699
0.867357 0.127679
0.505006 0.353762
1.346689 -0.311981
-1.371035 0.317664
0.786557 -0.033266
0.409631 0.339971
0.994297 -0.095061
0.951437 -0.097755
0.795030 -0.006700
-0.793052 -0.038408
0.856583 -0.287299
0.336929 0.485087
-0.392699 -0.746522
-0.332816 -0.614624
1.314225 -1.435706
0.800854 0.415714
0.899096 0.092226
0.843176 0.383391
-0.658758 -0.301162
-0.971284 -0.100557
-0.793716 -0.008758
0.754362 -0.000931
0.928372 0.035808
-0.866188 -0.339133
0.889723 0.441169
-0.861614 -0.338878
0.849731 0.388475
0.696113 0.304059
0.797847 0.000131
0.849540 0.334117
0.875549 0.316885
-0.870926 -0.301411
-0.991556 -0.041201
-0.769752 0.030784
-0.878837 -0.280750
-0.774256 -0.016996
-0.952674 -0.000511
0.851901 0.211451
0.694199 0.211123
0.859853 0.127081
0.960210 -0.030410
-1.009539 0.084326
-0.794771 0.017755
0.823037 -0.008126
-0.761547 0.031416
-0.600823 -0.259975
-1.168594 0.076281
1.146675 -0.177213
-1.137267 0.155646
-0.504431 -0.340149
1.307661 -0.343365
0.437044 0.382804
1.435198 -0.269100
-0.757881 0.013787
-0.342885 -0.463204
0.386047 0.365172
-1.373303 0.535851
-1.428964 0.600470
1.331933 -0.753709
-0.718146 0.350780
0.836249 -0.039380
0.334003 0.595986
-0.878366 0.734023
0.655474 0.298289
0.810371 0.389358
0.771696 -0.026154
-0.790460 0.018876
0.839581 0.403898
0.980093 0.066890
-0.921659 -0.006890
-0.822907 -0.312161
-0.695569 -0.314554
-0.804569 0.024281
-0.882603 -0.362871
-0.994165 -0.076939
-0.982278 -0.025843
0.700399 0.287226
0.776771 -0.006531
0.661123 0.272150
1.001739 0.006391
0.645197 0.255911
0.996133 -0.005943
-0.799146 0.016180
0.993546 -0.022350
-0.943961 0.011647
0.670819 0.208496
-0.774701 0.008039
-0.944272 0.058811
-0.774381 0.012802
-0.785013 0.025355
0.799699 -0.027306
0.764896 -0.018122
-0.590525 -0.200902
-1.122881 0.152571
0.575029 0.235470
0.898803 0.102836
-0.792837 0.032231
-0.763266 0.052025
0.794732 -0.058390
0.780101 -0.043540
-1.029409 -0.018751
-0.983091 0.021092
-0.387664 -0.426186
-1.321911 0.472085
-0.907987 0.231626
-0.820949 0.006271
-0.761927 0.064823
-0.302759 -0.535312
0.714073 -0.586172
0.776524 -0.048608
0.377197 0.740074
0.915449 0.104925
0.681681 0.334049
0.794371 -0.004893
0.834579 0.376214
-0.837768 -0.404547
-0.802627 -0.001090
0.713818 0.271376
-0.708478 -0.297948
0.880416 0.334619
-0.813836 0.000717
-0.974558 -0.039159
0.793472 -0.005931
-0.707506 -0.305669
-0.696185 -0.275512
0.785055 -0.017434
-0.990541 -0.027668
0.795524 -0.018754
0.961011 0.010148
1.003543 -0.009633
1.011002 0.003875
0.990176 -0.040798
-0.842315 -0.208093
0.983839 -0.044122
-0.688388 -0.183720
-0.851210 -0.103510
-0.701584 -0.185570
0.789395 -0.061120
-1.028786 0.119662
0.920403 0.174168
0.910877 0.084440
0.600028 0.242851
-0.572097 -0.253792
0.486729 0.267502
0.521966 0.242469
1.019609 0.084238
-0.798535 0.084408
-0.443299 -0.352499
-1.371568 0.393631
-1.326183 0.375773
0.992198 -0.158071
1.272937 -0.538198
-0.877132 0.234172
-1.388693 0.710211
1.271747 -0.877553
1.144420 -1.023488
-1.125798 1.367526
0.359734 0.603612
1.262262 -1.543595
0.910693 0.073763
-0.787600 -0.029235
0.810091 0.369967
0.841734 0.354859
-0.950775 -0.082178
0.884298 0.403750
0.848573 0.328070
0.907263 0.023203
0.786204 -0.003924
0.786657 -0.022423
0.765553 -0.025895
0.671656 0.328909
-0.961937 -0.013885
-0.947455 -0.014936
-1.011224 -0.026724
0.867431 0.291869
-0.656247 -0.261977
0.868651 0.288061
0.790272 -0.032210
1.003391 0.003298
0.903099 0.216150
-0.938647 0.040810
0.671172 0.189968
0.777868 -0.022539
0.695122 0.145736
0.774599 -0.032267
0.861939 0.128352
0.815919 -0.049433
0.896917 0.140289
0.913763 0.095778
0.921076 0.128562
0.954477 0.106080
-1.165920 0.208740
0.839265 0.122265
1.305509 -0.304349
0.759677 -0.068473
1.304563 -0.402394
0.803157 -0.053594
-0.778312 0.026162
0.809706 -0.035363
-1.317101 0.483835
-0.749385 0.097687
0.976087 -0.207415
-0.319861 -0.493569
0.314972 0.518109
0.366833 0.564662
0.803195 -0.140287
-0.842537 0.017749
0.796390 0.028170
-0.794442 -0.044027
-0.933611 -0.062097
0.674743 0.326007
-0.957109 -0.092202
-0.682272 -0.345623
-0.907786 -0.039308
-0.840806 -0.323501
-0.967392 -0.038831
0.806785 0.008281
0.778556 -0.011190
-0.861715 -0.412279
0.680120 0.326443
-0.862277 -0.331954
0.991888 0.014329
0.781978 -0.021006
-0.795989 0.009077
0.868155 0.273702
-0.692750 -0.260256
0.881327 0.286045
-0.779358 0.029670
0.755306 -0.023704
-0.783059 0.020745
-0.783257 0.023921
