-1.643330 0.052146
1.760029 -3.551186
0.847019 -1.546557
-1.627767 -0.139949
-0.404109 1.676501
1.871556 0.141329
-0.527305 -1.907913
-1.282125 3.251790
-0.863114 3.711519
-1.406788 3.700405
0.559036 1.576702
-1.718954 -0.213063
-1.688975 -0.241686
1.717285 0.025883
0.452058 1.757152
-2.558808 4.231501
1.848523 0.160791
0.371324 1.449973
0.549373 -1.679192
1.758607 -2.857954
0.507303 1.436753
0.774559 -1.365794
1.002615 2.258922
2.010651 -2.734472
3.018363 -3.921958
-3.654577 2.331097
3.164319 -3.442293
0.252709 2.354093
-3.428641 4.187348
1.588286 -1.635730
0.851727 2.895366
2.462379 -4.281697
-1.337435 1.604273
1.112380 1.947368
1.165254 2.027868
1.195819 -4.012596
-1.958094 0.315407
-1.602878 0.179085
-1.469675 -0.013639
-0.904418 1.771697
1.737959 -4.812527
1.622241 -3.996169
0.618107 1.673852
1.765605 0.078703
0.173233 -1.678813
0.257841 -1.741324
-0.703770 -1.483802
0.541745 -1.618829
-1.655624 0.122576
-1.699504 -0.108105
-2.109381 3.314140
0.410815 2.427758
0.807656 1.849246
-1.891164 -0.341021
-0.544993 -1.816675
0.343409 -1.413004
0.378080 -1.769589
-0.711335 -2.054008
1.597079 -2.601105
0.200802 1.885052
0.642762 -1.848005
0.273046 -1.831716
-1.577139 -0.167875
-1.777424 -0.107410
0.437014 -1.587016
-0.640299 1.363683
1.928844 -3.119759
-1.536632 -0.186542
-1.618144 -0.270693
0.367527 1.691513
1.760304 -0.260281
-2.029298 2.716122
0.218231 2.192740
1.687953 0.038960
-1.580532 1.417914
0.296336 2.191867
1.841890 -0.206327
1.865953 -0.138936
1.479090 -2.348389
-1.383092 1.723709
-1.557524 0.037169
-0.838721 1.833431
1.015133 -1.819219
-1.278029 -1.846395
-1.147057 1.827805
-0.663354 -1.842609
1.583847 0.043531
0.822251 -1.848041
-1.155039 2.046093
-1.702795 3.949895
0.643903 1.833223
0.472880 2.201237
-0.859322 3.465063
-0.368975 1.803030
-1.862062 3.061647
1.229264 1.771845
0.936294 -3.878878
1.873435 0.074855
-1.780350 -0.066384
-1.609707 0.122206
1.312433 -3.371840
-1.450295 1.837879
-0.393603 1.649560
-0.686425 -1.739671
1.252546 1.714466
0.779310 1.985824
0.590229 -1.201614
-0.336638 -1.830936
-0.676228 1.862865
-0.123953 1.957167
-0.581042 1.314886
1.791525 0.080838
-1.541259 3.154828
-1.509999 -0.041344
-1.567285 -0.246801
1.567281 -0.050261
-0.331522 1.333129
0.665637 -1.626418
-0.575360 1.945552
-2.098268 2.644055
1.636009 -1.190915
1.387698 -0.786721
-1.627136 1.485285
-1.504961 1.545750
1.631527 -1.601755
0.109126 2.435866
0.668293 3.063070
2.605866 -4.029908
-0.299378 -1.873113
1.650337 0.012424
1.584715 -0.204968
1.284917 1.880051
1.067565 -1.771791
2.111115 -3.565105
-0.839201 -2.101867
-1.763166 0.149650
-1.774141 4.716392
1.611460 -3.828430
1.648550 -3.260186
2.125822 -3.615847
-1.124510 -1.738745
1.017898 -3.450470
1.646980 0.136145
1.302887 1.553216
1.739663 -0.191807
1.588017 -3.454252
0.909869 -1.424149
0.867298 -1.698166
0.914316 1.731940
2.919064 -4.458583
1.265728 -3.314958
1.496723 -0.134891
-0.317372 1.948268
1.475044 -3.637557
-1.357747 2.594785
0.524916 -1.323095
-0.491961 1.867678
-0.125642 1.844002
1.526626 -3.182944
-2.278115 4.335259
0.482873 1.664812
-0.349216 1.474580
-1.742621 3.055116
1.675866 -3.035831
-0.457782 1.215215
1.840387 -2.842986
-1.786845 0.057558
-1.755682 2.767662
3.123695 -3.573160
3.613155 -2.227659
1.551255 -1.462212
2.910727 -3.572650
-0.086405 -2.268752
1.884175 -0.073114
-1.700019 0.107324
1.288920 -1.655171
-1.222694 1.614730
-0.884878 1.809848
1.782626 -0.093310
-1.736085 0.103757
-2.336145 4.103416
-0.629030 -1.985332
-1.568239 -0.216432
0.761650 -1.838034
1.274764 -2.103618
0.755780 -1.744669
-1.656692 3.286634
-2.080386 3.617617
-1.757345 0.140687
0.389806 -1.838830
1.718597 -3.053136
-1.238681 -1.466056
-0.429128 1.853216
1.650811 0.092378
1.756673 0.103595
-2.061918 4.005748
1.363427 -3.443689
-1.496980 1.805181
1.606183 -3.253601
-0.591835 -2.004938
0.251670 -1.899950
0.699307 1.940087
0.543713 -1.194120
-0.280838 -1.989677
1.720936 0.217039
1.769847 -0.043537
-1.788620 2.968890
0.852770 -1.791095
0.579718 1.705189
1.706467 -2.814831
1.779299 0.364179
-1.522563 -0.226608
1.490655 -2.586288
0.528841 1.647185
-1.508953 4.063019
-2.049321 2.758599
-0.270877 -2.183363
-9999 -9999
1.397139 -1.346491
1.461561 -1.504118
-1.925288 0.220662
-0.267766 -2.398998
-1.954259 5.475844
-0.653601 -2.298103
-2.443050 3.572473
-1.501187 3.876176
-1.619260 4.311534
0.873395 -1.865092
1.945356 -0.170125
2.068027 -3.704888
0.984970 2.333030
0.673834 -1.684661
-1.081433 1.980466
-1.699265 0.110146
1.756786 0.055616
-2.335296 3.564483
1.157867 1.758011
-1.111695 -1.696615
0.672345 1.504669
1.268272 1.699453
-1.103122 -1.904651
-1.724586 -0.174910
-0.487610 -2.041345
0.873386 -1.588336
1.674833 0.066404
-1.969485 -0.404967
1.633346 0.209172
0.568790 -1.411338
-0.973705 3.734687
-0.742187 1.560676
-1.624323 2.525125
-2.147190 2.852884
-0.793540 1.685532
-0.929307 -1.998024
0.440012 1.752219
-9999 -9999
1.737062 0.294268
-0.304999 -1.446705
-0.704967 1.455241
-1.968232 2.735636
1.523509 0.231607
0.395760 1.485640
-1.850441 4.056862
1.832792 0.238635
-2.940652 3.856850
-9999 -9999
1.675685 -0.115531
1.615070 -0.201755
-1.940246 0.325674
1.904969 -0.109360
0.922048 2.805456
0.699231 2.484752
1.491404 -0.051047
-1.407557 3.800994
0.847083 -1.901606
1.338361 -3.938991
2.185897 -3.994881
0.995917 -1.636483
-0.957462 -2.335411
-1.490698 3.954581
-1.173643 -2.924838
0.945122 2.207766
1.627131 0.066356
-2.229209 3.632216
-1.851503 -0.019643
1.051854 -3.491644
1.777356 -2.959597
-1.645513 0.095287
1.779339 -0.102465
0.701888 1.751616
0.601697 2.018470
0.605712 2.307140
1.087842 -3.480422
1.811355 0.074316
-1.446441 3.450190
0.831464 1.794901
-1.176736 -1.758657
0.498417 -1.640705
1.435146 -2.719239
0.477824 -1.260642
-0.676102 -1.815730
-9999 -9999
0.644585 1.786700
-0.950060 1.692694
-0.361227 1.462767
-0.628924 -1.503106
1.758908 -3.268618
0.330358 1.579567
0.480606 1.337408
-0.627835 1.480475
0.568202 -1.803539
-1.808346 0.144280
-1.802398 1.173887
-9999 -9999
-1.604530 0.003572
3.073070 -3.626312
1.932113 -0.118764
-0.108197 -2.234000
-0.924447 -3.011988
-1.719095 -0.038227
0.319644 1.935927
-1.512980 3.714533
1.815507 -0.063771
-1.626034 0.215991
2.393752 -4.050610
-0.460928 -1.880650
1.602544 0.108162
1.692428 -0.146860
-0.935429 -2.766823
-1.697996 0.082104
-1.748703 -0.095940
-1.029888 1.553967
0.349981 -1.669034
-0.891011 3.512631
1.587182 -2.991763
-1.207161 -1.541308
-1.597450 0.162706
0.719721 -1.629713
-0.573169 -1.966619
1.775553 -4.060958
-1.025266 3.405208
-0.239898 -2.837990
0.629858 1.841982
-1.057801 3.312082
-0.215791 1.794662
0.873962 2.081476
0.472343 -1.176472
-1.615648 -0.219901
-0.554663 1.872767
-0.766515 4.059326
0.660219 1.837841
0.912311 -1.902022
-0.667249 -1.622656
-1.501324 2.807219
0.550241 -1.491129
-0.497644 1.295033
-0.539693 -1.406056
0.496030 -1.474917
-1.274821 -1.951198
-1.839916 2.837986
-1.602817 0.194317
-1.601387 0.078858
-3.143804 3.412845
1.567793 -1.450120
0.176824 2.239102
-1.793524 1.734222
-1.277475 2.317892
1.336376 -1.673095
1.489078 -0.041200
-1.322114 3.737691
1.606502 -4.244120
1.158607 -3.889698
-1.769359 0.345224
1.021165 -1.752315
-0.985790 -2.232754
1.655238 -0.066211
-1.737950 -0.129909
0.919816 -1.821794
-1.578427 -0.034668
2.156666 -3.626901
-1.175974 -1.720594
1.276419 1.469446
-0.804264 -1.581680
1.769930 -0.057014
-0.962875 -1.897716
0.690251 -1.555983
-1.929037 3.451841
1.763174 -4.100610
0.821573 1.709223
-3.021053 4.672970
0.375187 -1.540411
-1.512043 0.053779
-0.385289 1.902301
-1.421636 3.756261
-0.472167 -1.368021
-0.621993 1.346290
-0.650709 -1.709945
0.839314 -4.068456
1.331049 -3.126199
0.551525 2.685512
0.592061 1.645773
-1.526503 2.973333
0.610964 -1.452467
-0.397912 -1.669959
-1.652973 -0.179662
0.680189 -1.622768
1.176291 -4.393910
-1.620094 2.940397
-0.178534 -2.164525
1.612243 -0.825278
1.725866 -0.120919
1.610831 0.187474
2.109955 -0.106312
-1.731961 1.577692
0.910529 3.098289
1.299284 -1.713892
-1.587341 0.010901
1.047968 2.007390
-1.804148 0.170249
1.432374 1.698816
1.287803 -1.909568
-1.648645 0.136537
0.942958 2.333417
1.638642 -0.046227
1.346344 -1.982197
0.739385 -1.698219
1.712143 0.027673
0.555402 2.079722
1.758434 -0.219972
0.927666 -3.539079
-1.596423 -0.041808
-0.297266 1.559408
1.249011 1.751745
0.659828 1.793498
0.700774 1.983453
-1.632195 -0.074893
-0.970012 3.523458
1.789614 0.235792
1.446027 -0.051954
0.242497 -1.351038
-1.761797 0.219207
-0.563114 1.650510
-1.309607 2.748736
1.769585 -3.049235
-1.418689 3.485406
-1.894178 0.210918
0.556248 -1.454824
-0.487339 -2.608811
1.439044 -3.233885
-1.512520 0.053316
-0.511961 -1.840625
-1.716276 -0.028914
-1.311073 2.491783
1.726980 0.178462
1.121273 -4.145512
0.511527 1.493062
-0.332304 -2.347940
-9999 -9999
-0.071321 -1.945234
-0.199900 -2.190876
1.952296 -0.114897
-3.170431 3.891890
-1.263392 2.296112
1.355852 -1.860796
0.402608 1.906438
-1.145474 -1.989591
-1.104468 -2.142004
1.417086 1.754702
1.985708 -0.222122
-0.606159 -1.919782
0.932956 2.196498
-1.664082 0.242492
1.782807 0.136275
0.997106 2.057692
1.781145 -3.343598
1.661401 0.048917
-0.268608 1.689613
-1.895348 0.171741
0.818616 1.588043
0.373357 -1.540885
-1.051319 -1.743392
1.566999 -3.530020
-0.780310 1.474524
0.619180 -1.685192
0.402579 -1.832088
-1.502605 2.174231
0.267368 -1.513540
-0.772108 -1.727553
1.099306 1.842740
0.543120 -1.728742
0.618893 1.504032
-1.719376 2.960668
0.572951 -1.800179
-1.147777 -2.173638
0.516306 -1.404439
0.339301 2.535866
1.776173 0.141169
1.583857 0.010155
0.431019 1.759910
-1.652254 -0.237594
-0.381788 1.235032
1.768369 -3.077393
-1.851609 -0.053963
-0.624834 1.523103
1.767189 -1.583199
1.615710 -0.099677
2.892462 -3.746714
1.518764 -1.467914
-2.981631 4.417151
-1.770259 0.104362
1.206201 2.899434
-1.646857 0.197921
0.384342 1.902674
-1.230223 -2.004240
0.877849 -2.019214
-0.605679 1.893367
0.985657 -1.995856
1.723281 -3.870920
1.601165 0.052471
-0.736655 1.905250
1.672722 0.055779
-1.344895 3.949631
-0.746771 1.594810
0.939396 -1.568451
-0.537185 3.434404
-1.183127 -1.460068
1.431336 -3.205976
0.701820 -3.270982
-1.217478 -1.927339
1.516783 -3.507840
-1.610410 0.090013
0.729910 -1.870267
-0.847964 -1.751999
1.470730 -1.844299
1.287231 -3.294495
-1.141696 3.222596
-0.734934 3.673999
0.409658 -1.754441
-1.499306 0.018181
-0.459305 -1.831416
-0.660198 -1.724614
1.089902 2.047024
1.674483 -0.076077
1.036984 -1.753370
1.759628 0.044655
1.442812 -0.017792
-0.651516 1.555019
-0.440621 1.387931
1.458744 -0.060244
-0.643596 1.397896
0.999457 -4.123514
-0.476946 -1.336384
-1.568981 1.473711
1.649252 -0.093187
-1.592983 0.161827
1.707010 -0.229999
3.322516 -4.123745
-1.748647 1.462404
-1.857808 5.399666
1.717269 -0.437618
2.496682 -3.546170
1.642687 -0.035004
1.435145 -4.347470
-1.002003 3.950692
1.937446 -0.382106
1.851896 -3.633238
-0.923436 -2.228959
1.588435 -0.164760
-0.966871 2.082629
0.726257 -1.854285
-0.637664 1.760741
-1.036632 1.666769
-0.746903 3.554949
-0.801988 3.461606
0.920707 1.468409
-1.336511 -1.495266
0.121079 -2.182321
0.822291 1.889671
0.656141 -1.663243
-1.678008 0.002512
-1.614304 0.129659
-1.431128 2.060326
0.336181 -1.552504
-0.984960 3.346069
-0.482547 3.765118
-1.783054 0.077094
-0.727902 -1.291966
0.540898 1.978017
-0.743773 -1.734037
-1.068163 -2.060163
-0.716620 -1.676926
-0.906561 1.970113
0.301215 -1.522667
-0.612268 -1.528065
0.382605 -1.717216
-0.497969 -1.541612
-1.630897 0.003327
0.592831 1.501264
-0.824160 4.295680
1.679459 -0.223091
1.645199 -0.038559
-1.775742 -0.035820
-3.160097 3.405044
1.450047 -1.532593
1.571740 -1.626600
3.165944 -3.880292
1.385891 -2.354590
-1.643634 -0.021919
0.297608 1.966352
1.020970 1.925911
0.972342 -1.886809
-1.355566 -1.710169
-0.745621 -1.983653
0.918507 -1.685360
1.554897 -0.000284
-1.400410 4.176116
-1.738452 4.716768
-0.769393 1.819017
1.683485 0.035530
-1.599792 -0.041014
-0.138507 1.536075
-1.783874 0.172428
0.785853 1.594193
1.799280 -0.140093
-1.155670 -1.848353
-1.712651 0.039937
1.572219 0.013854
-1.478669 0.044125
-0.446307 1.722166
0.304279 2.820967
-0.445815 1.536680
-0.299680 1.472166
-0.690265 3.699216
-0.565889 1.601264
0.627806 1.391884
0.244429 1.695529
0.556080 -1.788920
1.649407 -0.092680
1.647748 -0.039502
1.885376 -0.024885
1.469562 -3.301296
-1.565667 0.004741
-1.888673 -0.010727
-1.557756 0.112456
0.670575 1.450216
-0.591371 1.413177
1.411040 -3.962441
-0.473187 1.411685
1.754786 -0.120139
-1.547949 0.766025
-9999 -9999
-0.287349 -2.260091
-3.523826 4.127757
0.248009 2.241653
2.117341 -5.584115
2.382814 -4.235679
2.513923 -3.640683
-0.905072 1.735592
1.695445 -0.275213
1.188922 -3.788462
1.850448 -0.181165
-0.607817 -1.860868
1.566327 0.083266
1.468117 -4.135052
-1.870007 -0.193884
-1.381600 4.071953
-1.712855 -0.107565
1.976334 -3.649764
-1.213297 -1.663248
-0.881063 3.548472
-1.506020 3.029644
-1.283796 -1.574419
-0.946233 3.843715
-1.625313 -0.085532
1.703794 0.035961
0.612985 -1.698341
1.489342 0.047857
0.182287 2.522093
-0.730000 -1.859464
-0.840258 -1.703423
-0.240764 1.775164
1.688070 0.054354
-1.394344 2.567635
1.914188 -2.882214
-0.601623 1.722052
1.062204 1.969067
1.679890 -0.056590
0.096704 2.702345
-1.591232 2.894720
-0.527642 1.345557
-0.495712 1.541367
-1.683490 -0.143282
-0.591935 -1.507938
-1.615063 -0.160289
-1.087592 -1.945227
0.594437 -1.470006
0.351936 2.038573
1.735255 -0.034822
-9999 -9999
3.024500 -3.829343
1.932752 -0.232205
-1.584651 1.451423
1.784255 -0.239389
2.433563 -4.102864
1.304238 -1.422813
-1.562371 3.780599
-0.876400 1.797885
1.241642 -3.976063
1.108998 -1.803186
0.589449 1.884775
-0.921845 -2.375474
-0.849354 -2.382746
2.016832 -4.522590
-0.912390 1.643393
0.680415 1.772920
1.025452 -1.595733
1.243437 1.777215
1.135123 1.481622
0.819036 -1.555090
1.279333 1.764323
