-0.128537 2.327628
-0.412425 2.233410
-9999 -9999
1.276043 -0.236330
-9999 -9999
1.039411 0.001916
-1.217146 0.175754
-1.475956 0.224381
-9999 -9999
-9999 -9999
-9999 -9999
-9999 -9999
-9999 -9999
-9999 -9999
-1.041241 0.235706
-9999 -9999
-9999 -9999
-9999 -9999
-1.400428 0.299227
-9999 -9999
2.072610 0.167159
-9999 -9999
1.138525 0.188069
-0.844292 0.083048
0.926046 -1.711611
-0.720939 2.777404
0.222337 -1.875449
-9999 -9999
0.778146 -2.132135
-0.896827 0.121311
-0.917197 1.851480
-0.547125 0.131333
0.015369 -2.742274
-9999 -9999
-1.375035 0.154239
-9999 -9999
0.614325 0.024079
-0.653372 0.506342
1.546910 -0.573799
0.180086 -2.701013
0.961825 -2.113990
-9999 -9999
-0.657489 0.202112
-0.249053 1.638134
-9999 -9999
-0.677686 0.011722
0.583336 0.085361
-9999 -9999
-0.169851 2.437255
0.055898 -2.102136
1.330291 -0.847701
-9999 -9999
-9999 -9999
-9999 -9999
1.118586 -0.364805
-1.694564 0.661004
-9999 -9999
-9999 -9999
-9999 -9999
0.903479 -0.150659
-9999 -9999
-9999 -9999
-9999 -9999
-9999 -9999
-9999 -9999
-9999 -9999
-9999 -9999
-9999 -9999
-1.755749 0.237021
-9999 -9999
-1.378259 0.209235
-9999 -9999
1.017887 0.210560
-1.042000 0.085910
-1.221077 1.759856
-1.433121 0.391824
-1.243790 2.027990
-1.429697 2.604773
1.088740 -2.044733
-0.893104 2.106428
1.006000 -0.140630
-0.822623 0.392730
-1.369769 2.641712
0.805083 -0.040211
-0.706956 3.299214
-0.820514 0.321223
-1.145029 -0.279092
-1.410536 0.052258
-1.125155 2.425933
-9999 -9999
1.217790 -0.743960
-0.301320 1.315052
1.035958 -0.973627
-0.826609 0.131227
-0.087346 2.621811
-9999 -9999
-9999 -9999
0.491454 -2.147465
-9999 -9999
-9999 -9999
-1.452062 0.111633
-9999 -9999
-0.911497 0.776991
-9999 -9999
-9999 -9999
0.841172 -0.172486
-9999 -9999
-9999 -9999
-9999 -9999
-0.800204 0.288178
-9999 -9999
-1.017264 -0.005544
-9999 -9999
-9999 -9999
-9999 -9999
-9999 -9999
-9999 -9999
-9999 -9999
0.869736 -0.299453
-9999 -9999
-1.078525 1.571321
0.423650 -2.468090
0.214984 -2.305910
-9999 -9999
-0.554045 1.732863
0.507099 -2.685775
0.495082 -2.288792
0.429070 -2.690238
0.989083 -0.738633
0.677702 -0.116364
-0.797644 2.809841
-9999 -9999
0.036439 -2.967593
-0.140157 1.716304
-0.996775 0.600604
-0.258870 2.619810
0.774419 -2.671964
0.647097 -0.600135
-9999 -9999
0.833632 -0.016581
-1.002187 1.274996
1.011576 0.096208
-0.837028 0.705001
-9999 -9999
-0.078961 2.506240
1.378942 -0.175206
-9999 -9999
-9999 -9999
-9999 -9999
-0.783592 -0.196121
-1.307804 0.213214
1.614494 -0.286317
-9999 -9999
0.693209 -0.163887
-9999 -9999
-9999 -9999
-9999 -9999
0.989783 -0.608409
0.847239 -0.207826
0.893967 -0.325652
-0.826672 0.324182
-1.149594 0.245892
-9999 -9999
-0.940789 0.421143
1.529495 -0.047236
-9999 -9999
1.111145 -0.508796
-1.073816 0.237559
0.887808 0.181360
-0.676590 0.179647
-0.978082 1.805327
0.723454 -3.356126
0.644242 0.094973
1.733807 -2.454479
-1.332129 1.807422
0.648788 -0.191199
1.152366 -0.570407
0.977378 0.061271
1.475566 -2.592099
-0.808238 0.148677
-0.923495 3.605491
-0.667524 1.503630
0.866158 -2.289369
-1.262096 0.404720
0.753970 -2.093247
-9999 -9999
-9999 -9999
0.622190 -1.744147
0.847638 -0.219541
-9999 -9999
-1.243689 0.319570
1.337351 -0.320283
-9999 -9999
-9999 -9999
-1.306114 0.378814
-9999 -9999
-9999 -9999
-9999 -9999
1.320069 -0.851393
-1.879217 0.068459
-9999 -9999
-9999 -9999
-0.935292 -0.087036
-9999 -9999
1.128569 -0.053456
-9999 -9999
-9999 -9999
0.877596 -0.270737
1.252492 -0.345334
-9999 -9999
-9999 -9999
1.033321 -0.005943
-9999 -9999
1.079125 0.072187
1.341533 -0.127333
-9999 -9999
-0.725319 0.111994
0.915912 0.108879
-0.838912 0.275825
-9999 -9999
0.598715 -0.122883
0.457827 -0.472634
0.652257 -2.199676
0.168495 -2.491041
-0.586905 0.481281
-0.894952 0.251279
-0.821350 2.497521
1.199894 -0.635374
1.197214 -0.389824
-0.187099 1.775564
1.071767 -0.738284
1.091391 -0.762360
-1.013949 0.033709
0.664773 -0.783378
-9999 -9999
-0.218574 1.561796
-1.042482 0.349243
-9999 -9999
-1.201183 0.499343
-9999 -9999
1.087714 -0.114196
-0.771989 2.203302
0.983682 0.244108
0.854977 -0.529235
-1.913868 0.793666
1.086610 0.020587
-9999 -9999
-1.247781 0.236355
-0.827029 -0.131999
-0.844082 -0.059451
-1.115463 0.165389
-9999 -9999
1.205563 0.023848
-0.924578 0.420782
0.819161 -0.348808
-9999 -9999
0.605810 0.025303
0.963754 0.030276
-9999 -9999
1.023883 0.069826
-9999 -9999
-9999 -9999
1.106924 -0.099185
-9999 -9999
-0.805895 -0.247433
0.965074 -2.366321
0.922105 -0.431380
-1.248711 -0.265918
-1.059595 2.119930
-1.371561 2.485534
0.965457 -2.020895
-0.806148 2.549988
1.069385 0.057389
0.719556 -0.404772
-1.254275 0.063909
-0.344415 1.870365
1.629637 0.116290
-0.400022 1.872821
-1.293009 0.286182
-0.591064 2.791584
0.828623 -1.994341
-9999 -9999
-9999 -9999
0.846785 0.000276
-9999 -9999
0.730446 0.023046
1.102138 -0.140686
1.380209 -0.391893
-0.501622 2.057321
0.800291 -2.571111
-9999 -9999
0.972080 -0.212361
-1.277724 -0.152469
0.894025 0.203534
1.099398 -0.587531
-9999 -9999
-0.813631 -0.060077
1.125589 -0.330918
0.997075 0.085873
-1.106239 0.133188
-9999 -9999
-1.150942 0.346894
1.087154 -0.313800
-9999 -9999
-1.370998 0.340077
-9999 -9999
1.336313 0.042888
-1.087682 0.187502
1.698343 -0.021750
-0.868016 -0.006510
-1.054845 0.191059
1.060144 -0.348260
0.596990 0.096060
0.761262 0.195531
-1.191391 1.326391
0.990749 -0.416545
0.787711 0.136248
2.308624 -2.038980
-1.144041 1.758931
-1.178877 2.110743
1.279385 0.354327
0.318803 -2.367064
-1.037248 -0.056677
-1.037271 2.136609
-1.078223 3.308890
0.836719 0.237961
1.104463 -0.179760
1.302563 -0.275311
1.323900 0.000063
-1.285593 0.022911
-0.954063 0.125702
-0.868384 -0.097267
-9999 -9999
-0.946610 -0.221054
0.931714 -0.309673
-1.159457 -0.099345
-0.939478 -0.214056
-0.382671 2.169372
-0.920400 -0.081793
-9999 -9999
-9999 -9999
-0.886252 -0.100084
1.319077 -0.704202
1.501993 -0.333249
-0.813670 0.087510
-9999 -9999
-9999 -9999
0.936945 0.153672
1.320599 0.036390
-1.009478 0.444477
-9999 -9999
-0.969760 0.227340
-9999 -9999
-0.761927 -0.157651
1.306708 -0.065996
-0.994684 0.188294
-1.823342 -0.052188
0.930094 -0.019441
-1.370704 -0.065424
-9999 -9999
-0.871597 0.127096
1.023081 -2.213291
1.075970 -1.508187
0.338957 -3.716307
0.888566 -1.962385
-0.885308 0.381957
-0.860910 0.052569
0.493872 -0.168817
-0.565148 2.257704
-0.550502 -0.039123
-1.495604 0.717254
-0.458736 1.987498
-1.583197 0.144089
-0.273064 1.853826
1.381556 -0.008927
0.591188 -2.668382
-1.164163 0.384821
-0.992653 0.066806
-1.239016 0.453448
0.594621 -0.129947
-1.448520 1.125498
-0.098368 2.796760
-9999 -9999
0.912085 0.090488
-0.976977 -0.082065
-0.894966 -0.407324
-9999 -9999
-0.726983 0.401108
1.041623 0.194043
-9999 -9999
1.027164 -0.612864
1.454791 -0.509628
-9999 -9999
-1.034913 0.082816
-9999 -9999
1.080389 -0.223466
-9999 -9999
-9999 -9999
-1.075773 0.144767
-9999 -9999
-1.117259 0.343341
-0.867110 -0.252221
-9999 -9999
-9999 -9999
1.708123 0.031201
-1.012656 0.006064
1.057498 0.106693
-0.880382 0.120228
-0.658201 0.216212
-0.702128 2.203780
-9999 -9999
1.163580 -0.373631
-0.811244 0.016245
-1.090119 0.026819
-0.973583 0.164741
-0.124991 2.310190
-0.796571 0.617036
-9999 -9999
-0.730693 0.008864
-1.055187 0.693940
1.013206 -0.292085
-0.811112 0.598686
1.297092 -0.489534
-0.266412 2.485789
-0.814601 2.450268
-9999 -9999
-1.089231 0.507070
-0.261578 1.722740
0.756304 -1.004908
-0.061007 2.640453
-9999 -9999
1.237230 -0.304771
-0.823275 1.992903
0.452230 -2.425409
-9999 -9999
-9999 -9999
-9999 -9999
-9999 -9999
1.138221 -0.894585
-1.284324 0.282516
0.917825 -0.199090
1.182087 -0.320102
-9999 -9999
0.905968 -0.192647
-9999 -9999
-0.892813 0.393534
-9999 -9999
0.906611 -0.157974
-9999 -9999
-9999 -9999
0.964364 -0.434034
-0.813778 0.614721
1.524603 -0.499345
-9999 -9999
0.855795 -0.673821
-9999 -9999
1.832570 -0.892712
-0.735464 -0.166388
1.550347 -1.429695
1.422110 -2.925917
1.773710 -1.514152
0.964110 0.416968
1.770299 -1.563141
-1.288000 1.883985
-0.958679 1.921052
0.964825 -2.002615
2.185340 -2.160564
0.846167 -2.155072
1.495163 0.003998
-0.796115 -0.327906
-1.288952 -0.513278
1.105640 0.204919
1.039533 0.100922
-9999 -9999
-1.051805 -0.056723
-0.664473 -0.118982
-1.202488 0.243816
-9999 -9999
-9999 -9999
-9999 -9999
-9999 -9999
-9999 -9999
-1.345723 0.530411
0.857873 -0.549868
-9999 -9999
-1.184888 0.286385
0.793401 -0.923302
1.155612 -0.331252
0.841802 0.004732
-9999 -9999
-9999 -9999
-9999 -9999
1.310302 -0.000170
-9999 -9999
-9999 -9999
-9999 -9999
-9999 -9999
-1.025855 0.079521
-9999 -9999
-1.183251 0.286342
-9999 -9999
-9999 -9999
1.198753 -0.238985
-9999 -9999
0.686469 -0.242585
0.569321 -2.239580
-0.519390 0.280394
-9999 -9999
-0.866855 -0.060163
0.647356 -2.954157
-0.607814 2.184343
-0.708660 0.490423
-1.276685 0.595904
0.538672 -0.292646
0.687449 -3.206197
0.890519 -0.802807
-9999 -9999
0.514006 -0.715349
0.343603 -2.726693
-1.475209 0.345173
-1.113151 0.237863
-9999 -9999
-0.872596 0.280035
0.768813 -0.156124
-9999 -9999
0.954764 -0.292549
-9999 -9999
-1.125444 0.315945
0.299768 -2.085526
-1.116444 -0.169466
-9999 -9999
-1.258596 0.137526
-1.269703 0.819809
1.049374 0.308868
-9999 -9999
-9999 -9999
-9999 -9999
-9999 -9999
-1.234283 -0.128929
-9999 -9999
-9999 -9999
0.887705 -0.273940
0.835820 -0.081170
-0.753559 0.113217
-1.061796 0.409603
-9999 -9999
-1.191754 0.356489
-0.897381 0.194877
-9999 -9999
-0.921986 0.208755
1.140384 -0.036648
-9999 -9999
1.008206 -1.539831
1.036186 -0.353967
-0.500276 2.017744
-0.372179 2.847008
0.679106 -2.227797
-0.876325 3.042877
0.928352 -0.102541
0.263916 -2.698610
-0.992794 0.604770
-9999 -9999
-0.967143 2.971675
0.343003 -2.451472
-0.313938 2.462028
-0.246016 1.593059
0.772815 -2.649495
-1.199876 0.132149
-0.908671 0.047660
0.786659 -1.419529
1.230226 -0.320021
-0.151256 1.344349
-0.987509 0.544427
-9999 -9999
-9999 -9999
-9999 -9999
0.505410 -2.375246
-1.343229 0.156914
1.118631 0.002126
1.048079 -0.657544
-1.369770 1.060422
-9999 -9999
-1.073370 0.294873
-9999 -9999
-9999 -9999
-1.123531 -0.309034
-1.218740 0.006595
-0.893633 0.027052
-9999 -9999
-9999 -9999
-0.970570 -0.210608
0.905939 0.153584
-0.909920 0.108725
0.945380 0.089653
0.968443 0.058271
-9999 -9999
-9999 -9999
-9999 -9999
-9999 -9999
-9999 -9999
-0.814878 0.066672
0.573738 -2.201129
0.153062 -2.160061
1.078584 -0.779289
-0.557061 0.587248
0.810756 -0.562958
-0.612093 2.265207
-0.537996 0.765966
-9999 -9999
-9999 -9999
-0.825523 2.630664
-9999 -9999
1.318014 -0.396259
-9999 -9999
0.544084 -3.167014
1.079571 -0.534514
1.071328 -0.201443
-0.851304 0.994990
0.860321 0.017960
-0.074172 1.667045
0.919949 -0.450586
-0.954198 0.036722
-9999 -9999
-9999 -9999
-9999 -9999
-1.128926 0.391749
-9999 -9999
-9999 -9999
-9999 -9999
0.729372 -0.020232
-9999 -9999
1.638990 -0.447209
-9999 -9999
1.247080 -0.363542
-9999 -9999
-9999 -9999
-9999 -9999
-9999 -9999
-9999 -9999
-9999 -9999
-9999 -9999
-9999 -9999
-9999 -9999
-0.962542 0.341334
-9999 -9999
-9999 -9999
0.883165 -0.374832
1.090343 -0.561482
-1.418223 1.808591
-0.942071 0.138797
0.760214 -0.366356
-0.114733 3.225685
0.781070 -0.219613
-1.458992 2.407214
0.867950 -2.028170
0.438975 -2.712264
-0.999790 0.090207
1.007534 0.064203
0.763080 -0.600273
0.577928 -0.371822
0.165264 -3.385665
0.442368 -1.953137
-0.529874 3.140859
-1.010922 -0.025344
1.582868 -0.317528
-9999 -9999
-9999 -9999
-0.752985 -0.217576
-9999 -9999
1.068408 -0.018476
-9999 -9999
1.141010 -0.406128
-0.123623 2.373833
-1.328076 0.155692
-9999 -9999
-1.000926 0.766863
1.188067 -0.466335
-9999 -9999
-9999 -9999
-9999 -9999
-9999 -9999
-0.959440 0.076572
-9999 -9999
-9999 -9999
-1.246896 -0.085061
-9999 -9999
0.871441 -0.261713
-0.833709 0.026180
1.076112 -0.756566
-9999 -9999
-9999 -9999
-0.815607 0.313629
-1.559450 0.381463
-1.183519 0.152543
-1.202552 0.481878
-9999 -9999
-0.655187 -0.148717
1.220535 0.218811
-0.765520 1.786743
0.984763 -0.290652
-0.834222 2.090161
1.399842 0.126376
0.842828 -0.019090
-0.713569 2.619109
-9999 -9999
0.828125 0.235406
-0.932291 2.850938
0.424208 -2.017168
0.348665 -3.407652
-0.321637 1.709331
0.816351 -2.517121
1.425174 -0.734880
0.959658 -2.435427
1.169451 -0.839601
-9999 -9999
0.888880 -0.167713
-9999 -9999
-1.061602 0.362402
-1.000706 0.361147
-1.046938 0.606276
