-0.974014 0.015141
-1.014124 0.005452
0.952473 0.004798
0.970804 0.042720
0.929522 0.013591
-0.944342 0.019423
0.973701 -0.037458
-0.930588 0.038640
1.010317 -0.036299
-0.995247 0.020398
0.991856 -0.079492
-0.955572 0.006466
0.970079 -0.107882
-0.945433 0.041184
-0.971977 0.019935
-0.962535 0.035643
-0.908990 0.057739
-0.978951 0.040934
0.952084 -0.100984
0.882062 -0.065746
0.933135 -0.046814
0.959335 -0.016407
-0.907973 0.036509
0.963965 -0.175844
0.955723 0.058808
0.980125 0.025599
0.958461 -0.017863
-0.941803 -0.036295
0.975086 0.063330
-1.000822 -0.037384
-1.025474 -0.053925
-0.972528 0.010884
0.977492 0.051715
-1.007408 -0.011326
0.984321 0.022940
0.991139 0.020416
0.963620 0.013789
-0.968322 0.012294
0.999890 -0.001943
-0.987549 0.003291
0.986344 0.001656
-0.991153 -0.011165
-1.019950 0.001068
-0.947277 -0.003892
-0.918370 -0.010316
1.000514 -0.004804
-0.937505 0.007623
0.982228 0.015991
-1.019469 0.013555
1.002243 0.014722
-0.945504 -0.014764
-1.000514 -0.022835
0.953111 0.021041
-0.978180 -0.004634
0.920713 -0.029180
0.991230 -0.028304
0.989312 -0.037813
-0.972795 0.018879
0.984750 -0.072492
0.911126 0.019055
-0.913784 0.014071
-0.989440 -0.045533
-0.994119 0.007915
0.983634 -0.062029
-0.952956 0.050472
0.906833 -0.097656
0.917204 -0.049559
-0.911497 0.021955
-0.974383 -0.037002
0.891386 -0.028777
-0.965939 -0.012088
0.954933 -0.055552
1.034495 0.093208
-1.014013 -0.037534
-0.997032 -0.002892
0.907656 -0.019662
-0.988146 -0.024871
-0.963381 0.010109
-1.002201 -0.049997
-1.025934 0.018873
1.006429 0.046320
0.960608 -0.003070
-0.976471 -0.037896
1.011723 0.029770
-0.953643 -0.007533
-0.993712 -0.000097
0.939548 0.042931
1.034210 0.022600
-0.948919 -0.031642
-0.975286 -0.002219
-0.995144 -0.009164
0.979767 -0.051293
-0.968758 0.005346
0.973166 -0.020668
0.943727 -0.000138
0.994574 0.013374
-0.988367 0.015784
1.015127 0.024166
-0.942075 -0.020899
-0.998384 0.008180
-0.999784 -0.037860
0.942761 -0.007642
0.983166 0.021187
-0.973254 -0.000867
-1.030421 0.032845
-1.011262 0.013196
1.018706 -0.058237
-0.986534 -0.008534
-0.931046 0.025022
1.001361 -0.014006
1.020361 0.015700
0.990926 -0.021586
0.878705 -0.050686
-0.970843 0.008007
1.004940 -0.091681
0.911071 -0.013547
0.945793 -0.012559
0.926611 -0.008318
0.954893 -0.027493
-0.894237 0.125039
-0.975804 -0.035876
0.956812 -0.032676
-0.959241 -0.016075
0.994327 0.024368
-0.989039 -0.050349
0.983188 -0.012748
-1.029876 -0.018509
-0.986721 0.011326
0.998267 0.054258
0.982861 0.001417
0.980434 0.032727
0.953537 0.001955
-0.971558 -0.020469
1.006733 -0.020668
-1.000078 -0.036155
-0.975539 -0.038133
-0.961052 -0.012012
0.989212 -0.000323
-0.980606 0.028388
-0.978264 0.007289
-0.967449 -0.025171
1.000392 -0.015053
-0.953513 0.009025
-0.951700 -0.056195
0.984389 0.036684
-0.967534 -0.017403
-0.974492 -0.028067
0.997587 0.047275
-0.942662 -0.049847
-0.946249 0.010380
0.923295 0.007938
0.988700 0.001393
1.025319 0.005034
0.930234 0.055100
1.022928 0.018696
0.963276 0.073230
0.975644 0.012644
0.986638 0.021460
-0.978245 -0.066122
-0.983934 -0.039314
0.934056 -0.004855
-0.915527 0.036250
-0.940674 0.016853
-0.926367 0.021018
-0.945343 0.031373
0.944859 -0.045169
-0.904512 0.019116
-0.920296 0.103470
0.986473 0.051787
0.993031 0.063245
0.958758 0.008668
-0.952213 0.003495
-1.021700 -0.059575
1.013752 0.048236
0.966570 0.057293
0.962755 -0.028757
-1.003052 -0.062639
-0.957369 -0.021748
1.007163 0.051221
0.977218 0.006739
-0.973093 -0.035333
0.969670 -0.017884
-0.952947 -0.028037
1.020073 0.049479
0.961738 0.023084
-0.999989 -0.004825
0.999406 0.021567
0.950533 0.032611
1.000551 -0.000661
-1.017354 -0.018302
-0.930047 0.001991
1.036938 0.032646
0.924618 0.034929
0.969755 0.020876
0.947854 -0.005979
-0.997067 -0.015534
0.964269 0.005389
0.910932 0.009502
0.960311 -0.051775
0.963909 -0.080482
1.024979 -0.045464
1.009825 -0.033365
-1.041196 0.021562
-0.926369 0.000979
0.969103 -0.061034
-0.972737 0.016525
0.986228 0.026666
0.980630 -0.004996
0.943483 -0.075618
-0.943911 0.036299
0.956557 -0.036613
-0.905117 0.010110
-0.955286 -0.054808
0.886223 -0.045703
0.974698 -0.043845
0.979062 -0.060351
-1.043018 -0.040353
0.953633 -0.036032
-0.996101 -0.005997
-0.995141 -0.057137
-0.991242 -0.041141
0.978216 0.024361
-0.990099 -0.045412
0.992536 -0.027302
-1.003011 -0.040296
-0.934019 -0.009441
-0.990649 -0.059173
-0.969476 0.006222
0.966532 0.030744
-0.983241 0.025399
0.988400 0.012278
0.972072 0.027529
0.929139 0.018549
-0.985441 -0.008349
-0.984021 -0.022541
-0.958010 -0.017231
0.959241 -0.012803
1.009288 -0.001153
0.969819 0.025425
-0.950864 -0.043746
1.012073 -0.005166
-0.942431 -0.027310
-0.944518 -0.006053
0.973792 0.019975
0.923293 0.020932
0.954974 -0.007094
-0.973127 0.036390
-0.970562 0.058894
-0.985049 0.005318
-0.946583 0.057001
-1.037846 0.037595
0.920911 0.029022
0.958559 -0.063550
0.970419 -0.003844
1.018259 -0.000119
0.965944 -0.040824
-0.918039 0.062309
-0.977306 0.003429
-1.001748 0.120498
0.897887 -0.018083
0.985177 0.038240
-0.982101 0.021271
-0.864193 0.136799
-0.955432 0.106536
0.987708 0.072627
0.980609 0.062304
0.998479 0.067606
-0.953885 -0.024863
0.984839 0.088597
-1.015277 -0.006458
-0.975633 -0.014055
0.958770 -0.005855
-0.958493 -0.048423
0.975385 0.024333
1.004554 0.030327
-0.958835 -0.015460
-0.967539 -0.004533
0.958019 -0.020750
0.972807 0.027444
-0.962510 0.000560
0.964323 0.030488
-0.966273 -0.015484
1.004475 -0.007528
-0.955599 0.018070
0.968679 0.018527
-0.992428 0.005869
-0.951577 -0.012756
1.005921 0.007023
-1.014144 0.047634
0.979990 0.010097
0.964646 -0.017421
-1.006318 -0.024540
-0.966081 -0.015014
0.948688 -0.026268
0.982365 0.015050
-0.961694 0.046645
0.987657 -0.002460
0.975849 -0.006004
1.019119 -0.056326
-0.968208 0.000506
-0.949769 0.091256
0.936257 -0.011656
0.987155 0.012987
-0.941968 0.001144
-0.983114 0.036011
-0.963254 0.014464
-1.002632 0.035595
-0.884209 0.051507
0.922219 -0.034881
0.944178 -0.003228
-0.929563 0.045404
0.990320 -0.139740
-0.970911 -0.035747
-0.990094 -0.030542
-1.010416 -0.034554
-0.984976 -0.004373
0.989395 0.005584
-0.962395 0.005987
-0.999376 -0.023873
-0.984927 -0.001388
-0.996330 -0.070754
-0.950179 -0.014841
-1.004833 -0.033647
0.971909 0.013959
0.967831 0.024059
0.984511 -0.022114
-0.970333 -0.033969
-0.983770 -0.020135
0.970634 -0.020644
0.990214 -0.010115
-0.970315 0.029536
0.938243 -0.031138
-0.977060 -0.004265
1.008695 -0.023375
-0.927686 -0.014911
-1.002677 -0.026910
-1.000063 0.009103
0.973208 0.036586
-1.007430 0.000488
1.015093 0.006851
-0.982459 -0.013467
-0.943498 0.008512
-0.940836 0.022477
0.982849 -0.013292
-0.999881 0.062612
0.977677 -0.019685
0.992836 0.008645
-0.948074 0.014859
0.969825 -0.059891
-0.989145 -0.044666
-0.978008 -0.008794
-0.970319 0.019489
0.903516 -0.056681
0.943053 -0.020828
0.930436 -0.056356
0.910001 -0.017428
1.005060 -0.002811
-0.912314 -0.000990
-0.935096 0.036334
-0.930304 0.091852
1.007960 0.025689
-0.980709 0.027854
0.959149 0.009253
-0.982573 -0.004948
0.993644 0.038009
-0.975615 -0.003948
-0.986784 -0.042869
-0.976380 -0.007702
-0.951328 -0.031799
0.986648 0.005994
-1.008768 -0.043298
-0.950694 0.005959
-0.951927 -0.054031
0.988992 -0.006600
-0.936783 -0.004108
0.983606 -0.030484
-0.979417 0.016433
0.996539 0.020869
0.983898 -0.010207
-0.953866 0.016132
-0.948777 -0.041042
-0.977467 0.001175
-0.927512 -0.008908
0.996414 0.004343
-0.985491 0.050132
-0.960282 0.008649
0.934582 0.004943
0.948087 -0.005652
0.965070 0.010893
-0.935522 0.021722
0.980074 -0.002310
-0.998162 0.082638
0.994256 -0.062425
0.999930 -0.072428
1.008752 -0.039484
-0.947115 0.035362
0.923558 -0.086301
0.954195 0.000362
-1.009467 0.010981
0.961736 -0.025349
0.937648 -0.017376
0.883199 -0.011049
0.953423 -0.040335
-0.899634 0.031422
-0.973379 -0.002477
1.000794 -0.058648
-0.863236 0.081422
0.915030 -0.109158
-0.975466 -0.011991
0.983722 0.053475
1.011957 0.044580
0.965091 0.011665
-1.019107 -0.014452
-0.997276 -0.012279
1.010582 0.035503
-0.963433 0.039894
1.009947 0.081067
-0.955189 -0.019386
-0.988457 -0.022412
-0.987970 0.013956
0.952748 0.021964
-1.031171 0.027891
0.955807 0.020142
1.015943 -0.015267
-0.932703 0.008103
-0.972566 0.011471
-0.986173 0.034138
0.929104 -0.027420
0.990014 -0.025454
-0.983402 0.056351
0.918219 0.014714
0.965603 0.008828
1.028975 0.030403
0.986785 0.033213
-0.986464 -0.015183
0.966530 0.061306
-0.941969 -0.018348
-0.941019 -0.017731
-0.934007 -0.009467
-0.957196 0.020852
-1.005582 0.012414
0.985630 0.023081
0.978640 -0.036520
0.968926 0.007418
-0.954701 0.061235
-0.951420 0.003316
-1.023575 -0.074853
0.960317 0.005489
-0.923401 0.048319
-0.982166 0.038005
-0.976555 0.059224
0.931410 0.063930
0.952961 0.094067
0.988177 0.098909
-0.848101 0.053294
-0.904052 0.090688
-0.978922 -0.036758
-0.982079 0.020709
1.028054 -0.006157
0.967359 -0.019848
0.960088 0.006864
-0.961856 0.033832
-0.999762 -0.010800
1.010836 -0.032949
-0.978530 -0.054588
-0.983881 0.008281
0.965270 0.028729
-0.997587 0.011160
0.947553 0.020436
0.998981 -0.016112
0.982424 -0.006941
-1.027625 0.021885
0.967494 0.019145
0.985056 0.021540
-0.968784 0.006626
0.966006 -0.026389
-0.947676 -0.006611
-0.998957 -0.001609
0.974250 -0.015931
-0.974750 -0.008869
-0.991268 0.016445
-0.957582 0.009330
0.901636 0.021269
0.991443 -0.008035
-0.914845 0.008149
-0.953878 -0.030932
-0.925820 -0.006304
0.948146 -0.035137
-0.992471 0.048826
-0.962418 0.016916
-1.002400 -0.006309
-0.955181 -0.034845
0.978543 -0.077871
-0.960811 0.002160
-1.011075 0.033966
-0.977973 0.048627
-0.927664 0.058630
0.997523 -0.057886
0.911397 -0.040866
-0.906560 -0.036083
0.930814 -0.048557
0.962432 -0.053941
-0.899931 0.036153
0.915643 -0.118616
-0.990150 -0.084466
-0.933046 -0.000244
-1.002590 -0.042707
0.953615 -0.027128
1.004142 0.013822
0.970652 -0.021427
-1.029847 -0.040884
-0.949907 0.030696
-0.988174 -0.071358
-0.983454 -0.035233
0.994990 0.044292
-0.982981 -0.012759
0.955922 0.035538
-0.999717 0.012381
0.959099 0.016603
-1.012901 -0.043248
-0.982675 0.011788
0.975638 -0.011315
0.996333 -0.015498
0.943656 -0.019118
0.970857 -0.020802
-0.956494 0.000981
-0.953633 -0.028125
0.988592 -0.002133
0.993385 0.028087
0.980200 0.001990
-0.976914 0.028126
0.992663 0.021444
0.969088 0.015350
0.960482 -0.039742
0.957444 -0.038210
-0.960928 0.045356
1.040089 -0.079477
-1.010917 0.075761
1.024172 -0.102248
0.980015 -0.003893
-0.949137 0.089735
0.957813 -0.022190
-1.002551 0.021350
0.985694 -0.050082
-0.877118 0.052231
0.945130 -0.065970
0.908932 -0.061178
0.894561 -0.015479
0.954840 -0.051427
1.011453 -0.043263
0.964858 -0.039140
-0.918791 0.067368
-0.969756 -0.035245
1.019482 0.020871
1.002656 0.060021
0.983627 0.041835
-0.993348 -0.051261
1.019257 0.024420
1.017384 0.038241
0.982642 0.021415
1.012404 0.063725
-0.962604 0.015800
0.981739 0.028388
0.965947 0.001750
0.987568 0.032496
0.988705 -0.006846
-1.011058 -0.013628
0.959698 -0.040244
-0.947254 -0.020146
-1.001564 0.016459
0.972026 -0.024623
-0.983640 0.017581
-0.932803 -0.030584
-0.993939 -0.025235
-0.937983 -0.030731
1.021999 0.005790
-1.010191 0.039145
-0.984283 0.011896
-0.962821 0.009173
0.944159 0.014607
-0.943446 0.036876
0.951628 -0.032676
-0.940852 0.017230
-0.981226 0.080399
1.015287 -0.030376
0.989277 -0.016138
-1.006445 0.078617
-0.975443 0.018239
-0.949677 0.082594
0.944192 -0.007162
-0.995095 0.032215
-1.016165 0.040748
-0.958020 0.040381
0.900674 -0.095324
-0.939303 0.068661
0.927652 -0.034352
0.987684 0.040049
0.937514 0.015672
0.900326 -0.075799
1.063012 -0.049379
-0.973503 -0.024510
0.992995 -0.012822
0.962906 -0.013513
-0.945606 0.017293
0.968473 0.019239
0.961401 -0.026558
-0.986885 -0.007301
-1.005637 0.052341
0.969308 0.025919
0.988469 -0.021587
0.971449 0.009935
-0.968818 0.031131
-0.972520 -0.010042
-1.021105 0.003248
-0.994876 0.007762
-0.971638 0.041115
0.967557 -0.005847
1.010466 -0.030617
0.996532 -0.035354
0.969677 -0.054711
-0.972146 0.032521
-0.979960 0.035564
-0.935554 0.014394
1.005157 0.001689
-1.069267 0.001747
0.976343 -0.010990
0.929747 0.007894
0.969252 0.007114
-0.972727 0.038402
0.899887 -0.006180
-0.946752 0.060646
0.973167 -0.074308
-1.016168 0.020674
-1.031812 0.045247
0.968553 -0.031062
0.974740 0.019211
0.969014 -0.096885
-0.982797 0.035870
-0.990614 0.012545
0.938781 -0.058727
-0.873464 0.059888
0.921134 -0.125695
0.931059 -0.023345
-0.924826 0.030599
0.980911 -0.051035
0.946816 -0.014573
0.936748 -0.070561
-0.988712 0.069787
0.933558 0.063151
0.956162 0.029614
-0.965344 -0.007148
0.949788 0.047077
1.001467 0.067672
-0.982623 0.003962
0.994069 0.008176
-0.997448 0.004429
-0.975496 -0.025291
0.925367 -0.004514
-0.979377 -0.025721
0.952404 0.000538
0.914988 0.040907
1.005645 -0.003681
-0.983817 0.006518
-0.976300 0.011602
0.973053 0.022104
0.995641 0.006294
-0.979567 0.013840
-0.966923 -0.005734
-1.003014 -0.026056
-0.965042 0.009628
0.943205 -0.016195
-0.975337 -0.013415
0.989053 0.031403
-1.022603 0.017605
0.929105 0.014136
-0.982293 0.002958
0.967295 0.020150
-0.917934 0.010836
-0.957285 0.049112
0.970946 -0.078748
-0.956837 0.064608
1.006243 -0.035079
0.991557 -0.018089
0.961754 -0.014416
-0.926275 0.027586
0.935779 -0.040681
1.025645 -0.014053
0.963436 -0.013745
0.939942 -0.069973
-0.912940 0.086136
0.956064 -0.072411
0.895422 0.010629
0.927978 0.022014
0.988287 -0.075573
-0.908264 0.041060
-0.891284 0.118791
-1.004274 -0.067929
0.960425 0.010246
0.986610 0.051342
0.963279 0.003748
-0.977249 0.003291
0.973001 0.017429
-0.983935 -0.020191
-1.005911 -0.027307
-0.940134 -0.083837
0.987921 0.015923
-0.969035 -0.053596
-1.019540 -0.024424
0.963425 0.012217
-0.929879 0.014395
-0.977289 -0.048416
1.008355 0.011333
-0.943395 -0.029006
-1.028532 0.006409
1.007134 0.021013
-0.983341 0.038299
0.953621 0.032774
-0.967436 -0.007492
-0.946422 -0.002546
-0.961916 -0.044247
