1.227032 -0.641132
0.782578 0.585130
-0.870649 -0.401016
1.232305 -0.040679
-0.681179 -1.073118
-1.298723 0.046568
-0.679835 -1.037441
-1.200409 0.576608
0.404914 1.057005
-0.623128 -0.253607
0.657857 0.254078
1.222089 -0.058060
1.247614 -0.036424
0.566881 0.149061
0.200959 0.699356
-0.568838 -0.104438
-1.187484 -0.010821
0.133151 0.484318
1.222174 -0.101966
-1.220620 0.026401
-9999 -9999
-0.455244 -0.058997
2.226245 -0.122140
-9999 -9999
1.244749 0.014452
0.247399 -0.237007
3.606565 -1.139925
5.129207 -0.361803
-1.164114 0.011672
6.054615 1.397110
1.350070 0.029700
3.833040 1.930632
0.632001 -1.006317
2.718770 2.066397
-1.078089 -0.010771
1.638259 0.920468
-1.159102 0.001196
1.112484 0.038448
-1.942133 -1.541442
1.481656 0.827815
-1.534838 -0.743117
1.573748 1.252343
1.077336 -0.586514
1.200364 0.007893
1.272501 1.326720
1.126156 -0.048727
-1.202373 -1.428601
1.206169 -0.777829
-0.869578 -1.332634
-1.283142 0.697119
-1.335713 0.921684
-1.378787 0.704843
0.805838 0.339325
1.334673 -0.745493
-1.249106 0.077646
0.503446 0.978046
-1.203949 -0.071518
-0.673658 -0.218678
-1.226061 -0.075766
-0.621485 -0.199539
-0.497646 -0.359899
0.354717 0.653446
-1.572517 0.476282
-0.574087 -0.227938
-1.409153 0.406595
1.338959 -0.129974
-0.441906 -0.178877
-1.260526 0.246377
-1.163478 0.002160
-0.476190 0.021483
0.770401 -0.013598
-2.345863 0.174542
-2.873176 1.586704
0.109136 -0.274082
-3.797374 0.937761
-3.552142 0.696586
-1.224525 -0.107421
-1.225191 -0.149800
-3.210733 -0.577396
0.341644 -0.944003
-0.683006 1.004639
1.138720 0.068123
1.972482 1.144744
2.188717 2.028164
-2.182379 -1.850854
2.004711 1.955249
1.913971 1.572957
1.784687 1.574667
-1.492533 -0.725253
0.984270 -0.669148
-1.081061 0.607332
-1.159644 -0.021105
1.070049 0.596342
-1.146362 0.811461
-1.069491 1.018218
1.009747 1.369724
1.242815 -0.664183
-0.801109 -0.562989
1.196016 0.044691
-0.741123 -1.167390
0.666303 1.051111
0.638939 1.201663
-1.314117 0.129262
-1.201952 0.567589
1.213064 0.148381
-1.356227 0.698279
-1.549333 0.533183
-1.466397 0.590534
-1.233153 0.039471
-0.317068 -0.698572
-0.185126 -0.712231
1.491495 -0.436241
-0.154972 -0.573921
0.108945 0.574192
1.171211 0.044990
1.549425 -0.163917
-1.272060 -0.096732
-1.777823 0.272170
-1.346656 0.039800
-1.138859 -0.218189
4.569150 -1.251749
-0.076295 0.126915
-9999 -9999
-9999 -9999
-4.323806 0.469339
1.248411 0.032146
3.404192 0.632402
3.828300 2.113703
1.241412 0.086695
1.126057 0.064846
-1.197623 -0.035811
-2.247494 -2.040491
-0.800387 0.915047
1.541225 0.962707
-1.233042 -0.021667
1.266118 0.057303
-1.444183 -0.767276
-1.325937 -0.566937
-1.054175 0.539334
1.200602 0.030506
-1.068356 -0.602275
1.110570 -0.806373
1.192703 0.071560
0.997617 1.372230
0.895758 1.228587
-0.847641 -1.279244
-0.810142 -1.285814
0.790564 1.126983
-1.181936 0.793407
-1.303916 0.791057
-0.765133 -1.005278
-1.169745 0.593855
1.232516 0.050508
-1.208296 0.033109
0.344533 0.847466
-1.211744 0.073761
1.377534 -0.439731
1.208096 -0.031309
-0.251852 -0.658066
-1.231696 0.035554
0.240627 0.632175
1.711050 -0.783832
-0.326319 -0.160950
0.102342 0.425685
0.599121 0.280885
0.509774 -0.136282
0.944367 0.107422
-9999 -9999
2.750877 -1.735080
0.280882 -0.211184
3.578540 -1.116085
-5.012677 0.295489
-4.283007 0.865723
-4.107529 0.605771
1.230403 -0.001282
1.187634 0.011929
3.111627 2.041538
-2.736352 -1.910048
1.168474 -0.048671
1.260448 -0.062993
-0.673158 0.924969
2.066276 1.837329
-0.780200 0.753665
1.219261 0.025588
-1.655413 -1.386312
-1.331248 -0.531096
1.167837 0.549400
1.174682 -0.060736
1.349111 1.289740
1.224010 0.560409
-1.196867 -1.359763
-1.023290 -0.600474
1.218640 -0.025543
1.320936 -0.685905
1.199043 0.049485
-1.304286 0.046874
0.746887 0.305644
0.697391 1.157679
-0.647020 -0.973841
1.268240 0.062570
0.421917 0.967453
-0.571540 -0.151483
-0.289458 -0.959810
-1.456900 0.619820
0.377804 0.680250
-1.171136 0.021191
0.279843 0.714812
-1.456399 0.449519
-1.415387 0.391088
1.209859 -0.080783
-0.480075 -0.257157
-1.751301 0.390971
1.733703 0.408155
1.893360 -0.321194
1.361880 -0.263060
-1.356915 0.075714
-1.175553 -0.085221
-4.501026 0.716596
-3.559666 1.086492
-5.165190 0.200691
-1.254999 -0.019336
-1.227513 -0.047215
-3.278559 -0.515999
-3.962087 -1.962582
-1.296236 -0.065036
0.443502 -1.017346
2.644317 2.014531
-1.714637 -0.936498
2.120226 1.721940
1.959550 1.852287
-0.880961 0.776946
-0.857814 0.825528
-1.531268 -0.740152
-0.993843 0.669969
1.251113 -0.014019
1.077270 0.515137
-1.297472 0.063633
1.155823 0.532529
1.251943 1.418359
-0.977612 -0.532248
1.199899 -0.632522
-1.286956 -0.093063
0.816115 1.310088
-1.156786 0.019765
-0.674156 -1.073277
1.390496 -0.803281
-0.643940 -0.270673
-0.415670 -0.322660
-0.401516 -1.031837
-1.130561 0.068102
0.608352 0.308472
0.660553 0.222046
-0.283679 -0.722460
1.444814 -0.638971
0.511440 0.294973
1.213355 -0.051098
1.519846 -0.351750
1.232126 -0.105065
1.259045 0.061445
0.463711 0.148377
1.154464 0.073194
-0.028435 -0.319242
-0.032408 -0.245135
-2.251708 -0.236867
-1.103883 0.016812
-1.275980 -0.035741
-9999 -9999
1.194259 0.047993
-9999 -9999
-1.304556 -0.081836
0.392714 -1.080796
-0.318455 0.971080
0.580669 -1.062065
-1.127921 -0.069179
1.998707 1.129706
-1.703584 -0.885582
-0.697997 0.987205
-1.573988 -0.942644
1.611843 0.878173
1.265231 -0.033382
-1.040885 0.702063
-0.943530 0.667324
-1.096566 0.587032
-1.052942 -0.549278
1.069059 -0.707294
-1.192780 0.034474
-1.031665 -0.352969
-1.189590 0.072019
0.805637 0.649525
-0.743188 -0.522806
-0.849899 -0.398901
0.788035 1.191427
-1.288256 0.738071
1.223665 -0.043916
1.276893 -0.809975
-0.401179 -0.953100
-1.269701 -0.069738
0.590404 0.259979
-1.554256 0.581860
-0.365637 -0.826501
-0.468113 -0.354347
0.501551 0.139017
1.566305 -0.435670
1.264358 -0.036688
1.536920 -0.402364
1.181452 -0.178009
0.457387 0.182938
-0.478610 -0.065834
1.155660 0.159434
0.110461 0.216935
2.177026 -0.077843
-0.805681 -0.105232
4.647815 -1.101646
0.260217 -0.223096
0.997030 0.123000
3.520674 -0.774902
-5.736749 -0.727556
5.922918 1.699882
0.550173 -0.989965
-2.901967 -1.096066
1.231540 0.105045
-0.419720 0.996280
-0.541754 0.825280
-0.778627 1.074823
1.671581 0.937867
-1.145899 -0.012337
1.523395 0.941186
-1.727811 -1.638407
-1.007861 0.658667
-1.052729 0.646114
-1.151166 -0.703571
1.015760 0.586884
1.091365 0.657597
-1.277900 -1.385058
1.205668 0.031427
-1.204449 0.780169
-0.982587 -1.247504
0.861298 1.267789
-0.851936 -1.232160
-1.342247 0.740910
0.736839 0.322198
0.746625 0.460468
-0.649565 -1.019075
-1.151603 0.577124
1.293443 -0.671803
0.436304 0.853472
-1.239189 -0.126782
0.345602 0.764709
0.458718 0.375459
-0.503445 -0.149694
0.550996 0.196930
0.476629 0.234652
-0.419591 -0.205933
0.718182 0.127968
-0.191328 -0.433348
0.484506 0.181905
1.749543 0.529823
-1.782148 0.198032
-9999 -9999
-9999 -9999
-1.315194 -0.055401
5.709814 -0.836019
1.074237 0.008835
-9999 -9999
4.245843 -1.026844
-6.157366 -1.044047
-4.277760 -1.289167
-1.216147 -0.015647
-0.532404 1.017192
2.102199 0.861006
1.158778 -0.051064
1.185159 -0.037674
0.690146 -0.981974
0.731066 -0.993357
-1.604524 -0.771014
0.899775 -0.943363
-1.186371 0.042276
0.939114 -0.706435
1.358032 1.185805
-1.293328 -1.252041
-1.044677 0.785917
-1.194340 0.089675
1.037470 -1.107902
-1.008220 -0.517811
-1.219215 0.006384
-0.762754 -1.266029
1.333760 -0.865400
1.330327 -0.789348
-0.663934 -1.064892
-0.526443 -1.105100
1.225160 -0.052259
0.361375 0.396872
1.339045 -0.645449
-0.580944 -0.221860
-1.582762 0.589893
-1.461820 0.674746
1.401246 -0.359490
-1.455134 0.544931
0.185159 0.727053
1.496725 -0.513783
1.203469 0.179545
0.028738 0.632916
-1.571344 0.198877
-0.469148 -0.155080
1.200021 0.109541
1.834650 -0.220296
0.922035 0.310808
1.327461 -0.048082
4.364705 -1.716666
0.015445 -0.265373
-3.606757 1.249974
1.159100 0.000155
5.851340 0.065085
-6.182930 -1.213986
1.261451 -0.109575
-2.993317 -0.697109
2.564343 0.925836
-2.863192 -1.937761
-1.113126 0.093367
0.571384 -1.106495
1.184099 -0.065380
-1.617775 -0.850397
-0.780875 0.724695
1.234929 -0.088250
-1.155600 0.011586
-1.189836 0.010841
1.181569 0.645700
0.952894 -0.757244
-1.192281 0.020888
1.088821 -0.887443
1.056170 -0.973324
0.980775 1.412471
-0.840315 -0.608879
1.226360 -0.008761
1.214382 -0.013022
-1.345585 0.764942
1.210277 -0.050885
1.297098 -0.087230
0.714113 0.992241
-0.400942 -0.256179
1.210293 0.107897
0.471367 0.867018
-0.644999 -0.307743
-1.143659 0.105989
1.427538 -0.376640
1.099726 -0.062127
-1.304877 -0.029974
1.514333 -0.466530
0.434034 0.156488
-1.800691 0.780719
-0.372453 -0.148557
1.302104 -0.005892
0.572642 0.393656
-0.391206 0.015003
2.151690 -0.191652
-9999 -9999
2.748272 -1.801622
4.492600 -0.801363
-9999 -9999
-9999 -9999
-4.264141 1.037727
-9999 -9999
0.329926 -0.958095
4.009163 1.739333
-2.560336 -0.929309
-1.179087 0.030246
-0.486754 0.957262
0.534531 -1.082574
2.274510 1.679926
1.640608 0.862463
2.006420 1.448949
-1.238210 0.042205
-1.526644 -0.632225
1.327312 0.526131
1.242930 -0.005389
-1.340491 -1.260044
1.215834 -0.049587
1.014079 -0.922596
-0.985839 1.087042
1.208002 -0.042863
-0.910880 -1.291001
-1.246112 -0.071063
-1.252153 0.030327
1.365337 -0.704367
-0.664759 -1.119801
-1.290273 0.046187
-1.307254 0.068856
-0.424554 -0.989019
0.517032 0.234695
1.314543 -0.697228
0.362515 0.928829
-0.335652 -0.848050
-1.303386 0.370150
1.108687 -0.029298
0.543478 0.217061
0.501546 0.186926
-1.573446 0.340707
1.396033 -0.032404
1.522444 -0.095860
0.565320 0.050693
-0.025315 -0.181099
-1.284324 -0.210376
-9999 -9999
-2.197521 0.092435
-4.472846 1.575005
-0.163696 0.325930
3.479573 -1.245492
3.386472 -1.082325
4.397197 -0.903404
-6.038199 -1.191581
0.310668 -0.997537
-3.846553 -1.763197
-3.264155 -2.010534
-0.497358 0.924234
1.967175 1.046236
0.632082 -1.069015
-1.722556 -0.742228
0.726664 -1.035980
1.635420 0.824798
-1.845018 -1.503138
-0.980213 0.708560
-1.013683 0.671093
1.191171 0.600427
1.069886 0.506151
-1.054728 0.749304
1.181065 0.604756
-1.205597 0.022607
1.036824 1.315122
1.180214 -0.034628
-0.757020 -0.613094
-1.307790 0.812299
-0.677512 -1.148000
-1.142393 -0.043000
-1.486630 0.675566
0.643741 1.071381
1.156805 -0.520392
0.387397 1.045758
0.333308 0.957165
0.277896 0.961876
-0.607620 -0.236676
-0.360491 -0.738105
-1.145582 -0.016818
1.194067 0.067821
0.157470 0.608625
-1.548243 0.203149
1.826544 -0.658722
-1.529048 0.123000
-0.404601 -0.124658
-0.515224 -0.444921
-9999 -9999
-0.834059 -0.278104
1.905806 0.206976
2.732879 -1.706528
0.171359 -0.264697
-1.239729 -0.170697
-1.285598 0.007961
4.284752 -0.702281
-1.307717 -0.008929
1.298194 -0.057300
-2.976466 -0.996874
-2.546571 -1.143281
2.716187 2.095654
-2.606550 -2.042566
-0.672925 1.047914
2.140994 1.825975
-1.151496 0.034072
-1.541889 -0.919123
-1.245196 -0.053988
1.495547 0.796312
1.297077 0.603865
1.242107 0.065009
-1.002386 0.684301
-1.207113 -1.355041
1.192609 -0.764621
1.056195 0.470981
0.910342 1.370983
0.833859 1.304590
-0.769719 -1.263368
1.353995 -0.848375
0.728417 1.213106
-1.185265 0.014535
-0.763513 -0.541646
-1.246182 0.037633
0.338783 1.042287
1.395209 -0.637898
1.439306 -0.704637
-0.317896 -0.959427
-1.548681 0.646502
1.471455 -0.283446
1.254792 0.090140
1.269835 0.110560
0.532361 0.202210
-0.160139 -0.496701
0.725614 -0.002535
-0.215859 -0.417185
0.565225 0.187282
-1.703752 -0.446258
1.830733 -0.208412
1.296274 -0.011745
0.706485 0.217771
-1.228227 0.026294
-5.691748 0.498422
-1.199461 -0.004803
-9999 -9999
-9999 -9999
-3.998826 0.597090
4.210609 1.428718
-1.239062 0.002193
-2.512427 -1.059632
2.002642 0.997485
-1.991168 -1.091990
-2.291559 -1.961905
1.132423 -0.010539
0.799284 -1.024352
1.209443 -0.029059
1.502852 0.658299
-1.658653 -1.446968
1.299625 0.531291
1.187544 0.642925
-1.244474 -1.298947
-1.060466 0.700880
-1.203969 -1.373728
-1.081186 -0.424358
-1.212088 0.746847
-0.845952 -1.252330
-1.282715 0.639142
1.329598 -0.925335
1.299004 -0.765983
-1.285858 0.751627
0.657585 1.148054
1.246546 -0.882500
-1.184929 0.606104
0.520274 0.267536
-0.598412 -0.243620
0.586179 0.303626
-1.565503 0.616282
-1.238242 0.035415
-1.375299 0.496857
-1.285000 0.023073
-1.218678 0.012566
0.525551 0.217358
0.139202 0.516693
1.295450 0.019206
0.539835 0.138747
-0.040653 -0.234261
-1.260820 -0.182418
-9999 -9999
-0.604179 -0.190696
1.171896 -0.045883
-0.138910 0.183304
3.556965 -1.152261
-9999 -9999
-9999 -9999
-9999 -9999
1.276289 -0.001596
0.262844 -1.037912
-0.613944 1.057133
-1.106369 -0.010024
2.655254 1.988422
2.381735 1.894133
1.118936 -0.037651
-1.643792 -0.854344
-1.967235 -1.462164
1.280524 -0.003878
-1.513710 -0.690258
-0.950880 0.676537
-1.230719 -0.658787
1.000806 -0.766260
1.242141 1.304220
1.201522 0.559238
1.018090 0.314480
1.182702 -0.776661
-1.217658 0.031038
-0.779437 -1.314796
-1.141381 -0.007877
0.866461 0.424678
-1.247294 0.046890
0.738346 0.447174
1.321333 -0.098329
1.266069 0.090928
-0.540097 -0.240386
1.185820 0.000549
-0.678989 -0.287746
1.483754 -0.722327
-0.226957 -0.662324
0.497949 0.164197
1.528071 -0.435348
1.506915 -0.406512
1.162639 0.009726
0.177923 0.615189
1.528834 -0.215837
-0.429649 -0.096051
-0.013155 -0.165711
-0.581440 -0.153658
-1.307178 0.069660
-9999 -9999
1.084953 0.021185
0.103716 -0.244263
1.064707 0.055048
-9999 -9999
-5.727475 -0.274577
-1.307591 -0.011703
-1.220682 0.007271
3.848363 1.869979
0.515489 -1.108399
-2.765000 -1.955407
-1.162497 0.017682
1.711764 0.853066
1.231105 0.027283
-0.764681 1.021159
-1.569782 -0.829489
0.924873 -0.873993
-1.656251 -1.468014
1.052372 -0.661480
-1.100246 0.572520
-1.189795 -0.005624
1.249643 1.313541
-1.062775 0.868637
1.089649 -1.014281
-1.060400 -0.612391
