-0.314466 0.613265
1.125063 0.040833
-1.076785 0.158625
1.015446 -0.114542
-0.964557 0.140079
-0.248214 0.418184
-1.028267 0.114281
0.146113 -0.223011
0.161212 -0.201384
-1.111367 0.039641
0.907774 -0.019772
0.991958 -0.048754
0.954705 -0.082144
-0.139866 0.103634
0.127034 -0.105379
-0.102491 -0.056137
-0.037212 -0.090559
-0.201717 -0.091795
0.129760 0.155981
-0.190853 -0.182839
-9999 -9999
-1.006585 0.041338
-0.146732 -0.332222
0.147117 0.462562
1.945799 0.103846
0.978971 0.414167
-1.042855 -0.334402
-1.465268 -0.613873
1.984872 -0.718113
2.045476 -0.520818
-1.846265 0.694848
1.973940 -1.074472
-1.217495 -0.290008
-1.419679 1.337537
-1.073294 0.111304
1.060917 -1.314941
1.027648 -0.023338
1.109219 -0.924474
-0.938977 1.057879
0.860865 -1.131925
-1.148737 0.097036
-0.528275 0.932591
-1.032451 0.087585
-0.529950 0.616225
-1.123407 0.060354
-1.006048 0.006372
0.918916 -0.044861
-0.388919 0.608392
1.121009 -0.078465
0.332635 -0.452151
-0.346568 0.643522
-0.234980 0.473154
-0.274400 0.393950
1.037912 -0.181399
1.017468 -0.118277
0.185980 -0.151736
0.999053 0.073692
-0.129729 0.205598
-0.116702 0.106005
0.910597 -0.048030
0.951030 -0.018270
-0.926048 0.221033
0.952608 -0.136110
-0.903764 0.179201
0.089859 0.121416
0.946355 0.079445
-0.917517 0.255518
0.960418 -0.120532
0.059744 0.374210
-0.055048 -0.308264
0.197074 0.360508
-0.948483 0.291724
-2.035124 -0.354737
2.707197 0.613722
1.000805 0.407965
3.436424 -0.313089
0.975826 0.272609
-2.024315 0.798353
-1.144468 -0.398905
1.160787 0.432152
1.001851 -0.008678
1.612546 -1.013380
1.211495 0.113183
0.994001 -0.038280
1.319922 0.109051
1.128531 -0.992267
-1.042387 0.051912
-1.020390 0.033857
1.250552 -0.048085
-0.514732 0.914374
-0.606197 0.907524
-0.513375 0.721705
-0.466279 0.779984
-1.134832 0.007895
1.034515 -0.043062
-1.128754 0.224957
0.514409 -0.539043
-1.124669 0.027360
0.278762 -0.540374
1.018529 -0.116553
-1.012298 0.152395
-0.242772 0.265583
0.308804 -0.335004
-0.970287 -0.007893
-0.141336 0.183322
0.999036 0.095916
-0.129084 0.073945
-0.934739 0.011185
-0.951644 -0.000730
-0.955234 0.051758
-0.949760 0.208084
-1.019054 0.068765
-0.132206 -0.174618
-0.168031 -0.164688
-1.026035 0.035016
0.134562 0.208203
-0.949808 -0.022746
-0.110704 -0.388273
-0.108652 -0.255561
-0.125808 -0.430558
-2.092398 0.077737
-1.042422 -0.403948
-0.941411 -0.279161
3.028319 -0.806029
-1.997060 0.504624
-1.244558 -0.157789
-1.156781 -0.341116
-1.232673 -0.135329
-1.666710 1.171242
1.057415 0.059192
1.165932 0.197305
1.048868 -1.138281
1.149588 -1.419494
-0.922934 0.971098
0.956956 -1.216571
-0.888772 0.991124
-1.116730 0.041818
0.902834 -0.009232
-1.144342 0.187499
-0.628774 0.726756
0.480563 -0.732094
0.952425 0.033027
0.499244 -0.671208
0.253531 -0.625455
1.107018 -0.105465
-0.274277 0.567302
-0.251354 0.428974
-0.932587 0.090890
-0.293742 0.366201
-0.957584 0.073646
-0.945168 0.074256
-0.165217 0.209361
-0.134189 0.175011
0.996635 -0.023803
0.135077 -0.084865
-0.951539 0.053004
-0.142435 0.033918
-0.154691 0.095150
1.039986 -0.047705
-0.074370 -0.015244
-0.929559 0.041767
0.044842 0.114126
-0.184118 -0.156081
-0.937457 0.062111
0.965884 0.002463
0.098903 0.239398
-0.075810 -0.258497
0.191179 0.488859
-1.922468 -0.120884
2.634762 0.636418
1.027442 0.279373
-1.300816 -0.708593
0.821458 0.017139
2.086699 -0.710227
-1.775891 0.567698
-2.020752 1.109383
-1.833459 1.269737
1.021733 0.006180
-1.240835 -0.147207
-0.959021 0.011535
1.252418 0.068019
-0.958919 1.050055
0.787715 -1.112360
1.110908 -1.147889
0.799174 -1.107166
0.528630 -0.900063
0.450938 -0.820802
-1.059997 0.031297
0.962432 -0.024976
-1.260701 0.002819
0.467773 -0.737816
-0.520082 0.661038
-0.315505 0.516080
-0.161046 0.479686
-1.106545 0.161796
0.272940 -0.463911
0.211275 -0.305856
1.092502 -0.206797
-0.214683 0.312009
-0.995842 -0.005520
-0.162571 0.203742
1.038186 -0.087240
-0.897413 0.027794
-0.963909 0.089452
-0.098182 0.053660
-0.944771 0.212263
-0.926790 0.130188
-0.128818 -0.024309
-0.146037 -0.040368
0.149919 0.161463
0.993969 -0.151922
0.961136 -0.094451
-9999 -9999
-0.097065 -0.227487
-0.155296 -0.286767
-0.076375 -0.489981
-0.984428 0.112990
0.984159 0.074820
-0.960515 -0.041721
1.283119 0.455507
-1.943999 0.392111
0.890297 0.074164
1.867810 -0.794518
1.759888 -1.494617
-1.000374 0.086884
-0.956963 0.024303
-1.494655 1.348709
-1.284966 1.123871
1.094605 -0.013027
-0.880942 1.121484
-1.032073 1.129717
-1.187276 1.032796
-1.177292 0.035129
-0.702039 1.010397
1.074387 -0.193358
-0.494199 0.676530
-1.092254 0.117261
1.273207 0.054532
0.424726 -0.714558
0.250246 -0.593232
-0.447185 0.605046
1.044156 -0.002614
0.999046 -0.068672
-0.371234 0.544666
0.221864 -0.327194
-0.270547 0.305174
-0.225884 0.211682
-0.894074 -0.041191
-0.999330 -0.060627
-0.934360 0.002539
0.147072 -0.082192
0.189633 -0.106532
-0.115083 0.099359
0.120652 -0.075538
-0.144224 0.116334
0.126326 0.071962
0.987205 0.005276
-0.122914 -0.095958
0.968868 -0.010159
0.916608 0.016465
0.958547 0.050696
-0.061071 -0.262075
-0.168733 -0.176688
-1.071068 0.177186
-0.859245 0.050924
-0.979672 -0.655658
1.128260 -0.107990
-1.263668 -0.018298
0.867671 0.077366
-2.059669 0.731069
-1.169713 -0.327747
1.171700 0.141491
1.099789 -0.127781
-1.672648 0.796727
-1.026526 -0.035269
-1.064835 1.187801
1.168573 0.078262
1.129471 0.070665
1.015402 -1.232804
-0.755158 1.126105
-1.195868 0.090475
-1.082627 0.164831
0.364208 -0.814693
0.973691 0.062932
1.123363 0.038288
0.957112 -0.056504
0.998550 0.018062
-0.615202 0.706081
-0.385604 0.569763
-1.052433 0.037300
1.172177 -0.105936
-0.253352 0.502234
-0.929974 0.076138
1.004726 -0.091142
-0.149286 0.322869
-0.261601 0.202293
0.266919 -0.255536
-0.263561 0.218503
0.892767 -0.012547
0.203856 -0.124182
0.929377 -0.040723
0.129980 -0.109058
-0.196655 0.127283
-0.165957 -0.060547
0.168532 0.126981
-0.206751 -0.099916
-0.144400 -0.180435
-0.940971 0.103093
1.041736 -0.020238
-1.077624 0.160065
-0.925263 0.119550
-0.147028 -0.384130
0.846537 -0.080472
0.964859 0.070485
-2.331151 0.334568
-3.316570 0.231215
-2.094970 0.327547
2.069486 -0.776274
1.088404 0.301769
-1.855006 1.415397
0.985585 -0.004157
1.440905 -1.430410
1.705872 -1.134563
1.217103 -0.041892
1.252190 0.186802
0.949326 0.040888
-1.007419 1.167133
1.071081 0.028016
-1.048613 1.109322
-0.963444 -0.011994
0.542910 -0.952084
-1.001739 -0.068259
-0.430270 0.759138
-1.015095 -0.027296
0.916063 0.060923
-1.119067 0.117084
-0.931291 0.085244
-0.153853 0.493267
-0.986087 0.000561
-0.964310 0.117030
-0.921491 0.105201
-1.004661 0.071786
-0.221621 0.296285
-0.204472 0.261378
0.215284 -0.230807
0.197813 -0.137645
-0.110006 0.049911
0.903574 0.003831
-0.138464 0.072010
0.134777 -0.076368
-0.963621 0.088014
0.103217 0.007052
-1.001927 0.097104
-0.912389 -0.058676
1.074316 -0.037482
0.085137 0.218499
-9999 -9999
1.055403 -0.089594
0.113091 0.328330
0.068466 0.523232
1.996463 0.235170
-0.950436 -0.480741
2.344326 -0.385217
-1.278359 -0.719047
-0.883873 -0.164839
2.205237 -0.555023
-0.992405 -0.141461
-2.114974 1.098478
1.090933 0.157434
-1.073944 -0.019922
1.719216 -1.051838
1.092727 0.099154
-1.054811 -0.010999
1.110813 0.054557
0.998924 -0.030384
0.838216 -0.944213
-1.064073 0.094862
-0.975079 -0.043523
0.524987 -0.919104
0.894186 0.017425
0.430628 -0.753787
1.234327 0.008572
0.389355 -0.705844
0.947813 -0.085448
-0.929746 0.058281
-0.894730 -0.052388
0.302637 -0.540181
0.335288 -0.493189
0.997826 -0.070044
-0.149146 0.325604
-0.203328 0.275371
0.926410 0.028276
-0.179682 0.216935
-1.061112 0.010824
0.977769 -0.032683
-0.167699 0.091806
0.178431 -0.061567
-0.127786 0.056657
-0.978642 0.041048
-0.072586 -0.072184
0.064469 0.051926
-0.960608 -0.079646
1.037993 -0.109085
0.214869 0.220304
-0.039505 -0.223960
-0.927612 0.064439
0.901735 -0.014389
-1.022162 0.107433
1.958158 0.191280
1.022297 0.379504
1.011222 0.394428
1.067040 0.017703
-0.845103 -0.003270
-0.951869 -0.060231
-0.939763 -0.023150
-1.823386 1.363564
-1.153701 0.001732
-1.239103 -0.093400
-1.071495 -0.118676
1.291799 -1.001967
1.044615 -0.051205
1.154173 -0.949671
-0.957516 1.189572
-0.903660 1.028656
1.191935 -0.101742
-1.206044 0.049178
0.561933 -0.887270
-0.489528 0.760044
-0.385244 0.835978
1.139609 -0.018378
1.018732 -0.086298
-0.509773 0.630451
1.175190 -0.048871
-1.063485 -0.036454
-1.140988 0.147495
-0.275506 0.427162
0.313393 -0.308562
-0.198387 0.281158
-0.171803 0.299378
-0.945236 -0.047094
-0.201744 0.227198
1.064301 -0.010292
0.880195 0.013537
0.920596 -0.019570
-0.971198 0.026192
-0.936010 0.063919
0.186602 -0.007944
0.960916 -0.038069
-0.969197 0.166610
0.956775 0.036056
1.043203 0.023747
0.105488 0.135561
0.913603 -0.057815
-0.914973 0.143447
0.956292 -0.065603
-0.192932 -0.428454
2.158204 0.097403
2.632410 0.699589
2.369567 -0.110088
-1.252647 -0.649180
2.011737 -0.292803
0.884215 -0.084053
1.997465 -0.484613
-1.945222 1.240442
-1.633963 1.373970
1.534054 -1.035596
1.618458 -1.227068
-1.195220 -0.163086
1.180571 0.115067
-0.944610 -0.130770
-0.990154 -0.046263
0.934131 0.154646
1.074825 -0.009798
-1.170241 0.046547
-0.984170 0.043476
-0.997897 -0.086806
-0.963800 0.030936
0.495878 -0.618083
0.391050 -0.652139
0.979362 -0.218072
1.153908 -0.167678
-1.076745 0.076883
0.355300 -0.564466
-0.299816 0.510513
-0.270719 0.335512
0.261391 -0.428056
-0.221010 0.320757
0.924127 0.018568
0.988781 0.083727
-0.197865 0.180781
0.896086 -0.008880
-0.954516 0.054875
-0.153603 0.114662
-0.933377 0.107675
0.181872 0.018406
0.157327 0.014614
-0.140306 -0.073083
0.167312 0.156213
-0.988380 0.022102
0.100911 0.127653
-0.893314 -0.009156
0.096564 0.272468
-0.172227 -0.211645
0.167234 0.389459
0.879242 -0.049722
2.527286 -0.042661
-0.949830 0.024086
3.114191 -0.814513
-0.899495 0.033218
-1.111576 -0.197272
1.217623 0.359333
2.032455 -1.012755
1.768856 -1.299609
1.090808 0.023738
-1.212826 -0.118093
-1.310388 1.116900
-1.288115 -0.055868
-1.228524 0.958902
0.777720 -1.087218
-1.096062 0.041725
-1.153734 0.060869
0.492240 -0.919238
-0.923045 0.114569
-0.628576 0.713864
0.375869 -0.755986
1.008777 -0.067514
0.350340 -0.699666
-1.068711 0.200648
0.494006 -0.532171
-0.993442 -0.062278
1.092324 -0.151875
-0.971161 0.039019
0.181108 -0.365060
0.940907 -0.016775
-1.030631 0.192062
0.288961 -0.215315
-0.942921 -0.064474
0.241045 -0.129322
-0.892136 -0.071572
-0.208472 0.069853
-0.187597 0.015734
0.998319 0.023365
0.974883 0.019017
-0.942376 0.018719
0.176208 0.052006
-1.004406 -0.129780
0.163240 0.106010
-0.953154 0.040672
0.933362 0.097042
-1.034516 0.093678
-0.039691 -0.290944
1.137612 0.078409
1.961950 -0.203273
-2.707591 -0.266846
0.993619 0.323003
-3.098664 0.932885
-1.027715 -0.194512
1.115452 0.193945
0.842348 0.146407
-1.296620 -0.142983
1.703843 -1.268284
1.252735 0.306148
1.296819 -0.034469
-1.293324 -0.001357
-1.244721 1.477364
-0.945550 1.064900
0.731025 -1.162575
-0.961246 0.063668
1.006289 -1.075050
-0.627045 1.091001
-0.568454 0.913178
-0.512769 0.744011
-0.946358 0.116841
-0.435115 0.680235
-0.395347 0.660554
0.299225 -0.532502
-1.006694 0.138359
0.431983 -0.553855
1.063783 -0.037909
-0.336352 0.538943
0.320544 -0.403091
0.246700 -0.316604
0.204785 -0.347308
0.898554 0.010758
0.945402 0.066342
-0.965935 -0.042211
0.153841 -0.117441
-0.949556 0.023404
0.857981 0.063487
0.938977 -0.061268
-0.939813 0.018068
1.026802 -0.049765
-0.967346 0.009699
-0.122452 -0.190078
0.951794 -0.031569
-0.164381 -0.182854
-0.978052 -0.051895
-9999 -9999
0.117715 0.348495
0.048365 0.551767
-0.761310 0.079061
2.684623 -0.273674
-1.082330 -0.196273
1.156465 -0.134864
1.956322 -0.447630
-2.091788 0.648023
-1.827238 0.821607
2.034230 -1.198392
1.461608 -1.607913
-1.369010 1.388203
-1.455561 1.371870
-1.048536 1.369803
1.131607 -0.022503
1.162791 0.150950
0.790850 -1.096552
-1.043160 1.177628
1.033113 -0.200288
0.655244 -1.040524
1.037395 -0.106203
-0.432773 0.746491
0.923653 -0.059246
-0.970794 0.011580
1.055435 -0.089559
-0.414488 0.664210
-0.289632 0.528086
0.398903 -0.509423
-0.317577 0.507726
0.256402 -0.484315
-0.999260 0.131651
1.034864 -0.090552
0.262255 -0.247733
-0.168872 0.242742
-0.943487 -0.056262
-0.208732 0.236717
-0.119827 0.124165
1.001681 -0.085282
0.194741 -0.095180
-0.118027 0.004829
-0.215480 -0.009559
0.104718 0.029755
0.988661 -0.114977
-0.967784 0.092529
-0.963140 0.171456
-0.882976 0.123870
-9999 -9999
0.048885 0.355240
0.885824 -0.104282
-0.108162 -0.456300
0.747593 0.160279
-1.004623 -0.018206
0.941724 -0.044147
1.325440 0.497258
-1.939493 0.439938
-2.124789 0.863958
1.914740 -0.829417
-1.198116 -0.319654
-1.046512 0.100960
1.010333 -0.043712
-1.792349 1.099540
0.871531 -0.028935
-1.327760 -0.142995
-1.095696 -0.143166
1.264056 -0.061237
-0.900070 0.130217
-0.943398 1.085284
-0.588051 0.907271
-1.112970 0.157772
-0.933472 -0.021574
-0.246409 0.808933
1.077346 0.007744
-0.467871 0.588766
0.914066 -0.106847
-0.336397 0.501444
0.370053 -0.538194
-1.066547 0.099010
0.264192 -0.446075
-0.225358 0.403089
-0.968501 0.091653
-0.206825 0.191806
-0.912151 0.024900
0.186226 -0.098278
-0.981928 0.071774
0.975432 -0.064474
0.963941 -0.067959
0.159600 -0.098486
-0.899391 0.178441
0.931600 -0.012286
-0.940315 0.074052
-0.061089 -0.054011
0.953584 -0.050299
-0.986056 0.131190
-0.943480 0.170955
-0.882905 0.096179
0.083439 0.465694
-0.939326 0.166527
-0.166227 -0.443692
-0.910521 -0.029428
0.962922 0.071737
-2.290181 0.122999
1.164327 0.204538
0.878341 0.421222
0.955170 0.216424
0.907092 0.100697
1.207343 0.437234
1.596442 -1.415224
1.021263 -0.037783
1.294469 0.243194
-1.081740 -0.073482
-1.356783 -0.242080
-0.966838 0.890480
0.836053 -1.083903
-1.145008 0.967929
-1.190603 0.089023
0.943155 0.143958
0.544329 -0.814822
0.909324 0.073335
-0.416637 0.724309
0.561742 -0.637553
0.385525 -0.620874
0.314223 -0.552189
