0.878823 -0.518982
0.498776 0.392018
-0.636801 -0.001133
-0.941695 -0.130150
-1.070418 0.233537
0.798796 -0.398131
0.696215 -0.077431
-0.857886 -0.051701
-1.077217 0.122064
0.825983 -0.424361
-1.057500 0.057018
-0.830023 0.214717
-0.802017 -0.135728
0.891539 -0.026981
1.257481 -0.156106
0.957343 -0.198265
-0.757755 0.281454
0.742538 0.099950
-0.938956 0.082886
0.673106 -0.055371
0.843179 0.210240
0.977326 -0.415887
1.223873 -0.022752
-0.390865 0.701117
-0.676203 -0.602664
-0.698717 -0.457799
0.919982 0.359793
0.768619 0.327037
-0.933877 -0.403090
1.133101 -0.209996
0.792198 0.280596
-0.676327 -0.042506
-0.965758 -0.291532
-0.862190 0.023270
0.633245 -0.015822
0.854696 0.181892
0.784828 0.264532
0.667883 -0.036142
1.133575 -0.157486
-0.604208 -0.131590
-0.762050 -0.038230
-0.875798 -0.199681
0.662172 0.268747
0.566550 0.384603
-0.747532 -0.226124
-0.860327 -0.160253
-0.926866 -0.183791
0.640001 -0.096009
0.821137 -0.560698
0.595954 0.192505
0.746222 -0.130214
0.880370 0.009963
1.053693 0.095619
-0.644136 0.161546
-0.899805 0.059059
0.978872 0.078266
1.023967 -0.039870
-0.842772 0.120229
-0.916038 -0.239699
0.884249 -0.012223
0.851514 -0.083045
-0.651898 -0.271080
1.021958 0.166845
-1.621554 -0.180244
-0.810839 0.130592
-0.875152 -0.112458
0.916763 0.104015
-0.507033 0.025145
-0.637239 0.105133
0.575141 0.235029
-0.939681 0.084606
-0.700121 0.308505
-0.910003 -1.053398
0.596964 0.384304
-1.060583 -0.151505
-0.759613 -0.079845
-0.852092 -0.442005
0.872377 0.162530
0.728950 0.194912
-0.632105 -0.269585
-0.840116 -0.298608
0.550033 -0.066219
-0.710688 -0.106790
0.743012 0.407192
-0.734326 -0.265626
0.939744 0.343248
0.805927 0.199478
-0.717856 -0.279546
-0.763520 -0.017058
0.828279 0.111277
-0.868573 -0.256005
0.823063 0.230359
0.828254 0.152178
0.901257 0.067700
-0.777248 -0.357491
-0.737504 0.001132
-0.850616 0.123004
1.029001 0.537347
-0.921605 0.016859
-0.817535 0.166585
-0.855197 -0.199875
0.732395 -0.002520
-0.677912 -0.029394
0.983868 0.163050
0.909710 0.335464
0.715061 -0.043998
1.192342 0.351375
-0.670286 0.168964
-0.878467 -0.133779
-0.708062 0.121149
-1.004009 -0.034481
1.381043 0.294461
-0.816135 0.066169
0.696805 -0.013138
-0.947858 -0.134943
-0.932238 0.103585
0.996056 0.016393
0.985998 0.159844
-0.613714 -0.246261
-1.126123 0.304646
0.988900 0.909140
-0.632716 -0.236754
0.730985 0.139980
-0.535476 -0.600630
0.802415 0.508721
0.929740 -0.279858
0.882752 0.175450
0.685137 -0.017157
-1.189159 -0.440998
0.688059 -0.129973
0.643950 0.316147
0.844686 0.502428
-0.725474 -0.099768
1.087546 0.401471
0.695139 0.247112
1.030786 -0.122190
0.811926 0.072186
0.691163 -0.000393
0.742715 0.180425
0.669163 0.447827
0.828155 0.140689
0.826464 0.169569
-0.663966 -0.251740
-0.663275 -0.184300
-0.864046 0.082391
-0.452714 -0.446889
-0.765286 0.045522
-0.817038 0.082710
0.740838 -0.326917
0.775197 -0.109086
0.760047 -0.182388
-0.776695 -0.038315
0.674574 0.029838
-0.615924 0.067596
1.223730 0.599110
-0.819962 0.177935
0.761661 0.135665
0.750063 -0.156191
-0.671713 -0.316765
1.269123 0.014229
0.913275 0.036687
0.720874 -0.047727
-0.760807 -0.216815
0.758315 0.096721
0.799277 -0.080475
-0.889529 0.171718
-0.649172 0.075146
0.971981 -0.203389
1.226984 0.597856
0.951169 0.213622
-0.967844 -0.305841
-0.597051 0.003835
-0.711420 -0.563231
0.968250 -0.245949
0.900730 -0.077740
-0.656910 -0.005165
1.275779 0.425803
-0.630900 -0.040742
-0.809571 0.034950
0.753636 0.251347
0.618990 0.175968
0.710275 0.055837
-1.012042 -0.041696
-0.720642 -0.436008
-0.878246 0.070901
1.159857 -0.114701
0.728185 0.022114
-0.706949 -0.317579
-0.787627 0.008620
-0.789899 0.001554
0.680398 0.054027
-0.834477 0.167015
-0.774438 -0.062246
0.552882 0.326751
0.714692 -0.074582
0.791362 0.159165
0.862164 -0.410693
0.729766 -0.125659
0.785347 -0.175526
-0.964404 -0.203918
-0.898255 -0.190456
-0.914577 0.260956
0.944898 0.246684
-0.610111 -0.163665
0.727957 0.416278
-1.048353 -0.230391
-0.822427 -0.331899
-1.455350 0.046179
-0.923994 0.438316
1.008716 0.185808
0.939049 0.189881
0.697092 0.117870
-0.906304 0.081910
-0.709698 -0.047359
0.882966 0.233294
0.996688 0.234753
-1.042833 -0.540244
0.842438 0.450407
0.993789 -0.101730
0.815092 0.304412
-0.904806 -0.246672
-0.898687 -0.005479
0.857555 0.103510
0.669534 0.089748
1.051677 0.258549
-0.712636 0.103706
-0.723862 -0.155084
0.535989 0.371990
0.911883 0.077505
1.185460 -0.025448
-0.669768 0.023349
0.897742 0.245841
-0.834358 -0.017721
0.771390 0.057112
0.572081 -0.009164
-0.833441 -0.089457
-0.941237 0.068361
0.761829 0.047606
-0.761782 -0.063067
0.849106 -0.084795
0.679294 0.035543
-0.578673 -0.452326
0.785577 0.082759
-0.573578 -0.226688
0.888635 -0.140209
-0.668959 0.037976
0.844708 0.108602
-0.607563 -0.254451
0.786664 0.040484
0.739897 0.099827
1.021900 0.574622
-0.774533 -0.287137
0.896267 0.120541
1.030557 0.011300
0.568269 0.517037
1.224673 0.240139
1.105514 0.174107
0.547269 0.158649
0.943263 0.395361
-0.873622 0.098724
0.775491 0.468838
-0.323859 -0.447568
-0.605035 -0.100921
-1.018737 0.117444
-1.004145 -0.615695
0.566570 0.303212
0.919811 0.325556
0.737988 0.262419
-0.652016 -0.318837
-1.197955 0.012477
0.734810 0.128785
0.805047 0.114354
-1.297194 -0.455451
0.767746 0.040038
0.866844 0.175621
-0.793636 -0.320109
-0.870057 -0.196258
0.821542 0.158914
-0.805502 -0.216805
-0.653074 -0.202406
-0.910108 0.107703
0.886589 0.170642
0.856938 0.035449
-0.759404 -0.316168
-0.804599 -0.015262
0.849202 0.163847
0.586663 0.275662
0.677402 0.114923
-0.861539 0.652544
0.783337 0.234116
-0.713939 0.227021
-0.809609 0.203898
1.079343 -0.189282
-0.668299 0.211234
0.628417 -0.075543
0.755599 0.144444
-0.681536 0.064849
0.848363 -0.370246
-0.657481 -0.257912
-0.680977 0.441268
-0.833968 -0.018769
0.810240 -0.182064
-0.664948 -0.044484
1.112880 0.119871
-0.581320 0.083715
-0.817828 0.101953
-0.954251 0.182295
0.472743 0.150193
0.658516 -0.301699
0.771568 0.087976
0.552111 0.458499
0.696527 -0.600169
0.865520 0.197769
0.875530 0.355205
1.020083 0.385676
-0.778991 -0.192019
-0.950985 -0.448434
-1.049558 0.552627
0.939842 0.124157
-0.630614 0.204203
-1.148404 -0.343484
0.601449 -0.211632
0.582048 0.117519
-0.839984 -0.231552
-0.826500 0.063100
-1.136139 -0.221737
0.773212 0.133218
-0.651750 -0.042843
-0.811538 0.264355
0.873273 -0.228517
0.818569 -0.228445
0.928396 0.141658
-0.742586 0.037383
-0.829892 0.145110
0.829928 0.061432
0.643214 -0.195284
-0.719175 -0.067890
0.473065 0.374842
0.611316 -0.033141
-0.826994 0.156731
0.870986 -0.190542
-0.824761 0.035054
0.756050 0.020120
-0.922810 -0.257259
-0.674431 -0.015941
-0.517406 0.101183
0.667478 0.421701
0.923302 -0.126690
0.982211 -0.086151
0.880790 0.075608
1.012397 0.478381
-1.108618 0.108589
-0.814513 0.242177
-0.725022 -0.005196
0.828900 -0.236796
-1.103933 0.261715
-0.753973 -0.267394
-0.831264 -0.056487
0.798565 0.207127
0.816227 0.176277
0.961088 0.727484
0.907053 0.487574
0.846053 0.468818
0.627168 0.363553
0.807710 0.619158
-1.002645 -0.277320
0.791109 0.299628
0.861158 0.154111
-0.725544 -0.260066
-0.716555 0.038372
0.688208 0.015159
0.660223 0.509093
0.653993 0.242527
-0.727136 -0.242855
-0.742116 0.074729
-0.711924 -0.260208
0.787720 0.010034
0.754060 0.220059
0.819080 0.221668
-0.884159 -0.283494
1.047071 0.374851
-0.646705 -0.089573
0.672130 -0.005376
-0.667516 -0.110071
0.864874 -0.501807
0.952453 0.259138
0.867379 -0.047173
0.777416 -0.186337
-0.883916 0.216450
0.737918 -0.289027
0.797335 -0.150852
-1.014381 0.133976
0.769037 0.242357
0.804483 -0.205237
-0.799382 -0.139235
-0.810643 0.055459
0.975395 0.020604
-0.545004 0.189906
0.868192 0.044349
-1.561325 0.126345
-0.736874 0.120278
0.757487 -0.056379
0.859963 -0.261233
1.140521 -0.441223
0.671863 -0.221090
0.807536 0.023966
-0.737260 0.279645
0.966501 -0.044414
-0.850913 -0.586732
0.796220 0.268902
0.741877 0.180786
-0.675740 -0.270639
0.850004 0.271839
-1.205455 0.421570
0.786217 0.113440
-0.786352 0.013353
-0.932088 -0.288173
-0.774593 0.205001
0.816343 -0.029312
-0.775331 -0.467451
0.739284 0.173262
1.182422 0.092890
1.027975 -0.155933
-0.728263 -0.044818
0.946438 -0.038524
-0.856848 -0.074156
0.854122 -0.182198
-0.831954 -0.281468
-0.907399 0.234061
-0.856813 -0.064865
0.954720 0.237154
0.588794 -0.042735
0.997815 0.120793
0.716361 0.597829
0.805430 0.059818
-0.862296 0.094766
-0.895601 0.055523
-0.754088 0.127714
-0.792326 -0.153198
-0.853870 -0.066628
0.522728 0.293059
-1.049990 0.282386
0.912948 0.137211
-0.805811 -0.182965
0.813047 0.029200
-0.877523 -0.013314
1.292896 0.084923
1.412633 0.166547
-0.811248 0.162967
-0.777986 0.077543
0.563094 0.122294
1.091624 0.105161
0.702943 0.177040
0.741764 0.490515
-0.874405 -0.077751
-1.019372 -0.131471
-0.933585 -0.790369
0.770365 0.366654
-0.809973 -0.304940
-0.768461 -0.190007
-0.868490 -0.253744
-1.206042 0.195995
-0.810706 -0.242927
0.901900 0.109555
0.803219 0.236473
0.821465 0.013959
0.843717 0.240786
-0.822899 -0.358972
-0.709375 -0.124170
0.800699 -0.085664
0.923570 0.148933
-0.806361 -0.426265
0.900089 0.001038
-0.850371 0.028618
0.535925 0.173425
0.736239 0.389103
0.717545 0.227269
-0.786183 -0.206128
-0.585788 -0.260614
0.837789 0.135960
-0.721716 0.464817
0.930193 0.119254
-0.793065 -0.043826
1.018414 -0.041068
-0.856324 0.185067
-0.639313 0.298669
0.757952 -0.120172
1.102589 -0.065390
-0.953190 0.071555
-0.612961 0.191820
-0.981591 -0.151434
-0.696412 0.397844
-0.819132 0.101652
-0.845157 0.167308
-1.244208 -0.046128
-0.971649 0.198446
-0.921220 0.123929
-0.539280 0.232240
0.996084 -0.100548
0.845056 -0.320948
0.685979 -0.245342
0.817493 -0.053004
-0.968080 0.053657
-0.717542 0.504360
-0.911438 -0.752390
0.910307 0.297684
-1.178158 -0.196710
0.871881 0.288219
-0.941826 -0.474774
1.150886 -0.095763
-0.691162 -0.118076
-0.740030 0.023101
0.909906 0.058907
0.887190 -0.167441
-0.623661 -0.030014
-0.620634 -0.483962
-0.694214 -0.071957
0.847087 -0.135103
-0.838225 0.233303
-0.980988 0.340123
0.735770 -0.127766
-0.732399 0.052077
-0.792836 0.036035
-0.788113 -0.137859
-1.049073 0.170184
0.714018 0.047395
0.782744 0.047308
-0.727773 0.131634
-0.660960 0.180908
-0.695054 -0.200808
-0.604595 0.072754
0.783810 0.055257
-0.775088 0.179167
-0.732776 0.020576
0.831188 0.060043
-0.843574 -0.177119
-0.750501 0.015785
-0.871703 -0.001070
-0.648552 -0.306402
0.753295 -0.366529
0.637268 0.131633
-0.857111 0.049195
1.030758 -0.011651
1.203911 -0.267629
-1.064600 0.327817
0.881832 -0.241886
0.939641 0.044301
-1.121578 0.453250
-0.850588 0.017804
0.751359 0.158183
0.793533 -0.034022
-0.994759 -0.254365
0.798484 0.663512
-0.854254 -0.412139
-0.814394 -0.153460
-0.704911 -0.394846
-0.621487 -0.325214
0.899029 0.148653
0.837488 0.177778
0.814790 -0.121208
1.154897 0.336435
-0.881338 -0.044405
-0.659426 -0.127945
-0.536380 -0.288402
-0.835587 -0.097994
-0.824502 0.169693
-0.667155 -0.198342
1.008476 -0.073899
0.690791 -0.184288
-0.981766 -0.211813
0.779079 0.120348
-0.750303 -0.261610
1.096547 0.098474
-0.899684 -0.050227
-0.739022 -0.059771
-0.766750 0.058228
-0.640658 0.390226
-0.807010 -0.547818
-0.684012 0.011420
0.709277 0.086674
0.857787 -0.112168
-0.641604 0.215323
-0.829503 0.038224
0.994741 0.225085
-0.917737 0.105962
0.828396 -0.179282
-1.211562 -0.450554
-0.974036 -0.085430
-0.776598 -0.256532
-0.900511 0.100406
-0.945559 -0.282223
-0.930043 -0.289261
0.728732 0.023101
0.714159 -0.090675
-0.919867 -0.157797
1.030905 -0.198570
0.838692 0.109333
-0.942924 0.202569
0.931527 -0.063233
-0.728111 0.140144
1.081287 0.894025
0.776381 0.442166
0.874688 0.327376
0.808994 0.442751
0.725949 0.583094
-1.357995 0.330866
-0.934111 -0.085729
-0.803952 0.021772
-1.100737 -0.588845
0.777371 0.264087
-0.572720 -0.233485
-0.501709 -0.423797
0.801792 0.190933
-1.160114 -0.117281
0.879222 -0.165187
1.050841 -0.069254
0.840724 0.131508
0.843652 0.087380
-0.827958 -0.134445
-0.821160 -0.214497
0.845413 0.188701
-0.636150 0.002189
0.758441 -0.022212
-0.525914 0.030130
-0.838478 0.411025
0.625049 0.048132
0.743317 -0.157663
0.930640 0.098811
0.948730 -0.201236
-0.672531 0.047352
-0.842666 -0.210760
1.099773 0.125925
0.800487 0.140933
0.811036 -0.405023
-0.696506 -0.534147
0.778631 -0.037790
0.724292 0.279299
0.882397 0.312731
0.748855 0.497422
-1.125647 -0.313493
-0.592532 -0.097562
-0.822446 0.093300
-0.807809 -0.071052
-0.600606 -0.115301
0.602643 0.301221
0.651464 0.306319
-0.590652 -0.646928
-1.072298 -0.108644
0.953167 0.808353
-0.890439 -0.029980
0.790613 0.130762
0.809585 0.269166
-0.879731 -0.048314
-1.083148 0.145396
0.844491 0.020749
-0.649411 0.079211
1.010812 0.065595
0.479207 -0.238759
0.731967 -0.171612
-0.940783 -0.327939
0.981149 0.113409
1.150521 0.051318
-0.796627 -0.041845
0.791480 0.023655
-1.070392 -0.025159
-0.622108 -0.017375
-0.762431 -0.137360
-0.793838 -0.276023
-0.933704 -0.106852
0.839183 0.312250
0.869105 0.120815
0.639761 0.225183
-0.786593 -0.076712
0.653460 0.150641
-0.612358 0.119955
-0.790465 0.078793
-0.919014 0.008223
-0.637811 0.136736
0.743948 0.028676
-0.906326 -0.248476
-0.800331 -0.173155
-0.968565 0.368272
-0.838155 -0.414775
-0.998147 -0.148398
0.836323 0.242281
-0.673980 0.255352
1.379834 0.442775
-0.827759 -0.143797
-1.218251 0.072756
-0.756008 -0.075249
0.961926 -0.083114
0.653667 0.238653
0.695716 0.104294
0.701050 0.147414
0.869372 0.478517
0.785400 0.147775
0.717562 0.327779
-0.999503 -0.312544
0.831725 0.337770
0.711438 0.090471
-0.966617 -0.472052
1.036259 -0.180088
0.693485 -0.109768
-0.916000 0.017960
0.808650 -0.157429
0.835959 -0.052659
0.776865 0.060799
0.761149 0.351074
0.807910 -0.015585
-0.892641 0.192712
0.798309 0.042750
-0.893164 0.286644
-0.876502 0.191547
-0.832201 0.043958
0.754105 0.019183
-0.598909 -0.319860
-1.071150 -0.053377
-0.852764 -0.044170
-0.771729 -0.229660
0.766626 0.006683
