-1.132798 0.085555
-1.291690 0.257937
-1.706801 -0.060145
-1.196582 0.496564
-0.929054 -0.226837
1.014577 0.106242
-1.135792 -0.129673
-1.147298 0.192584
-0.752810 -0.315868
-1.026661 -0.747886
0.917097 -0.131425
-0.741876 -0.287622
-0.990775 -0.350800
-1.099584 -0.321481
-0.833850 -0.263477
-1.238150 -0.583294
-0.624236 -0.084952
0.889089 0.251993
1.042523 0.057999
-0.999160 -0.176182
-1.094358 -1.054717
1.301590 0.068035
-0.778636 -0.419230
0.662035 0.228890
-0.675518 0.060623
-0.784170 -0.077988
-0.562547 0.383970
1.006365 -0.012114
-0.712100 -0.037278
0.706524 0.069661
0.721892 -0.114500
0.540878 -0.603077
-0.746965 0.536921
-0.992146 0.582976
0.879884 0.079958
-0.707962 0.501943
-0.958748 -0.102188
-0.762578 -0.170664
0.901179 0.048717
0.679812 -0.392767
0.901027 -0.383770
-0.938695 -0.068034
0.822887 0.089077
1.023983 -0.048000
0.820506 0.339326
0.801192 0.057974
-1.628245 1.137763
-0.937985 -0.084543
-0.885274 -0.455606
-0.845042 0.001143
1.745040 -0.210368
-1.143036 0.387499
0.948320 -0.044351
-0.724887 -0.147361
-0.881228 -0.266654
0.959146 0.259273
0.929791 -0.115254
0.985467 0.345985
-1.470663 0.332071
1.088061 0.494796
-0.892286 -0.037447
-1.327015 -0.151694
0.827709 0.547033
0.984934 0.429131
0.964960 0.053819
0.882510 0.431750
-0.703745 0.044170
-0.837991 0.061609
-1.126437 -0.077474
-1.035369 0.046091
-0.783217 -0.081927
0.740429 0.519994
0.882413 0.144366
0.621731 0.089809
0.853113 -0.006208
0.752731 -0.056209
0.549738 -0.208023
0.810062 0.012113
-0.493585 0.337424
0.814137 0.130934
-0.991990 0.356304
0.938726 -0.505211
0.973520 0.155560
-0.647035 0.328606
0.752403 -0.582072
0.808810 -0.688490
1.091526 -0.332226
0.753655 0.183898
-0.908232 -0.219364
1.070384 -0.225066
0.853541 -0.819454
1.163429 -0.225850
-0.793678 0.304307
-0.825146 0.074880
-1.436689 0.948021
0.915522 0.171363
1.597324 0.159912
1.207992 -0.499193
-1.702063 0.111489
-0.832219 0.508526
0.861646 0.100121
1.147031 0.269184
-1.103201 0.035852
-1.265830 -0.038405
-0.674351 0.030995
-1.202796 -0.218611
-0.914534 -0.000102
0.926849 0.389767
-1.218113 -0.035283
1.203474 -0.133832
0.807981 0.510429
1.162481 0.306876
0.947686 0.185070
0.967529 0.237519
0.767963 -0.054806
0.971671 0.128863
1.049057 0.261115
1.441036 -0.216434
-0.821132 -0.429372
-0.750341 -0.702823
0.749507 -0.105239
0.742115 0.078326
0.307833 -0.554504
0.725919 -0.280091
-0.770726 0.121817
0.470233 -0.455198
0.503096 -0.465955
-0.858388 0.117114
0.992794 -0.471263
-1.080626 -0.030318
1.102676 -0.165697
-0.735895 0.428762
-0.736934 -0.093248
0.928574 0.044226
0.726771 0.114193
0.815043 -0.073391
0.859066 0.168156
1.205170 -0.601320
0.814440 -0.720400
1.170279 -0.430544
-0.830939 0.331852
0.732038 -0.401832
-1.413299 1.024024
0.973828 0.092204
1.145601 -0.224739
0.953361 -0.098667
-1.757982 0.053276
1.013394 -0.025113
0.992131 -0.067807
-1.026238 -0.296612
1.304152 -0.430736
1.403346 0.023183
1.046874 0.074056
1.104901 0.360672
0.936728 -0.046073
-0.803826 -0.224779
-1.301724 -0.339762
-1.001673 -0.150070
-0.915080 -0.404244
0.808467 0.277016
-0.860598 -0.329280
-0.619040 -0.150252
1.169015 0.143439
-0.682670 0.213323
0.725104 0.410828
1.086977 0.015265
-1.140199 -0.312119
-0.606934 -0.627137
-0.745145 0.220904
0.384753 -0.382030
0.521376 -0.505479
-0.615184 0.454653
0.646801 -0.315503
-0.778962 0.154791
0.774260 -0.028002
-0.711472 0.531369
-0.741054 0.512145
0.809330 -0.343139
1.074299 -0.031982
-0.900356 -0.092647
0.875184 0.222130
0.951525 -0.123629
-0.974790 -0.091274
0.755973 -0.335437
0.926130 0.048197
-0.944999 0.227352
-0.731944 -0.218059
0.917122 0.087733
-0.840351 0.320322
0.886221 -0.352514
-1.631005 1.230507
1.285092 0.260046
1.107820 -0.070419
-1.060627 0.399955
-1.495541 0.257755
0.994924 -0.410723
1.200131 -0.247551
-1.250439 0.352263
-1.191782 0.096030
-1.220664 -0.142677
0.954897 0.021739
-1.408457 -0.191499
-0.768367 0.063960
-0.774039 -0.090166
1.483137 0.166932
1.051060 0.094903
0.875942 0.191974
0.933016 0.139877
-0.683812 0.103261
-0.816152 -0.248839
1.126583 -0.168882
-0.844156 -0.194976
-1.466540 -0.711544
1.378409 -0.085853
-0.665711 -0.355141
-0.790854 -0.546531
0.838856 0.148770
0.658080 -0.010554
0.678459 -0.404491
-0.671965 0.354946
0.701073 -0.042037
-0.713956 0.090751
0.821381 0.149168
-0.755210 0.069253
1.074162 -0.251012
0.719917 -0.050770
1.078521 -0.055943
0.939608 -0.218688
0.658726 0.099529
0.686755 -0.854419
-0.982705 0.164959
0.872409 -0.125199
1.023967 -0.453027
-0.909403 -0.268057
-0.932475 0.041269
-0.855438 -0.086292
-1.051692 0.406194
0.723476 0.139939
-1.027652 -0.041965
-1.037312 -0.321255
-1.509899 -0.235259
-0.954782 0.525272
1.481398 -0.493651
0.838757 -0.431800
-0.787636 -0.159248
0.953750 -0.358412
-0.757557 0.418874
-1.393308 0.010059
0.998498 -0.138409
0.743419 -0.007972
1.231901 -0.255661
0.914404 0.027398
0.850864 -0.044417
1.332859 0.084980
-1.118874 -0.222669
0.782951 0.173896
0.750013 -0.069944
-1.211394 -0.008557
0.747264 -0.239367
-1.168031 -0.012192
0.574201 0.024703
-1.299041 0.299284
0.909471 0.110087
0.915960 0.094253
0.384999 -0.348741
0.714123 0.028163
-0.804661 0.004054
0.767861 -0.311356
-0.696135 -0.001066
0.695639 -0.069594
0.789613 -0.015735
0.600110 -0.675123
1.021308 -0.099303
0.904420 -0.323615
0.844898 -0.685791
-0.832434 0.283772
0.663134 -0.608572
-0.973371 0.053469
-0.907285 0.128740
0.678318 -0.430892
-0.878447 -0.002178
-1.136371 0.281777
0.605046 -0.821100
-1.088872 0.579523
0.757505 -0.385231
-0.722702 -0.052644
-1.233155 0.157445
0.813072 0.246124
1.390629 0.043692
-0.913027 0.474349
-1.636654 0.532424
0.856237 -0.476660
0.918533 0.021703
0.939343 -0.464477
0.755894 -0.109907
-1.119649 -0.116561
0.749813 -0.098679
-1.398057 -0.029167
-1.032867 0.455183
0.875519 -0.099785
-1.449109 0.327291
1.605638 -0.025137
1.042641 -0.064321
1.428522 0.329297
-0.750787 0.118960
0.643329 0.029048
0.677716 -0.342941
-1.079262 0.023017
-1.248704 0.090348
-1.294007 0.604956
-0.914543 0.235349
0.751852 0.230047
-0.903848 0.020700
-0.740013 -0.098746
-0.454821 0.674097
-0.794356 -0.032370
-0.746177 -0.000795
0.562420 -0.464976
-0.549283 0.367131
0.758417 -0.098478
0.796738 -0.287921
-0.944589 0.196944
0.856670 -0.652168
-0.761084 0.012592
0.871670 -0.062739
0.954682 0.069325
-1.106642 0.021675
0.981603 -0.269265
0.869776 -0.272298
-0.928039 0.516354
0.927261 -0.039428
-0.966236 0.529494
-0.770131 0.457569
0.500128 -0.523966
1.385747 -1.276928
-0.850647 -0.279091
-1.106129 0.264165
0.624065 0.087162
-1.884713 0.070516
-0.733002 0.246211
1.047356 0.013344
-1.057785 -0.085079
-0.884803 0.343473
0.944476 -0.463349
-0.888243 0.267930
-1.004690 -0.205515
0.745986 -0.137239
0.612634 0.051258
-1.308833 0.262321
1.346826 0.067039
-1.054493 -0.253529
-0.831477 -0.234282
0.654600 0.192041
-0.847788 -0.490016
-1.082574 0.121867
0.701357 -0.224149
1.455465 0.625618
1.385589 -0.375469
-1.024751 -0.275182
0.737063 0.079499
-0.361373 0.355924
-0.676383 -0.035881
-0.552368 0.485395
0.836885 -0.222134
0.553298 -0.173596
-0.608621 0.536075
-0.737645 0.015595
-0.597947 0.467552
0.921014 -0.409329
-0.928348 0.724394
0.782504 -0.672498
0.805032 -0.420587
0.798476 -0.864778
0.773255 -0.798072
-1.025707 0.192785
0.864084 -0.627101
0.832425 -0.424979
0.822115 -0.220584
0.861940 -0.113472
1.117825 -0.382531
-0.989775 -0.064017
-0.703212 0.494118
-1.789996 1.266112
-0.960009 -0.230763
-0.785160 -0.237258
0.763014 0.100489
0.973681 0.400343
1.084782 -0.076803
-0.935186 0.044579
0.994876 -0.417897
1.142042 -0.041621
1.151722 -0.345344
0.901468 -0.080872
0.665779 0.399954
1.233191 -0.158706
0.842798 0.235199
0.827397 0.048369
1.466080 -0.032572
0.963659 0.498371
1.217308 0.482495
0.732635 0.095355
-1.017974 -0.391950
0.843764 -0.041863
-0.761391 -0.057365
-1.292538 -0.639886
0.762186 0.026143
0.927450 0.356684
0.709782 0.592829
-0.903650 -0.044511
0.403271 -0.221760
-0.806635 0.105412
-0.829441 0.042974
0.784299 0.085878
0.546541 -0.656669
-0.461870 0.384870
0.886032 0.080348
0.777362 -0.686218
-0.917185 0.473228
0.774302 -0.575560
0.904553 0.022707
-0.911718 -0.219460
-0.742092 0.854689
0.884033 -0.279187
-0.739857 -0.131733
-0.907354 0.392271
1.013502 -0.576063
-0.936943 0.228125
-0.864029 -0.288857
-0.871743 -0.050538
-0.736318 0.354748
-0.998308 0.026812
1.406500 0.144734
-0.923151 -0.074310
-1.221321 0.462328
0.837873 0.226861
-0.873278 0.401631
1.027013 -0.119151
0.918627 -0.316607
1.251775 -0.359402
-1.342479 -0.034666
0.945211 -0.096259
-1.010319 -0.220359
1.465723 -0.562842
-0.657260 -0.084775
1.060045 -0.043251
1.258985 0.013390
-0.621603 -0.063845
1.287063 0.289601
-0.854756 -0.056933
-0.929171 -0.289097
-1.262610 -0.025472
0.848055 0.258434
1.254767 -0.058111
-1.149573 0.054308
1.054099 0.344349
-0.587301 -0.540511
0.452405 -0.268808
-0.342673 0.360272
0.454979 -0.318220
0.807221 -0.079446
-0.578123 0.113311
-0.607955 0.507930
-0.782798 -0.041533
0.682690 -0.346695
-0.926180 0.005572
-0.845421 0.068101
1.060759 -0.233728
-0.998082 0.162320
-0.835950 0.573317
1.041391 -0.018126
0.828023 -0.094540
-0.865271 0.111353
0.790161 -0.332400
1.193263 -0.688319
0.928452 -0.050802
-0.843563 -0.278088
0.814691 -0.003299
0.668551 0.109016
-1.004631 0.281415
-1.054957 -0.252473
1.620214 -0.011667
0.604951 0.091306
-1.580117 0.145038
1.036639 0.109923
-0.812374 -0.243547
-1.270693 0.134427
-0.899476 -0.140452
-1.303703 -0.110874
-0.964899 -0.023859
-0.852743 -0.303032
-1.035815 0.091794
-0.723197 -0.200694
1.003797 0.276277
-1.198135 -0.263121
-0.741147 -0.120751
1.023706 0.351386
0.966962 0.116631
-1.150299 -0.250307
1.297106 0.232773
0.822766 0.345342
-1.305298 -0.589175
-1.357072 -0.349187
-0.933424 -0.670534
0.648787 0.278960
-0.524639 0.219592
0.559586 0.015459
-0.821909 0.053649
-0.975190 -0.087021
-0.757080 -0.182710
0.560435 -0.446577
-0.840496 0.002355
0.786566 -0.464494
-0.933921 0.127330
0.848493 0.158302
0.927043 0.146763
0.737996 0.112172
0.731406 -0.347670
-0.871140 0.580310
-1.104949 0.142787
0.913061 -0.122051
0.925081 -0.185923
-1.079930 0.031561
-0.772169 0.898460
-0.869657 -0.145883
1.168337 -0.339422
-0.740863 0.310702
1.136204 -1.108986
1.464496 0.102922
-1.519850 -0.355195
-1.352887 0.550488
-1.734498 0.289480
-0.860465 0.094679
-1.097643 0.051237
0.953483 0.169708
-0.728765 -0.194452
1.180537 -0.350556
0.988941 -0.140900
-1.149421 -0.148901
-1.284150 0.441965
0.924442 0.047420
-1.157555 -0.346628
-0.968877 0.125298
-0.972157 0.060514
-0.988420 -0.313278
0.764395 0.017305
0.575475 0.089734
0.837720 -0.134651
-1.139499 -0.022667
-1.380608 -0.851033
1.112109 -0.188364
-1.112533 -0.516363
0.789057 0.400439
-0.693211 -0.069150
-0.648886 -0.016999
0.568488 -0.428178
0.997586 0.066999
-0.738121 -0.116349
-0.621886 0.522922
-0.745965 -0.119619
-0.672655 0.516418
0.851219 -0.550468
0.750720 -0.147290
-0.811615 0.475236
-0.702114 0.599508
-0.827182 0.028770
0.965729 0.142719
-1.130396 0.185860
-0.988459 -0.231325
-0.932519 0.248907
-1.068568 0.672384
-0.691542 0.725693
-1.149157 0.322841
-0.930850 0.376740
0.733112 -0.436467
-1.454964 0.832352
0.757595 0.434572
0.747702 0.308964
-1.109483 0.147770
-1.086174 -0.345218
0.880293 -0.205459
-1.309924 0.143552
-0.594034 -0.240596
1.081324 0.237149
-1.014167 0.063944
0.760625 0.125065
0.801626 0.463799
1.048169 -0.141864
-0.682983 -0.776339
-1.195746 -0.458816
0.930200 0.305534
0.608028 0.262230
-1.006460 -1.097020
-0.919095 -0.227161
-1.047096 -0.630164
-0.874618 -0.172652
0.934200 0.475855
-0.787603 -0.998358
1.374600 0.525100
0.809828 0.120297
0.522801 0.737851
-0.821170 0.099757
-0.648511 0.097788
0.831434 -0.121280
0.791136 -0.061545
0.786384 -0.131854
0.766961 -0.094635
0.788867 0.027173
-0.653245 0.478569
-0.817063 0.701671
-0.851676 -0.019501
0.781268 -0.660310
-0.677055 0.585046
0.773296 -0.555712
-0.725576 0.593624
-0.912558 -0.355066
0.875347 -0.505149
0.822789 -0.355982
-0.984893 0.089177
0.847068 -0.115245
-0.906175 -0.218715
0.744041 0.044835
-0.804132 0.037446
-1.093374 0.154027
0.925059 -0.088742
1.253815 0.013675
0.910982 -0.040932
-1.879585 0.385646
1.121744 -0.127514
-0.985175 0.089367
1.216946 -0.206275
-1.126025 -0.001121
-1.083015 0.222741
-0.879304 -0.062827
-0.759301 -0.180835
-0.955953 -0.022719
-0.943904 -0.519589
0.994863 0.100663
-0.985347 0.120630
-0.903387 -0.412052
-0.838686 0.062840
0.932182 0.058087
1.010579 0.507313
-0.957669 -0.283878
-1.279483 -0.061293
-0.744342 -0.457767
1.405958 -0.018256
-1.092569 -0.690029
-0.708341 -0.808136
0.594620 -0.495609
-0.783805 0.136966
0.412199 -0.624608
0.780302 -0.362704
0.540623 -0.277547
0.827181 -0.092611
-0.703578 -0.004760
0.813175 -0.042022
0.884729 -0.600847
0.715981 -0.313564
-1.014232 0.065228
-0.528628 0.669739
-0.637607 0.781622
0.518471 -0.914603
0.904188 -0.166411
0.881609 0.139921
0.961676 -0.051859
1.064558 -0.382332
0.968399 -0.162364
-1.156266 0.466417
-0.780037 0.300589
0.732912 -0.511892
0.886262 -0.228188
-1.032404 -0.314286
1.223132 0.232461
0.821171 -0.026419
0.742122 0.242485
-1.155059 0.090828
0.816824 0.335179
-0.968343 0.454774
-1.259699 0.579604
-0.871797 -0.300221
0.983963 -0.076876
1.003941 0.285796
-1.269294 0.229883
1.325346 0.572621
0.788423 0.262367
1.211651 0.102487
1.076986 0.006842
-0.765094 -0.166163
-0.856551 -0.077544
1.000547 0.358165
-0.764323 0.174402
0.820971 0.088423
1.166220 0.471338
-1.139936 -0.115929
0.970837 0.663101
-0.636262 -0.402087
0.439440 -0.500469
-0.674728 0.039450
-0.529578 0.414577
0.510774 -0.490043
-0.819768 -0.007763
0.435776 -0.521729
0.493872 -0.291303
0.495848 -0.544763
-0.900573 0.493920
-0.787939 0.293554
1.096937 -0.178966
-0.889084 0.024715
0.794791 -0.768054
-0.837591 0.860239
-1.015410 0.041300
-0.880131 0.257080
0.784670 0.290239
-1.160244 0.679369
0.828668 -0.938628
1.104261 -0.423093
-0.932280 0.111799
-0.683992 0.351608
-0.984491 -0.261053
1.392037 -0.157285
