-0.484667 0.000000
0.484667 -0.000000
-0.484672 -0.000001
0.484672 0.000001
-0.484667 -0.000000
0.484667 -0.000000
0.484672 0.000001
0.484667 -0.000000
-0.484672 -0.000001
-0.484667 -0.000000
0.484672 0.000001
-0.484672 -0.000001
-0.484667 -0.000000
0.484667 -0.000000
0.484667 -0.000000
0.484667 0.000000
0.484672 0.000001
-0.484667 0.000000
0.484667 -0.000000
0.484672 0.000001
0.484672 0.000001
0.484672 0.000001
0.484672 0.000001
0.484672 0.000001
-0.484667 -0.000000
0.484667 -0.000001
0.484667 -0.000001
0.484667 0.000000
-0.484667 -0.000000
0.484672 0.000001
0.484667 0.000000
-0.484667 -0.000000
0.484667 0.000000
-0.484667 -0.000000
-0.484667 -0.000000
0.484667 0.000000
-0.484667 -0.000000
-0.484667 -0.000000
-0.484667 -0.000000
-0.484667 0.000000
0.484667 0.000000
0.484667 -0.000000
-0.484667 -0.000000
-0.484667 -0.000000
-0.484667 -0.000000
0.484667 -0.000000
0.484667 0.000000
0.484667 0.000000
-0.484672 -0.000001
0.484672 0.000001
-0.484672 -0.000001
-0.484667 0.000000
0.484672 0.000001
0.484667 -0.000000
0.484672 0.000001
0.484667 -0.000000
0.484667 -0.000000
-0.484667 -0.000000
-0.484672 -0.000001
0.484667 -0.000000
0.484667 0.000000
0.484672 0.000001
-0.484672 -0.000001
0.484667 -0.000000
-0.484667 -0.000000
-0.484667 0.000000
-0.484672 -0.000001
-0.484667 0.000000
0.484667 0.000000
0.484667 0.000000
0.484672 0.000001
0.484667 -0.000000
-0.484670 -0.000000
0.484667 -0.000001
0.484667 -0.000001
-0.484670 -0.000000
0.484670 0.000000
0.484672 0.000001
-0.484672 -0.000001
0.484667 0.000000
-0.484667 0.000000
-0.484667 0.000000
-0.484667 0.000000
0.484667 0.000000
-0.484667 0.000000
-0.484667 0.000000
0.484667 -0.000000
0.484667 -0.000000
0.484667 0.000000
0.484667 0.000000
0.484667 -0.000000
0.484667 0.000000
0.484667 -0.000000
0.484667 -0.000000
0.484667 0.000000
0.484667 0.000000
-0.484672 -0.000001
-0.484667 0.000000
-0.484667 0.000000
0.484672 0.000001
-0.484672 -0.000001
0.484667 -0.000000
-0.484672 -0.000001
-0.484667 0.000000
0.484667 -0.000000
-0.484667 0.000000
-0.484672 -0.000001
0.484672 0.000001
0.484672 0.000001
-0.484672 -0.000001
-0.484672 -0.000001
-0.484672 -0.000001
0.484667 -0.000000
0.484672 0.000001
-0.484672 -0.000001
0.484667 -0.000000
0.484672 0.000001
-0.484667 0.000000
-0.484667 0.000000
-0.484667 0.000000
0.484667 0.000000
0.484667 -0.000001
-0.484667 0.000001
0.484670 0.000000
0.484670 0.000000
0.484667 0.000000
-0.484667 -0.000000
0.484672 0.000001
0.484667 -0.000000
-0.484667 0.000000
0.484667 -0.000000
0.484667 0.000000
0.484667 -0.000000
0.484667 0.000000
0.484667 -0.000000
0.484667 0.000000
-0.484667 -0.000000
0.484667 -0.000000
0.484667 0.000000
-0.484667 -0.000000
0.484667 -0.000000
0.484667 -0.000000
0.484667 -0.000000
-0.484667 -0.000000
-0.484672 -0.000001
-0.484667 0.000000
0.484667 -0.000000
-0.484667 -0.000000
-0.484672 -0.000001
-0.484672 -0.000001
-0.484667 0.000000
-0.484667 0.000000
-0.484667 0.000000
0.484672 0.000001
-0.484672 -0.000001
-0.484672 -0.000001
-0.484672 -0.000001
-0.484667 -0.000000
-0.484667 0.000000
-0.484672 -0.000001
0.484672 0.000001
-0.484667 0.000000
-0.484672 -0.000001
-0.484667 0.000000
0.484672 0.000001
-0.484672 -0.000001
-0.484672 -0.000001
-0.484667 0.000000
-0.484667 -0.000000
-0.484667 0.000001
-0.484667 -0.000000
0.484670 0.000000
-0.484667 -0.000000
-0.484672 -0.000001
0.484672 0.000001
0.484672 0.000001
0.484667 0.000000
-0.484667 0.000000
-0.484667 0.000000
-0.484667 0.000000
0.484667 -0.000000
0.484667 0.000000
-0.484667 0.000000
-0.484667 0.000000
0.484667 0.000000
-0.484667 0.000000
0.484667 0.000000
0.484667 0.000000
0.484667 0.000000
-0.484667 0.000000
0.484667 -0.000000
-0.484667 0.000000
-0.484667 0.000000
-0.484672 -0.000001
-0.484672 -0.000001
0.484667 -0.000000
-0.484672 -0.000001
-0.484672 -0.000001
-0.484667 0.000000
-0.484667 0.000000
0.484667 -0.000000
0.484672 0.000001
-0.484672 -0.000001
-0.484667 -0.000000
-0.484667 -0.000000
0.484672 0.000001
-0.484667 0.000000
-0.484672 -0.000001
0.484667 0.000000
-0.484672 -0.000001
0.484672 0.000001
-0.484667 0.000000
0.484672 0.000001
0.484672 0.000001
-0.484667 0.000000
-0.484667 0.000000
-0.484670 -0.000000
0.484667 -0.000001
-0.484667 0.000001
0.484667 -0.000000
-0.484670 -0.000000
0.484667 -0.000000
-0.484672 -0.000001
-0.484667 0.000000
-0.484667 0.000000
-0.484667 0.000000
0.484667 -0.000000
-0.484667 0.000000
-0.484667 0.000000
-0.484667 -0.000000
-0.484667 0.000000
-0.484667 0.000000
-0.484667 0.000000
0.484667 -0.000000
0.484667 -0.000000
-0.484667 0.000000
-0.484667 0.000000
-0.484667 0.000000
-0.484667 0.000000
-0.484667 0.000000
0.484672 0.000001
0.484672 0.000001
-0.484672 -0.000001
0.484672 0.000001
-0.484667 0.000000
-0.484672 -0.000001
-0.484667 0.000000
-0.484667 0.000000
-0.484672 -0.000001
0.484667 -0.000000
0.484667 -0.000000
-0.484672 -0.000001
-0.484667 -0.000000
0.484672 0.000001
-0.484667 0.000000
0.484667 0.000000
-0.484672 -0.000001
-0.484672 -0.000001
-0.484672 -0.000001
0.484667 -0.000000
0.484672 0.000001
-0.484667 -0.000000
-0.484667 0.000000
0.484672 0.000001
-0.484670 -0.000000
0.484667 0.000000
-0.484667 0.000001
0.484670 0.000000
0.484670 0.000000
-0.484672 -0.000001
-0.484667 -0.000000
-0.484672 -0.000001
0.484667 0.000000
0.484667 0.000000
-0.484667 0.000000
-0.484667 -0.000000
-0.484667 0.000000
-0.484667 -0.000000
0.484667 -0.000000
0.484667 0.000000
0.484667 0.000000
-0.484667 0.000000
-0.484667 -0.000000
0.484667 0.000000
-0.484667 -0.000000
0.484667 -0.000000
0.484667 0.000000
0.484667 0.000000
0.484672 0.000001
-0.484667 0.000000
-0.484667 -0.000000
-0.484667 0.000000
-0.484667 0.000000
-0.484667 0.000000
-0.484672 -0.000001
0.484667 0.000000
-0.484667 0.000000
-0.484667 0.000000
-0.484667 0.000000
-0.484672 -0.000001
0.484672 0.000001
-0.484672 -0.000001
0.484672 0.000001
0.484672 0.000001
-0.484672 -0.000001
-0.484667 0.000000
0.484672 0.000001
0.484667 -0.000000
-0.484667 0.000000
-0.484667 -0.000000
0.484672 0.000001
0.484672 0.000001
-0.484670 -0.000000
0.484667 -0.000001
-0.484667 -0.000000
-0.484670 -0.000000
0.484670 0.000000
0.484667 -0.000000
0.484672 0.000001
0.484672 0.000001
-0.484667 0.000000
0.484667 -0.000000
-0.484667 0.000000
-0.484667 0.000000
0.484667 -0.000000
-0.484667 0.000000
0.484667 -0.000000
-0.484667 0.000000
0.484667 0.000000
-0.484667 0.000000
-0.484667 0.000000
-0.484667 0.000000
0.484667 -0.000000
-0.484667 0.000000
0.484667 0.000000
-0.484667 0.000000
-0.484672 -0.000001
0.484672 0.000001
-0.484672 -0.000001
0.484667 -0.000000
0.484672 0.000001
-0.484667 0.000000
-0.484667 0.000000
0.484672 0.000001
0.484667 -0.000000
-0.484667 0.000000
0.484667 -0.000000
-0.484667 0.000000
-0.484672 -0.000001
-0.484672 -0.000001
0.484667 -0.000000
0.484672 0.000001
-0.484667 -0.000000
0.484672 0.000001
-0.484672 -0.000001
-0.484667 0.000000
0.484672 0.000001
0.484667 0.000000
0.484667 -0.000000
0.484672 0.000001
0.484667 -0.000000
0.484667 -0.000000
0.484667 -0.000001
0.484670 0.000000
0.484670 0.000000
-0.484672 -0.000001
0.484667 -0.000000
-0.484667 0.000000
0.484667 -0.000000
-0.484667 0.000000
0.484667 -0.000000
0.484667 -0.000000
0.484667 -0.000000
0.484667 -0.000000
-0.484667 0.000000
-0.484667 0.000000
0.484667 -0.000000
-0.484667 0.000000
-0.484667 0.000000
0.484667 -0.000000
-0.484667 0.000000
0.484667 -0.000000
0.484667 -0.000000
0.484667 -0.000000
0.484672 0.000001
0.484672 0.000001
-0.484672 -0.000001
-0.484672 -0.000001
0.484672 0.000001
-0.484672 -0.000001
0.484667 -0.000000
-0.484667 0.000000
-0.484667 0.000000
-0.484667 -0.000000
0.484672 0.000001
-0.484667 0.000000
-0.484667 -0.000000
0.484672 0.000001
0.484667 -0.000000
-0.484667 0.000000
-0.484672 -0.000001
0.484667 -0.000000
0.484667 0.000000
0.484667 -0.000000
-0.484672 -0.000001
-0.484672 -0.000001
0.484672 0.000001
-0.484672 -0.000001
-0.484667 0.000000
-0.484667 0.000000
-0.484667 0.000000
0.484667 -0.000000
0.484670 0.000000
-0.484667 -0.000000
0.484667 -0.000000
-0.484667 0.000000
0.484667 -0.000000
-0.484667 0.000000
0.484667 -0.000000
0.484667 0.000000
0.484667 -0.000000
0.484667 -0.000000
0.484667 -0.000000
0.484667 -0.000000
0.484667 0.000000
0.484667 -0.000000
0.484667 -0.000000
0.484667 -0.000000
0.484667 0.000000
0.484667 -0.000000
-0.484667 -0.000000
0.484667 0.000000
-0.484667 0.000000
0.484667 -0.000000
-0.484667 -0.000000
-0.484672 -0.000001
-0.484667 0.000000
0.484672 0.000001
0.484672 0.000001
0.484672 0.000001
-0.484672 -0.000001
-0.484667 0.000000
0.484667 -0.000000
0.484672 0.000001
0.484672 0.000001
0.484667 -0.000000
-0.484667 0.000000
0.484667 0.000000
0.484672 0.000001
-0.484672 -0.000001
-0.484667 0.000000
-0.484667 0.000000
0.484672 0.000001
0.484672 0.000001
-0.484672 -0.000001
0.484672 0.000001
0.484667 -0.000000
-0.484667 0.000000
0.484667 -0.000000
0.484670 0.000000
-0.484667 -0.000000
0.484672 0.000001
0.484672 0.000001
-0.484667 -0.000000
0.484667 0.000000
-0.484667 -0.000000
-0.484667 0.000000
-0.484667 0.000000
0.484667 -0.000000
0.484667 0.000000
0.484667 -0.000000
0.484667 0.000000
0.484667 -0.000000
-0.484667 0.000000
0.484667 -0.000000
-0.484667 -0.000000
-0.484667 0.000000
0.484667 -0.000000
0.484667 -0.000000
-0.484667 0.000000
