0 0 0 
0 0 0 
0 0 0 
0 0 0 
0 0 0 
0 0 0 
0.230274 0.698483 0.615936 
0.230274 0.698483 0.615936 
0.230274 0.698483 0.615936 
0.230274 0.698483 0.615936 
0.230274 0.698483 0.615936 
0.230274 0.698483 0.615936 
0.230274 0.698483 0.615936 
0.230274 0.698483 0.615936 
0.230274 0.698483 0.615936 
0.230274 0.698483 0.615936 
0.230274 0.698483 0.615936 
0.230274 0.698483 0.615936 
0.230274 0.698483 0.615936 
0.230274 0.698483 0.615936 
0.230274 0.698483 0.615936 
0.230274 0.698483 0.615936 
0.230274 0.698483 0.615936 
0.230274 0.698483 0.615936 
0.230274 0.698483 0.615936 
0.230274 0.698483 0.615936 
0.230274 0.698483 0.615936 
0.230274 0.698483 0.615936 
0.230274 0.698483 0.615936 
0.230274 0.698483 0.615936 
0.230274 0.698483 0.615936 
0.230274 0.698483 0.615936 
0 0 0 
0.230274 0.698483 0.615936 
0.230274 0.698483 0.615936 
0.230274 0.698483 0.615936 
0.230274 0.698483 0.615936 
0.230274 0.698483 0.615936 
0.230274 0.698483 0.615936 
0.230274 0.698483 0.615936 
0.230274 0.698483 0.615936 
0.230274 0.698483 0.615936 
0.230274 0.698483 0.615936 
0.230274 0.698483 0.615936 
0.230274 0.698483 0.615936 
0.230274 0.698483 0.615936 
0.230274 0.698483 0.615936 
0.230274 0.698483 0.615936 
0.230274 0.698483 0.615936 
0.230274 0.698483 0.615936 
0.230274 0.698483 0.615936 
0.230274 0.698483 0.615936 
0.230274 0.698483 0.615936 
0.230274 0.698483 0.615936 
0.230274 0.698483 0.615936 
0.230274 0.698483 0.615936 
0.230274 0.698483 0.615936 
0.230274 0.698483 0.615936 
0.230274 0.698483 0.615936 
0 0 0 
0 0 0 
0 0 0 
0 0 0 
0 0 0 
