0 
0 
0 
0 
0 
0 
31.3864 
-13.6136 
-58.6136 
-103.614 
-148.614 
-193.614 
-238.614 
-283.614 
-328.614 
-373.614 
-418.614 
-463.614 
-508.614 
-553.614 
-598.614 
-643.614 
-688.614 
-733.614 
-778.614 
-823.614 
-868.614 
-913.614 
-958.614 
-1003.61 
-1048.61 
-1093.61 
-1080 
-1183.61 
-1228.61 
-1273.61 
-1318.61 
-1363.61 
-1408.61 
-1453.61 
-1498.61 
-1543.61 
-1588.61 
-1633.61 
-1678.61 
-1723.61 
-1768.61 
-1813.61 
-1858.61 
-1903.61 
-1948.61 
-1993.61 
-2038.61 
-2083.61 
-2128.61 
-2173.61 
-2218.61 
-2263.61 
-2308.61 
-2160 
-2160 
-2160 
-2160 
-2160 
