0 0 
0 0 
0 0 
0 0 
0 0 
0 0 
124.652 28.9417 
79.6523 -16.0583 
34.6523 -61.0583 
-10.3477 -106.058 
-55.3477 -151.058 
-100.348 -196.058 
-145.348 -241.058 
-190.348 -286.058 
-235.348 -331.058 
-280.348 -376.058 
-325.348 -421.058 
-370.348 -466.058 
-415.348 -511.058 
-460.348 -556.058 
-505.348 -601.058 
-550.348 -646.058 
-595.348 -691.058 
-640.348 -736.058 
-685.348 -781.058 
-730.348 -826.058 
-775.348 -871.058 
-820.348 -916.058 
-865.348 -961.058 
-910.348 -1006.06 
-955.348 -1051.06 
-1000.35 -1096.06 
-1080 -1080 
-1090.35 -1186.06 
-1135.35 -1231.06 
-1180.35 -1276.06 
-1225.35 -1321.06 
-1270.35 -1366.06 
-1315.35 -1411.06 
-1360.35 -1456.06 
-1405.35 -1501.06 
-1450.35 -1546.06 
-1495.35 -1591.06 
-1540.35 -1636.06 
-1585.35 -1681.06 
-1630.35 -1726.06 
-1675.35 -1771.06 
-1720.35 -1816.06 
-1765.35 -1861.06 
-1810.35 -1906.06 
-1855.35 -1951.06 
-1900.35 -1996.06 
-1945.35 -2041.06 
-1990.35 -2086.06 
-2035.35 -2131.06 
-2080.35 -2176.06 
-2125.35 -2221.06 
-2170.35 -2266.06 
-2215.35 -2311.06 
-2160 -2160 
-2160 -2160 
-2160 -2160 
-2160 -2160 
-2160 -2160 
