0 0 
0 0 
0 0 
0 0 
0 0 
0 0 
0.1 1.00499 
0.1 1.00499 
0.1 1.00499 
0.1 1.00499 
0.1 1.00499 
0.1 1.00499 
0.1 1.00499 
0.1 1.00499 
0.1 1.00499 
0.1 1.00499 
0.1 1.00499 
0.1 1.00499 
0.1 1.00499 
0.1 1.00499 
0.1 1.00499 
0.1 1.00499 
0.1 1.00499 
0.1 1.00499 
0.1 1.00499 
0.1 1.00499 
0.1 1.00499 
0.1 1.00499 
0.1 1.00499 
0.1 1.00499 
0.1 1.00499 
0.1 1.00499 
0 0 
0.1 1.00499 
0.1 1.00499 
0.1 1.00499 
0.1 1.00499 
0.1 1.00499 
0.1 1.00499 
0.1 1.00499 
0.1 1.00499 
0.1 1.00499 
0.1 1.00499 
0.1 1.00499 
0.1 1.00499 
0.1 1.00499 
0.1 1.00499 
0.1 1.00499 
0.1 1.00499 
0.1 1.00499 
0.1 1.00499 
0.1 1.00499 
0.1 1.00499 
0.1 1.00499 
0.1 1.00499 
0.1 1.00499 
0.1 1.00499 
0.1 1.00499 
0.1 1.00499 
0 0 
0 0 
0 0 
0 0 
0 0 
