0 0 0 
0 0 0 
0 0 0 
0 0 0 
0 0 0 
0 0 0 
145.871 162.898 110.155 
100.871 117.898 65.1554 
55.8709 72.8978 20.1554 
10.8709 27.8978 -24.8446 
-34.1291 -17.1022 -69.8446 
-79.1291 -62.1022 -114.845 
-124.129 -107.102 -159.845 
-169.129 -152.102 -204.845 
-214.129 -197.102 -249.845 
-259.129 -242.102 -294.845 
-304.129 -287.102 -339.845 
-349.129 -332.102 -384.845 
-394.129 -377.102 -429.845 
-439.129 -422.102 -474.845 
-484.129 -467.102 -519.845 
-529.129 -512.102 -564.845 
-574.129 -557.102 -609.845 
-619.129 -602.102 -654.845 
-664.129 -647.102 -699.845 
-709.129 -692.102 -744.845 
-754.129 -737.102 -789.845 
-799.129 -782.102 -834.845 
-844.129 -827.102 -879.845 
-889.129 -872.102 -924.845 
-934.129 -917.102 -969.845 
-979.129 -962.102 -1014.84 
-1080 -1080 -1080 
-1069.13 -1052.1 -1104.84 
-1114.13 -1097.1 -1149.84 
-1159.13 -1142.1 -1194.84 
-1204.13 -1187.1 -1239.84 
-1249.13 -1232.1 -1284.84 
-1294.13 -1277.1 -1329.84 
-1339.13 -1322.1 -1374.84 
-1384.13 -1367.1 -1419.84 
-1429.13 -1412.1 -1464.84 
-1474.13 -1457.1 -1509.84 
-1519.13 -1502.1 -1554.84 
-1564.13 -1547.1 -1599.84 
-1609.13 -1592.1 -1644.84 
-1654.13 -1637.1 -1689.84 
-1699.13 -1682.1 -1734.84 
-1744.13 -1727.1 -1779.84 
-1789.13 -1772.1 -1824.84 
-1834.13 -1817.1 -1869.84 
-1879.13 -1862.1 -1914.84 
-1924.13 -1907.1 -1959.84 
-1969.13 -1952.1 -2004.84 
-2014.13 -1997.1 -2049.84 
-2059.13 -2042.1 -2094.84 
-2104.13 -2087.1 -2139.84 
-2149.13 -2132.1 -2184.84 
-2194.13 -2177.1 -2229.84 
-2160 -2160 -2160 
-2160 -2160 -2160 
-2160 -2160 -2160 
-2160 -2160 -2160 
-2160 -2160 -2160 
