0 0 0 0 
0 0 0 0 
0 0 0 0 
0 0 0 0 
0 0 0 0 
0 0 0 0 
0.067082 0.806226 0.1 0.0894427 
0.067082 0.806226 0.1 0.0894427 
0.067082 0.806226 0.1 0.0894427 
0.067082 0.806226 0.1 0.0894427 
0.067082 0.806226 0.1 0.0894427 
0.067082 0.806226 0.1 0.0894427 
0.067082 0.806226 0.1 0.0894427 
0.067082 0.806226 0.1 0.0894427 
0.067082 0.806226 0.1 0.0894427 
0.067082 0.806226 0.1 0.0894427 
0.067082 0.806226 0.1 0.0894427 
0.067082 0.806226 0.1 0.0894427 
0.067082 0.806226 0.1 0.0894427 
0.067082 0.806226 0.1 0.0894427 
0.067082 0.806226 0.1 0.0894427 
0.067082 0.806226 0.1 0.0894427 
0.067082 0.806226 0.1 0.0894427 
0.067082 0.806226 0.1 0.0894427 
0.067082 0.806226 0.1 0.0894427 
0.067082 0.806226 0.1 0.0894427 
0.067082 0.806226 0.1 0.0894427 
0.067082 0.806226 0.1 0.0894427 
0.067082 0.806226 0.1 0.0894427 
0.067082 0.806226 0.1 0.0894427 
0.067082 0.806226 0.1 0.0894427 
0.067082 0.806226 0.1 0.0894427 
0 0 0 0 
0.067082 0.806226 0.1 0.0894427 
0.067082 0.806226 0.1 0.0894427 
0.067082 0.806226 0.1 0.0894427 
0.067082 0.806226 0.1 0.0894427 
0.067082 0.806226 0.1 0.0894427 
0.067082 0.806226 0.1 0.0894427 
0.067082 0.806226 0.1 0.0894427 
0.067082 0.806226 0.1 0.0894427 
0.067082 0.806226 0.1 0.0894427 
0.067082 0.806226 0.1 0.0894427 
0.067082 0.806226 0.1 0.0894427 
0.067082 0.806226 0.1 0.0894427 
0.067082 0.806226 0.1 0.0894427 
0.067082 0.806226 0.1 0.0894427 
0.067082 0.806226 0.1 0.0894427 
0.067082 0.806226 0.1 0.0894427 
0.067082 0.806226 0.1 0.0894427 
0.067082 0.806226 0.1 0.0894427 
0.067082 0.806226 0.1 0.0894427 
0.067082 0.806226 0.1 0.0894427 
0.067082 0.806226 0.1 0.0894427 
0.067082 0.806226 0.1 0.0894427 
0.067082 0.806226 0.1 0.0894427 
0.067082 0.806226 0.1 0.0894427 
0.067082 0.806226 0.1 0.0894427 
0.067082 0.806226 0.1 0.0894427 
0 0 0 0 
0 0 0 0 
0 0 0 0 
0 0 0 0 
0 0 0 0 
