0 0 0 0 
0 0 0 0 
0 0 0 0 
0 0 0 0 
0 0 0 0 
0 0 0 0 
36.8094 -33.7506 -116.626 -90.0605 
-8.19061 -78.7506 -161.626 -135.061 
-53.1906 -123.751 -206.626 -180.061 
-98.1906 -168.751 -251.626 -225.061 
-143.191 -213.751 -296.626 -270.061 
-188.191 -258.751 -341.626 -315.061 
-233.191 -303.751 -386.626 -360.061 
-278.191 -348.751 -431.626 -405.061 
-323.191 -393.751 -476.626 -450.061 
-368.191 -438.751 -521.626 -495.061 
-413.191 -483.751 -566.626 -540.061 
-458.191 -528.751 -611.626 -585.061 
-503.191 -573.751 -656.626 -630.061 
-548.191 -618.751 -701.626 -675.061 
-593.191 -663.751 -746.626 -720.061 
-638.191 -708.751 -791.626 -765.061 
-683.191 -753.751 -836.626 -810.061 
-728.191 -798.751 -881.626 -855.061 
-773.191 -843.751 -926.626 -900.061 
-818.191 -888.751 -971.626 -945.061 
-863.191 -933.751 -1016.63 -990.061 
-908.191 -978.751 -1061.63 -1035.06 
-953.191 -1023.75 -1106.63 -1080.06 
-998.191 -1068.75 -1151.63 -1125.06 
-1043.19 -1113.75 -1196.63 -1170.06 
-1088.19 -1158.75 -1241.63 -1215.06 
-1080 -1080 -1080 -1080 
-1178.19 -1248.75 -971.626 -945.061 
-1223.19 -1293.75 -1016.63 -990.061 
-1268.19 -1338.75 -1061.63 -1035.06 
-1313.19 -1383.75 -1106.63 -1080.06 
-1358.19 -1428.75 -1151.63 -1125.06 
-1403.19 -1473.75 -1196.63 -1170.06 
-1448.19 -1518.75 -1241.63 -1215.06 
-1493.19 -1563.75 -1286.63 -1260.06 
-1538.19 -1608.75 -1331.63 -1305.06 
-1583.19 -1653.75 -1376.63 -1350.06 
-1628.19 -1698.75 -1421.63 -1395.06 
-1673.19 -1743.75 -1466.63 -1440.06 
-1718.19 -1788.75 -1511.63 -1485.06 
-1763.19 -1833.75 -1556.63 -1530.06 
-1808.19 -1878.75 -1601.63 -1575.06 
-1853.19 -1923.75 -1646.63 -1620.06 
-1898.19 -1968.75 -1691.63 -1665.06 
-1943.19 -2013.75 -1736.63 -1710.06 
-1988.19 -2058.75 -1781.63 -1755.06 
-2033.19 -2103.75 -1826.63 -1800.06 
-2078.19 -2148.75 -1871.63 -1845.06 
-2123.19 -2193.75 -1916.63 -1890.06 
-2168.19 -2238.75 -1961.63 -1935.06 
-2213.19 -2283.75 -2006.63 -1980.06 
-2258.19 -2328.75 -2051.63 -2025.06 
-2303.19 -2373.75 -2096.63 -2070.06 
-2160 -2520 -2160 -2160 
-2160 -2520 -2160 -2160 
-2160 -2520 -2160 -2160 
-2160 -2520 -2160 -2160 
-2160 -2520 -2160 -2160 
