-1.060294 0.009174
0.854500 0.103571
1.014969 0.119417
-1.098064 0.054895
-0.929318 -0.090032
0.939347 0.295836
1.055321 0.303357
0.889291 0.145429
0.787496 0.079659
0.810333 0.138096
-0.772926 -0.055969
0.899301 0.068642
-0.842525 -0.183513
0.778185 0.082265
-1.004401 0.060579
-1.015964 -0.021496
1.026029 0.098806
-0.998650 -0.024910
1.067613 -0.046530
-0.716433 -0.103081
-0.799750 -0.189444
-1.055227 0.034655
-1.039171 -0.491761
0.879832 -0.075536
-0.845654 0.067929
0.810142 0.009599
-0.920711 0.036471
-0.960655 -0.049765
-0.862838 0.005776
-0.941416 0.016028
-0.817133 0.071551
1.000371 0.105184
-0.979208 0.023057
1.095893 -0.078046
-0.734288 -0.028390
-0.884469 -0.071461
-0.924855 0.031695
0.880151 0.016203
-1.104488 -0.139479
-1.009988 -0.083712
0.988806 -0.081106
0.927575 0.050919
1.022755 -0.074047
-0.923233 -0.177838
-0.997198 0.000088
-0.923839 -0.136566
0.842287 -0.005551
-0.959272 0.121219
0.991232 -0.060788
0.912130 0.079924
-0.902158 -0.149644
-1.087575 0.056824
0.955233 0.019111
1.004874 0.268311
1.088551 0.103677
0.668534 0.161130
0.988826 -0.012702
0.956007 0.113147
0.946571 0.103678
1.052846 0.233157
-0.815820 -0.103883
-0.889548 -0.026578
0.882638 0.131887
-0.710488 0.106268
-0.942822 -0.097899
1.012683 -0.031783
-0.927168 0.204045
-0.783700 -0.119292
0.919079 -0.112804
-0.936916 -0.092736
1.026385 0.585230
0.834365 0.047191
-0.834477 -0.057811
0.732217 0.079768
-0.932078 -0.015448
-1.131532 -0.045759
-0.793240 -0.074558
-0.937997 -0.087544
-0.814119 0.054413
0.873498 0.035262
-1.079001 -0.048048
-0.883363 0.006959
-0.812808 -0.049299
-0.836845 -0.136720
1.083411 -0.054788
-0.905498 -0.013501
1.079108 0.110100
-0.950107 -0.068850
-0.914473 0.050692
0.950471 0.201415
1.082195 0.041193
0.767467 0.202544
-1.002682 -0.078685
-0.874666 -0.022348
-0.834623 0.038939
1.027366 -0.033866
0.890890 -0.139402
-0.788532 -0.128443
-0.876019 -0.089134
1.091109 -0.113077
-1.028749 -0.041368
-1.036557 -0.302535
1.002053 0.087198
-0.856790 -0.094373
0.947933 0.023355
0.912717 0.107747
0.904628 0.142861
0.995332 0.054015
-0.797638 -0.149879
-0.870476 -0.056730
1.014132 0.078845
-1.041416 0.095372
-0.974928 0.096880
1.031585 0.137640
1.091135 -0.136346
0.824461 0.229111
-0.831431 -0.033912
-0.837789 0.237069
0.937266 0.304084
-0.782398 0.016535
0.888915 0.028992
-0.804354 -0.087942
0.814687 0.039014
-0.958077 0.062544
-0.860417 -0.106274
-0.866071 -0.082869
0.913517 0.066211
0.956655 -0.013483
1.014197 -0.096448
-1.013192 -0.148095
-0.847027 0.042950
-0.831816 -0.128201
0.943099 -0.011668
-0.973318 -0.019279
-0.930233 -0.007094
0.938637 0.078311
0.928482 -0.089546
-0.882165 -0.110414
1.083713 0.073651
-0.895314 -0.202023
0.956059 0.070158
-0.872120 -0.161519
0.873123 0.074712
0.902157 0.001197
0.968775 0.025066
-0.871618 -0.202389
0.840689 0.315385
1.054394 -0.086930
0.835128 0.156750
-1.112629 -0.152472
0.984956 0.248680
-0.802538 -0.184113
-0.836784 -0.107425
0.899804 0.172008
-0.958338 -0.092920
0.950393 0.218828
0.801555 0.193925
-0.878217 -0.195215
-0.926123 -0.306506
-0.782945 -0.028974
-0.886073 -0.104469
-0.705144 -0.181028
1.248207 0.063171
0.847539 0.287248
-0.827905 -0.314757
1.168938 0.039829
-0.989211 -0.389458
-0.926706 -0.087276
-0.977294 0.033544
-0.663316 -0.034403
1.008589 0.079569
-1.111714 0.152202
0.847097 0.047137
-0.933587 0.041186
0.978072 -0.046350
0.995214 0.088161
0.939623 -0.034667
0.957652 0.030377
-0.894538 -0.012096
-0.777556 -0.110237
0.944304 -0.068525
-0.929833 -0.050729
-1.093197 0.008439
0.969218 0.120904
-0.873802 0.020928
0.939718 0.194141
0.893815 0.059579
0.825037 0.173817
-0.938544 -0.171010
-0.867506 -0.189768
0.943960 0.036407
-0.964099 -0.088458
-1.008782 0.127769
0.812852 0.205029
-1.007340 0.063658
1.055493 0.062025
0.862272 0.010725
0.931619 0.364936
1.054956 0.168607
0.872452 0.085849
0.925095 0.063402
-1.010684 -0.099049
-0.806959 0.032386
1.055446 0.069264
-0.913658 -0.108570
1.056453 0.106653
-0.926996 -0.343226
-0.854830 0.066870
0.866939 0.158610
-1.021193 0.046283
-0.996033 -0.223549
-0.944988 -0.014352
-0.795615 -0.104185
1.031224 0.044252
1.167787 0.262736
1.035474 0.069733
0.921583 0.026279
-0.773040 -0.099864
0.891958 0.041844
0.947237 0.137471
-0.811087 -0.039297
-0.972868 -0.024403
0.865828 0.107713
1.019073 -0.021924
0.995993 0.092608
0.963167 -0.035713
-0.887593 0.089881
0.879035 -0.066447
-1.015568 0.133684
-1.010502 -0.012504
-1.038095 0.002472
1.024703 0.125358
1.011161 -0.111600
0.844814 0.165784
0.976803 0.002676
0.850696 0.195442
0.873630 0.098857
-0.913106 -0.148259
-0.865853 -0.115801
-0.936160 -0.044652
-0.917443 -0.003505
1.044384 0.081186
0.989456 0.104800
0.988702 -0.066386
-0.880982 -0.012205
-0.932233 -0.169789
1.111733 0.076717
-0.910425 -0.002227
-0.863883 0.046846
-1.069015 -0.102914
-0.988632 -0.018210
1.080074 0.130255
-0.847846 -0.046345
1.008802 -0.096620
-1.019448 -0.237705
-0.892326 -0.018475
0.925816 -0.029840
0.891519 -0.128615
1.015148 -0.161158
-0.873790 -0.011780
-0.822085 0.110893
0.996914 -0.156366
-1.182905 -0.080139
-0.580706 0.157014
-0.892037 -0.001603
-0.985900 -0.192878
-1.040533 -0.087884
0.894544 -0.003860
-0.850281 -0.151263
-0.990384 -0.011970
-0.920326 -0.052394
-0.987841 -0.089164
1.025058 0.109844
1.029512 0.047871
0.870047 -0.008383
0.854459 0.053715
-0.921331 -0.054118
-1.033248 -0.131737
0.978058 0.071021
-1.123210 -0.107071
0.999440 -0.041274
-0.852121 -0.194992
-1.001161 -0.040029
-0.900436 -0.206976
-1.046952 -0.129789
0.969182 0.089823
0.991855 -0.037090
0.986391 -0.129234
0.973290 -0.065302
1.039708 0.024534
0.863990 -0.052657
-0.909748 0.041831
0.944502 0.019838
-0.840917 -0.051137
-1.086398 -0.102878
-0.847207 -0.038757
0.823637 -0.149209
-0.916581 -0.049070
0.876917 -0.190997
1.004719 -0.161357
-0.956016 0.111659
-0.909234 0.123128
0.940606 -0.070344
-0.924244 0.223784
-1.256427 0.085553
0.947315 -0.251183
0.889994 -0.159291
0.865029 0.032931
0.931448 0.068061
-0.888796 0.236562
-0.919137 -0.132956
-0.761122 0.321764
-0.932292 -0.042287
-0.821672 -0.147089
-0.843781 -0.113658
1.010057 0.183177
0.857468 0.082979
0.950385 0.028502
-0.858508 0.005899
-0.961169 0.004907
-1.013402 -0.116062
-0.873154 -0.062077
-0.867996 0.016063
-0.890886 -0.100561
-0.994669 -0.050036
0.988335 -0.053684
-1.072332 -0.036352
-1.080237 0.001601
0.956951 -0.104632
-0.902156 -0.060030
-0.944210 -0.022749
-0.948290 -0.129537
-0.901460 -0.047943
-0.853741 -0.029038
-0.914375 0.005235
-1.047906 0.035596
-1.034395 0.022011
-0.969804 -0.216939
0.922268 0.073967
-0.969432 0.099206
0.899501 0.041484
-0.897979 -0.157902
1.148755 -0.014491
-0.860941 -0.048862
0.848619 -0.035500
0.824415 0.114734
-0.861181 -0.070987
-0.952133 -0.044674
-1.110610 -0.016975
-1.046085 0.112466
-1.029058 -0.146735
-0.863750 0.179350
-0.845941 0.055421
-0.881608 -0.049107
0.951975 -0.054772
0.768738 0.172914
-1.043584 -0.020339
0.826183 -0.066611
-1.180630 -0.203475
-1.073753 0.008519
1.001714 0.066553
0.744815 0.017882
-0.950292 0.074478
-0.937422 0.081202
-0.807615 0.046237
-0.846127 0.002412
0.869508 -0.059481
1.069048 0.038540
1.030990 -0.065185
0.918039 -0.168125
0.879118 0.083291
-0.890582 -0.039103
-0.970305 -0.066169
-0.921056 -0.053034
1.070087 0.017925
-0.934852 -0.022356
0.887016 -0.199843
-1.031238 0.022272
-0.970856 -0.171188
-0.955420 -0.072194
1.005780 0.047082
0.958517 0.036083
-0.944413 -0.106249
0.975323 -0.071494
-0.944355 -0.111880
-0.909530 -0.117850
-0.837628 -0.110697
1.050035 -0.155575
0.985438 -0.002671
-0.960620 -0.237109
-1.076414 -0.111898
-0.933973 -0.096820
-0.898882 -0.083631
0.935051 -0.098509
-0.830317 0.081146
-0.992903 -0.065733
0.947125 0.052000
-0.857958 -0.096966
-0.944272 -0.022834
-1.059345 0.128452
0.888737 0.142713
-0.886198 -0.122589
-1.080456 0.129326
0.985863 0.048826
-1.034471 0.101282
-0.894433 0.226541
-0.957952 -0.115434
0.726506 -0.156920
0.848499 0.035501
-0.819342 -0.206175
0.959321 0.117588
1.122759 0.151529
0.824582 0.140327
-0.981676 -0.067834
0.813819 0.109231
-0.984291 -0.205562
-1.020754 0.056800
-1.010660 -0.041564
0.818416 0.086515
0.868338 0.151931
-1.037471 -0.007608
-0.987552 -0.010126
-0.933497 -0.094731
-0.936128 -0.124257
-0.879467 0.078225
0.945747 0.153118
0.963013 -0.018506
0.838587 0.153036
0.958514 0.132538
-1.028957 -0.111156
0.971544 0.001217
0.948443 0.144567
1.018256 -0.024283
-0.850317 -0.181001
0.880246 0.042418
0.921054 -0.083711
0.951928 0.030807
0.953602 0.123818
1.035795 0.128330
-0.886363 -0.010396
-0.881973 -0.042170
1.041369 0.061139
0.827004 0.001411
0.929418 0.252020
-0.842085 -0.210189
-0.867320 -0.009801
-0.998347 0.044077
0.858516 -0.046129
1.173594 -0.000013
1.153916 -0.198011
-1.122243 -0.035253
0.737959 -0.053831
-0.993037 -0.086465
0.893692 -0.079941
-0.943918 -0.235829
1.002680 0.065108
0.901588 0.077684
0.804158 0.151007
-0.803992 -0.091664
-1.055759 -0.078971
0.878310 0.066793
-0.904819 0.000657
-0.935732 -0.080451
0.936046 0.057433
-0.959452 -0.175260
1.037979 -0.097718
0.935132 -0.011965
-0.867622 -0.071870
-0.968395 -0.016261
-0.999943 -0.054207
-1.133844 -0.054644
0.962462 0.163599
-1.045420 0.010529
-0.910114 -0.218530
0.971516 0.057749
-0.947547 -0.180304
-0.958519 -0.156717
1.058808 0.165259
0.991704 -0.007156
-0.978874 -0.050385
1.031818 -0.075286
0.842785 0.216401
0.955560 0.183496
-1.003885 0.034016
0.822034 0.101658
-0.980501 -0.258849
-1.103524 -0.145258
-0.850546 -0.055360
0.858571 0.046144
1.090388 0.137697
-0.741476 -0.103716
-0.937749 -0.166587
-0.943682 -0.185867
-0.791011 0.031684
-0.747591 -0.156359
-1.045854 0.214209
-1.047396 0.047165
-0.798178 -0.043485
-1.116609 -0.073672
-0.793660 -0.030296
-0.891353 -0.127617
-0.776674 0.021498
-1.246046 -0.401404
0.910153 -0.107858
-0.882524 -0.081895
0.848163 0.040783
0.962389 -0.013639
-1.145891 0.101711
0.848927 0.087238
0.915042 0.040797
0.913292 0.132753
0.920290 0.081500
-0.954541 0.022505
1.029698 0.079748
0.883660 0.090172
0.788182 0.115207
-0.967745 -0.069022
1.061491 -0.002741
1.125072 0.087135
-0.870245 -0.115809
0.941665 -0.091018
0.956273 0.099568
-1.061552 -0.017980
-0.852567 -0.172951
-0.971841 -0.040153
-0.953657 0.100615
-1.008390 -0.018918
-1.021734 0.029104
0.935705 -0.127740
-0.942959 -0.047127
0.848654 0.055076
-0.994146 0.135489
0.793524 0.006048
1.059864 -0.000750
-1.118689 -0.088898
0.962750 0.095704
-0.856472 -0.023643
1.001571 0.028887
0.931289 -0.175709
-0.895763 0.023827
-0.939554 -0.068082
-0.925831 0.251261
0.877895 -0.061038
-0.855648 0.110076
0.924556 -0.003933
0.963730 -0.094153
0.983983 -0.136169
-0.834132 0.126445
-0.893596 0.209406
-1.076304 0.049175
-0.981036 -0.039888
0.883866 -0.280047
0.746850 0.071506
0.808370 0.074299
-0.989082 -0.162497
1.028599 -0.062148
0.849206 0.042175
0.970962 0.131472
0.901919 0.060188
0.943365 0.133287
1.089513 0.103889
-1.019087 -0.082269
-0.889479 -0.092839
-0.891082 -0.151440
1.027905 -0.003150
-0.972294 -0.109765
1.041694 0.092705
-0.911118 -0.137766
0.958960 -0.011145
-1.029065 -0.100173
0.950670 -0.015759
-0.976931 -0.141243
0.972069 -0.020255
-0.879358 -0.091244
-0.949141 0.075184
0.979529 -0.118336
0.873237 -0.006497
0.848102 0.159814
0.917397 0.063697
1.029803 -0.106658
1.019824 0.059720
1.052117 0.297075
-1.014080 -0.037186
0.934815 -0.039772
1.004372 0.074348
0.954748 0.185656
0.771461 0.108720
0.994710 0.252833
0.879627 0.128378
-1.025976 0.082974
0.859750 0.106509
-0.829501 0.122842
0.932698 0.079381
-1.041985 -0.001284
-1.123308 0.141819
-0.938083 -0.179684
-0.914637 -0.037829
0.978933 0.054805
-1.035154 0.081084
0.777834 -0.123427
-0.817219 -0.138430
-0.850985 -0.259869
0.953631 0.157847
0.947545 -0.001860
0.953974 0.137605
-0.944642 -0.194725
0.887027 0.089915
0.896318 0.159179
0.989575 0.026744
0.992351 0.084805
-0.951369 0.019472
-0.840560 -0.133877
1.007721 0.048695
0.873988 0.142798
1.026566 0.088652
0.997222 0.124126
0.989161 -0.013592
0.970350 0.131497
0.960867 -0.023632
-0.958097 -0.149959
-1.033451 -0.038934
0.833827 0.108452
0.860934 0.013689
-1.020062 0.086992
-0.983864 0.024886
-0.825336 -0.033424
0.924447 0.064982
1.009988 0.024204
-0.967080 -0.167091
0.907588 0.106831
-1.029791 -0.207599
-0.845004 -0.027483
-0.961755 -0.144481
1.074394 0.064132
-0.905799 -0.177505
1.062110 0.019414
-0.954676 0.011417
-0.737751 -0.008010
1.067131 0.158608
0.839743 -0.117601
1.107698 -0.149842
-1.018362 0.034559
-1.101345 0.180561
0.988805 0.005037
1.045779 0.078368
0.954781 -0.164239
-0.966707 -0.364978
0.741030 -0.039304
1.020232 0.210514
0.777960 0.160021
1.057966 0.213734
0.995938 0.253401
-0.863761 -0.052813
0.790447 0.061610
0.856109 0.105082
0.960408 0.216700
1.116235 0.159939
1.155212 0.192573
0.860169 0.162897
0.841823 0.168804
-0.936938 -0.097033
-1.008027 -0.123913
1.061038 0.079676
-0.932328 -0.135954
0.912504 -0.101581
0.869247 0.037360
0.932991 0.180650
-0.916376 -0.210049
-0.979392 -0.038338
0.840857 0.131815
0.886077 0.089782
0.913333 -0.044138
1.062958 -0.028972
0.927330 0.168484
-1.023757 -0.115900
-0.914166 0.041201
-0.798102 0.049985
-0.894978 -0.339928
-1.080689 -0.236945
-0.948653 -0.075690
-0.901787 -0.101743
-1.037962 -0.115112
0.829045 0.061110
-0.917901 -0.146216
0.929012 0.233929
0.873567 0.103276
0.988571 0.144542
0.952443 0.109402
1.067071 0.188738
0.844418 0.105548
1.079348 -0.100968
-0.924015 -0.069400
-0.914649 -0.120192
1.035045 -0.038072
-0.882078 -0.225157
0.904582 -0.003550
0.860196 0.063681
-0.886352 -0.072491
-0.980896 -0.013017
-1.070797 -0.092430
-0.885349 -0.047963
0.911606 0.051799
0.896301 0.032687
1.007573 0.043438
0.898624 -0.040799
-0.997997 0.021556
0.838953 0.036143
-0.903737 -0.032175
0.985110 0.058107
0.968486 0.012488
-1.202250 -0.064960
-0.905029 0.006265
-0.974340 0.013372
-0.987060 -0.125736
1.021254 0.004738
0.883205 0.283295
-0.996796 -0.085854
0.965338 0.116473
-0.925527 -0.035713
-1.019820 0.003197
