-1.472755 0.227744
-1.102056 0.087309
1.013242 0.320219
1.015221 -0.168180
1.034231 -0.118417
1.383508 0.271229
1.142258 0.088896
1.078499 0.442600
1.176976 0.350840
-1.367820 0.093699
-1.236720 -0.354982
-1.095806 -0.305364
1.209600 0.238727
1.176518 0.376800
0.855751 0.143950
1.069002 0.189575
0.986031 0.120379
-1.151527 -0.277047
1.373565 0.108495
1.080424 0.032894
-1.327198 0.145315
1.242129 0.312892
0.985675 0.136675
1.318545 0.383608
1.283772 0.191309
-0.918485 0.067138
-1.021656 -0.087074
1.274349 -0.021194
-1.260247 0.032196
1.028489 -0.051574
-1.069220 0.109806
-1.221888 0.047380
1.175669 -0.007709
1.053323 -0.070245
-1.195080 0.071499
1.232555 -0.035210
1.270073 0.272554
1.212100 0.122333
0.975719 0.034343
-1.309314 0.241146
-0.954569 0.172448
-1.180462 0.003967
0.973864 -0.070521
-0.859046 -0.039823
-1.158513 0.058172
1.260630 0.300952
1.177371 -0.083171
-1.488848 -0.165864
-1.044242 0.251510
1.144266 0.044386
-1.168434 0.001157
1.064298 -0.290689
-1.152997 0.247514
-1.231690 -0.332514
0.872972 0.022233
-1.235540 -0.217823
1.102234 -0.012229
0.975000 -0.189475
-1.427820 -0.082744
-1.127447 -0.300071
-1.019314 -0.178845
-1.576486 -0.173257
0.999244 -0.108307
1.356544 -0.054759
1.160795 -0.147060
1.086503 0.401423
-0.988773 0.356485
-0.994716 -0.095590
1.272001 -0.190260
0.933873 0.297555
1.064449 -0.217852
-1.061872 0.064438
1.297643 -0.145231
-0.958795 0.223530
0.749162 -0.033772
-1.264772 -0.153979
-1.132994 0.070353
-1.311859 -0.011988
1.020661 -0.090906
1.090890 -0.052055
-1.246355 0.222191
-0.996323 -0.013929
1.156147 -0.070546
-1.093447 0.038215
-1.252771 -0.245849
-1.361428 -0.029889
-1.035671 0.020315
-1.261678 0.262686
0.982450 -0.285029
1.206835 -0.153217
-0.940932 -0.001552
0.917090 -0.083978
1.392061 -0.060361
-1.219773 0.016381
1.101554 -0.110581
-1.320703 0.009949
1.485355 -0.340847
-1.072526 -0.076673
-1.241834 -0.333437
0.972247 -0.178146
1.216781 -0.126314
-1.105549 -0.204679
1.166312 0.148763
-1.200526 -0.254085
-1.002129 -0.098734
1.277171 -0.286341
-1.235976 -0.308657
-1.006397 -0.179854
-0.889681 -0.377801
-1.274451 0.173804
-0.955677 -0.041424
1.234445 0.154525
-1.175781 -0.123554
-0.769398 -0.215060
-1.198136 0.300814
-1.024982 -0.142583
-1.145392 -0.014342
-1.030678 -0.053841
1.049221 -0.035263
-1.096225 0.221913
1.066442 -0.149521
0.949391 -0.151370
0.960086 -0.121596
1.168959 -0.131687
-1.280751 0.099527
1.076515 -0.014285
-1.007998 0.105767
-1.276052 0.009369
-1.052788 0.134771
-1.014118 0.116646
1.201895 -0.055758
1.176201 -0.172665
-1.335485 -0.110689
1.260366 0.019898
1.181780 0.030601
1.305288 -0.340223
-1.049682 0.222870
1.022934 0.121426
-1.027622 0.141066
0.883466 -0.062628
1.100744 -0.007395
1.216365 0.152697
1.069801 0.033638
-1.287234 -0.140436
-1.429954 0.330922
1.209220 -0.218801
-1.296804 0.067465
0.909920 -0.090109
1.363057 -0.453214
-1.402101 -0.120659
-0.912783 0.117838
-0.963180 -0.230577
0.877961 -0.137891
-1.143628 0.455012
-1.277188 0.162150
-1.159249 -0.231695
-1.082301 -0.091699
1.131769 0.288521
0.820622 -0.028593
-1.014304 0.040781
1.415255 -0.204797
1.168243 -0.128305
1.036786 -0.306475
-0.783389 0.117122
-1.241530 0.343743
-0.924991 -0.085382
-1.009382 0.069415
-1.039320 0.264870
-1.159954 -0.095207
0.993705 -0.168613
1.002407 0.133525
-1.329124 0.039135
-1.284859 0.022801
-1.200871 0.142680
-1.045854 0.202674
-1.243646 0.275660
1.129972 -0.293877
0.945578 -0.030975
-1.115903 0.027232
1.211367 -0.084942
-1.543463 -0.226951
-1.227344 0.044597
0.948832 0.061257
1.192974 -0.286689
-1.036708 0.134584
-0.988537 0.034955
-1.012475 -0.000545
-0.995703 -0.034832
1.287651 -0.115017
-1.342224 0.056143
1.175120 -0.039201
-1.256582 0.017554
-1.274254 0.291926
-0.924225 -0.029252
1.182271 0.198486
-1.086839 0.069263
-1.360711 0.370671
1.153234 -0.005659
0.956617 0.143639
-1.024564 -0.488302
-1.058725 -0.260791
-1.211632 0.016165
-1.372299 -0.036128
-0.788899 -0.195518
1.292660 0.320592
-0.995107 0.012315
-1.017206 0.324818
1.032336 -0.037004
1.065379 0.190248
-1.063169 -0.072751
1.254248 -0.091369
1.031813 0.142015
-1.372131 0.100847
-1.355637 -0.319569
-1.138145 0.006354
1.527783 0.123679
-1.091402 0.187946
0.920914 -0.179435
-0.948691 -0.133712
1.222745 0.075506
-1.120641 0.071228
-1.004047 0.102775
1.001426 -0.170617
1.303299 -0.140387
-1.167924 0.083482
0.945035 -0.145022
-1.034595 0.088995
-1.192953 0.134511
-1.257173 -0.491107
-1.275930 -0.091640
-0.975222 -0.144457
-1.223875 0.287817
1.016555 -0.049750
1.195838 -0.022428
-1.017617 0.200828
0.813523 0.058152
-1.495825 0.281101
1.141420 0.243681
-1.285453 -0.026123
-1.264603 -0.211609
1.368564 0.064874
0.964202 0.180824
1.263632 0.137198
0.849301 -0.117105
-1.312190 -0.064035
-1.334017 -0.090336
0.958335 0.046096
0.957008 0.305200
-1.338719 -0.188276
1.118937 -0.134804
-1.058307 -0.262781
0.930180 0.069158
-1.178661 -0.179391
1.302865 -0.218198
-0.711599 0.145776
1.061961 -0.071000
1.409773 -0.018146
-1.187339 -0.069413
-1.295073 0.180179
1.044039 -0.160246
-1.078800 0.107537
1.024444 -0.109027
-1.369107 -0.121858
-1.331447 0.311948
-1.149943 -0.102013
1.152427 -0.088939
-0.857658 -0.142045
-1.172591 0.003840
1.288056 -0.068477
1.133898 -0.020783
1.003684 -0.050421
1.215125 -0.072224
-0.993066 0.080958
0.938595 -0.123869
-1.261523 -0.148828
-1.236258 0.191332
1.368176 0.066115
-1.384768 -0.148489
0.921574 0.012963
-1.180361 0.173036
0.946905 -0.096519
-1.174871 -0.288355
0.991404 -0.131217
-0.831619 -0.119684
1.249618 -0.030777
1.175818 0.275109
1.062237 0.016216
-1.089005 -0.104337
-1.722343 0.303825
-0.837878 -0.125206
-1.034520 -0.005545
0.921450 -0.119280
-1.103590 0.025725
1.562278 0.463461
0.934975 -0.002993
-1.190006 -0.462943
1.107202 0.196942
-1.300794 0.067002
1.065567 0.287393
-1.143880 -0.272711
-1.199270 -0.342852
1.319415 0.281974
1.050639 0.019026
-1.165751 -0.036754
0.982899 0.145340
0.839314 0.384253
1.082789 -0.288548
1.153902 -0.072962
1.592894 -0.138950
-0.977462 -0.157675
-1.051275 0.006453
-1.245864 -0.070055
1.194105 -0.056274
0.823627 -0.161289
-1.057040 0.098035
1.131573 -0.204586
1.087560 -0.009867
-1.134548 0.075037
-0.885937 0.170009
1.165372 -0.035351
-1.042337 0.054335
1.034805 -0.033137
-1.277230 -0.041234
-1.142126 0.160090
1.428482 0.183147
-1.455228 -0.012712
-1.026648 -0.109638
1.219739 -0.167309
1.005325 -0.022610
1.155536 0.074728
1.025796 0.079462
-0.855422 -0.021057
-1.229056 0.001599
1.336166 0.167261
-1.046679 -0.098746
1.083700 0.105632
-1.393994 0.247985
1.060234 -0.035572
1.261954 0.017985
-0.950699 0.153628
-1.375969 0.363421
-1.530582 -0.190681
0.959288 -0.029390
-1.072947 -0.139364
1.169122 0.017764
-1.282940 0.039320
-1.154807 -0.098994
1.062299 0.172240
-0.997875 -0.045491
-1.096207 -0.055962
1.100276 -0.018581
1.213751 0.067389
1.256344 -0.087895
-1.139941 -0.079841
-1.171485 -0.030034
-0.978431 0.076511
1.079683 0.008565
0.955702 0.204593
-1.224582 0.190913
-1.291067 -0.160137
-1.136186 0.132937
-0.866708 0.246162
-0.949768 -0.040938
1.317021 -0.094738
-1.231993 0.069832
-1.186803 0.129871
-1.021722 0.262643
-1.323186 0.271309
-1.240144 0.283263
-0.930174 0.110627
1.203423 -0.095984
1.193286 -0.171087
1.411869 -0.020277
1.123967 -0.097154
-0.901433 0.010325
-1.169364 0.283501
1.065368 -0.120274
-1.206643 0.005579
1.075171 0.033601
0.941504 0.024373
1.223938 -0.175873
1.287789 0.210828
1.097110 -0.033811
1.201209 0.040218
-1.430801 0.153882
-1.162364 0.067009
-1.218585 -0.082159
-0.995330 0.146657
1.269393 -0.200983
1.296723 0.166622
-0.940789 0.022365
1.325805 0.409978
-1.152078 -0.197775
-1.223281 0.247729
1.241646 0.090187
-0.893713 -0.124280
1.449779 0.221147
-1.221762 0.022193
-1.053247 0.085326
1.070847 -0.181857
1.064786 0.029423
-1.203539 -0.148982
-1.312131 0.099478
-1.234445 0.128934
-1.215116 0.325447
-1.157910 -0.136150
-1.381630 0.066533
-1.190188 -0.231223
-1.146460 0.012423
1.085252 -0.025538
1.004956 0.053181
1.105544 0.000733
-1.021822 -0.100606
-1.108649 -0.048562
-1.145734 0.026638
1.231558 0.142469
-0.990710 0.098981
0.946138 -0.042306
-1.047897 0.190883
1.090239 0.084149
-1.485966 -0.250402
-1.014933 0.038522
1.042701 0.016169
-1.248878 0.288804
0.994488 -0.150155
1.223384 -0.037793
-1.133099 -0.058162
0.976766 0.016220
1.279462 -0.075204
1.396185 0.152356
-1.069912 0.093494
-1.406810 -0.218215
-1.507774 0.082860
1.170518 0.026844
1.077524 -0.011563
-1.039710 0.196735
1.330169 0.000969
1.191684 0.387353
0.996190 0.144711
1.131773 0.245619
-1.170420 -0.139499
-1.042468 -0.012686
1.281009 0.119708
1.078081 0.202929
1.328053 0.089890
1.172291 0.309185
-1.007652 -0.146340
1.198369 0.068783
-1.187462 -0.078468
1.136296 0.167695
1.466001 -0.009071
-0.880740 0.022358
-1.218315 0.022564
0.965775 0.336891
-0.988194 -0.318752
-1.156755 -0.488811
-1.020635 0.239331
0.845177 -0.149464
1.037527 -0.069347
1.113649 -0.161256
1.059810 -0.290556
1.117103 -0.142708
1.037551 -0.087839
1.305046 -0.194208
-1.020383 0.339436
1.055593 -0.275287
-1.037082 0.068269
-1.260350 0.167108
1.467494 0.277116
-1.140447 0.085456
-1.002525 0.121829
-1.202191 0.246259
0.967402 -0.123452
1.340797 -0.140710
0.945952 -0.036445
0.852033 -0.000903
1.044297 -0.110567
-1.386693 -0.065588
1.013203 -0.101786
1.024670 0.003673
1.676621 -0.248085
1.007628 0.211895
-1.066826 0.001361
0.973020 -0.169802
1.313974 -0.114191
1.399690 0.081443
-0.896181 -0.140591
0.973879 0.226549
-0.980228 0.131896
-1.390256 0.191126
1.163099 -0.020810
-0.894957 0.005717
1.092682 0.194236
-1.451605 0.055989
-0.963019 0.047150
-1.221643 0.164942
1.147733 0.048029
1.153485 -0.357877
1.134136 -0.386485
-0.820518 0.180212
-1.376854 0.099860
-1.099606 -0.114540
1.184515 0.070031
-1.054192 -0.013178
-1.042946 0.041394
1.002439 -0.007104
-0.894423 -0.015772
1.114137 0.029103
-1.209541 0.002461
-1.204897 -0.247141
1.094171 0.070389
-1.233563 -0.037534
-1.137566 -0.053738
0.935600 0.023977
0.938395 -0.037117
-1.211379 -0.071209
1.192113 0.626226
-1.424192 0.017777
-0.979094 -0.043146
1.442655 -0.128311
-1.016331 0.141584
-1.137075 -0.137765
-0.993211 0.007811
-0.961758 -0.115553
-1.202464 0.185893
1.400500 0.316363
1.125542 0.172096
1.134471 0.031564
1.293397 -0.138112
0.975258 0.179159
1.419803 0.171060
0.957122 -0.236297
1.371984 -0.216804
-1.502124 -0.487040
-1.078063 0.041144
-1.283479 -0.295574
1.170474 0.158075
-1.284409 -0.199131
-1.411749 0.009057
1.105379 0.118692
-0.674441 -0.371862
1.039723 0.272328
-1.090470 -0.161798
0.745093 0.229673
-1.055379 -0.000477
0.798322 0.239064
-1.146987 0.175567
1.022218 -0.098928
-1.221313 0.117241
1.158948 -0.149986
1.019731 0.187144
-1.064472 -0.309877
1.104107 -0.231955
-0.789691 0.340736
-0.935101 0.218714
-1.128288 0.049987
-1.137145 0.256630
0.981221 -0.223913
1.029182 -0.188742
1.142175 -0.071510
-0.916257 0.082564
-1.009129 0.035157
1.166335 -0.074999
-1.152617 0.054291
-1.304545 -0.314638
1.195348 0.037834
0.874020 -0.090190
1.327605 -0.126685
-1.145570 0.215142
-1.333897 0.022660
1.072302 0.108796
-0.989589 0.038865
1.311531 0.110687
-1.171644 0.084045
-1.258861 -0.104069
-1.422410 -0.242825
-1.667941 0.255062
1.066312 0.167423
-0.899144 -0.117792
0.956396 -0.266927
1.237040 -0.331722
-1.412342 -0.131106
1.061924 -0.048909
1.035886 0.247412
-1.335725 -0.137639
1.482539 -0.228839
-1.353826 -0.060295
0.940258 0.165643
0.676590 0.423599
-1.237591 0.014044
-0.938171 0.058136
1.155505 -0.036485
1.060252 0.083582
1.227610 0.315323
-1.501068 0.159245
0.911164 -0.152471
1.131518 0.101566
-1.113403 -0.042994
-0.979619 0.125747
-1.068590 0.237523
1.090556 -0.213520
-1.079178 0.263124
-1.006330 -0.049226
-0.986144 0.067846
-1.299896 0.174668
1.062944 -0.027647
-1.224135 0.000923
1.216533 0.026521
1.029627 -0.174873
1.114778 -0.098124
1.091124 0.027915
1.288372 -0.250571
-1.341930 -0.350182
-1.140239 -0.126480
1.092366 0.032498
1.308515 -0.379091
1.085950 -0.132148
1.116971 0.005893
0.948572 -0.030076
0.793844 -0.016597
-1.161456 0.223206
-0.995495 0.053968
-1.187528 0.022200
0.997392 -0.034047
1.321338 -0.081955
0.841155 -0.215644
-1.084028 0.007113
-1.059478 0.154900
-1.220531 0.421892
1.378058 0.093768
1.024738 -0.126537
1.134117 0.123879
-1.121018 0.042490
-1.320938 0.230466
1.119291 0.015943
0.995882 0.116736
1.255865 0.105553
-0.937301 -0.148496
-0.949930 0.123621
-0.957701 0.282228
-1.207065 0.397274
1.158868 -0.003110
0.926184 -0.561095
1.166736 -0.381177
-1.158257 0.303379
1.214543 -0.134044
1.327196 -0.152779
1.254018 -0.343881
-1.083283 0.153163
-0.950048 0.113192
1.013295 -0.052538
-1.203022 0.027883
-1.029531 0.083566
-1.260021 0.032574
1.055712 -0.296456
-1.305241 0.111881
-1.221414 0.223582
1.000953 -0.116973
1.145545 -0.256737
0.929803 -0.413705
-1.392995 -0.148791
1.313220 -0.052023
0.992733 -0.113163
1.332092 -0.558785
0.911921 -0.272072
-1.151261 0.110661
1.025147 -0.178857
-0.910891 0.121427
1.082861 -0.255286
1.362157 0.031181
1.187125 0.017181
1.191823 -0.001882
-1.511671 0.168389
-0.964956 -0.065470
1.186489 0.031067
-0.962386 0.055516
1.034953 -0.013229
-1.112653 -0.246114
0.757815 0.095782
-1.062204 -0.307800
1.070899 0.105679
-1.358677 -0.129027
1.099517 0.283036
1.236244 0.157312
1.250785 0.077166
-1.407868 -0.270694
1.156747 0.220339
-0.975364 0.073401
0.922397 0.108988
1.140732 0.185766
-1.248339 -0.097536
0.925420 -0.050502
1.102980 -0.089107
1.375369 0.324986
-1.001222 0.073932
-1.187904 -0.034656
1.094585 0.176601
0.968985 -0.081373
-0.940027 -0.119971
1.179636 0.120915
-1.119988 -0.130648
1.072691 -0.134012
0.912031 0.033148
-1.148621 0.056461
-1.152992 0.169855
1.075925 -0.084858
-1.158564 -0.120113
-1.246541 0.211987
-1.132699 -0.345950
-1.195988 -0.161236
-0.985033 0.000248
1.245615 -0.133744
1.115794 -0.006024
1.173446 -0.099630
0.945285 0.151540
0.858940 0.039177
-1.207254 -0.097958
1.334370 0.327769
-0.929470 0.016249
-1.174027 -0.189909
