0.898255 -0.097666
-0.954321 0.073496
0.934648 -0.151253
0.953372 -0.031646
-0.847454 0.056890
-0.892445 0.035908
-1.035417 0.122194
-0.766226 0.090294
-0.801995 0.078784
0.874284 -0.025257
-0.791742 0.064963
-0.932038 -0.011053
-0.827821 0.086367
0.928462 -0.132524
-0.852529 0.031216
-0.912155 0.158548
0.872102 0.032321
-0.876640 -0.042278
-0.824169 0.000661
0.955724 -0.082855
-0.836550 0.056111
0.845993 -0.034624
0.893654 -0.015324
0.966436 -0.133024
0.905108 -0.174934
0.859074 -0.080723
0.763421 -0.019770
-0.916032 -0.013948
-0.860884 0.024231
-0.837772 0.048514
-0.904882 0.092197
-0.891985 0.006977
0.739473 -0.124480
0.923866 -0.074589
-0.766717 0.023208
-0.908348 0.082647
-0.801819 0.078524
-0.892707 0.127381
-0.864888 0.113166
-0.908071 0.087594
0.823062 -0.038699
0.949005 -0.078324
-0.874893 0.161144
-0.834101 0.070337
0.845086 0.023996
-0.904797 0.042888
0.832457 -0.020610
0.907789 0.021763
-0.891187 0.046662
-0.953695 0.041211
-0.806782 0.110977
0.839657 -0.157061
-0.836518 0.049240
-0.951065 0.123652
0.919937 -0.094525
0.781543 -0.107155
-0.868828 0.024795
-0.910906 0.138477
0.761888 -0.099502
-0.987450 0.166326
0.886541 -0.068594
0.893412 -0.213165
0.831777 -0.116048
0.937795 -0.210898
0.959730 -0.072986
-0.839744 0.165441
-0.879374 0.093410
-0.885759 0.190826
0.865254 -0.173997
0.809567 -0.171403
-0.941429 0.133205
0.838514 -0.187375
-0.795142 -0.096215
-0.768080 -0.097328
-0.817553 -0.096239
-0.932253 -0.132465
0.848800 0.032809
-0.750589 -0.029186
0.908567 -0.029645
0.915463 0.083805
-0.734548 -0.007898
-0.929245 -0.023952
-0.844815 -0.053328
0.890773 0.060142
-0.835071 -0.012788
0.919584 -0.091543
0.845220 -0.059458
-0.891148 0.081459
0.897129 -0.079477
0.946121 -0.137671
0.883392 -0.063305
-0.879737 0.047226
0.863582 -0.008302
-0.900373 0.014119
-0.796279 0.004836
-0.854015 0.089184
-0.870486 -0.097754
0.939815 -0.036056
-0.975293 0.007616
0.849029 0.022369
0.897937 -0.020107
-0.936206 -0.046673
0.908762 -0.019728
-0.801616 0.028622
-0.822304 -0.068027
-0.941712 -0.026851
-0.842880 0.079296
-0.951000 -0.032415
-0.855595 -0.064558
-0.932290 0.020013
0.857177 -0.055286
-0.971585 0.077988
0.976927 0.022207
-0.835007 -0.010694
-0.917434 -0.064464
0.933449 -0.075863
-0.912718 -0.014411
-0.873710 0.062278
-0.944974 -0.058067
0.891662 -0.075560
0.993694 -0.022168
-0.862316 -0.031096
-0.785283 0.011463
0.906645 0.197481
-0.926214 -0.190168
0.857793 0.028181
0.858118 0.009968
-0.822019 -0.074868
0.807865 0.047826
0.918678 -0.014602
0.864882 0.104148
0.864159 0.094419
-0.833056 -0.054702
0.950696 -0.012320
0.889749 -0.036500
-0.959748 0.024062
-0.877736 0.050446
0.958922 -0.002826
0.906247 0.078323
-0.867868 -0.026590
0.930869 0.043509
0.925297 -0.052703
0.900717 -0.025790
-0.825860 -0.067220
-0.952147 -0.103634
-1.032973 0.157089
0.896549 -0.176522
-0.904176 0.021652
-0.844761 0.052373
-0.860406 0.042973
-0.965089 0.089696
0.816278 -0.089077
0.883612 -0.073158
0.931032 0.008477
-0.784589 0.019385
0.938640 -0.030518
-0.915668 0.046576
0.875918 -0.097589
0.843740 -0.086253
0.888086 -0.122998
-0.860744 -0.002802
0.860437 0.062411
0.916128 0.041521
0.962620 -0.155925
-0.812488 0.068960
0.862555 -0.081666
-0.923913 -0.141497
-0.923846 0.120062
-0.866256 0.037887
-0.781376 -0.120620
0.653993 -0.036350
0.863319 0.109230
-0.889199 0.050075
-0.763969 -0.001507
0.973913 -0.080514
0.929260 -0.071021
0.740335 -0.072310
0.929080 -0.045110
-0.770547 0.005238
0.851808 -0.071462
0.847703 0.035040
-1.008374 0.025833
-0.832661 0.068957
1.001769 -0.064046
0.888999 0.013955
1.054624 -0.083544
0.898669 -0.086200
0.844811 -0.010585
-0.822176 -0.012182
-0.931250 -0.009668
-0.879232 0.000720
0.898984 -0.153033
0.856333 -0.021545
-0.908575 0.034563
0.922558 -0.023942
-0.892791 -0.031478
-0.879520 0.002465
-0.930265 -0.015211
-0.987454 0.031828
0.811060 -0.035211
-0.865383 0.042951
0.952183 -0.085306
0.828506 -0.003525
-0.964930 -0.009659
0.779920 0.040496
0.898973 -0.087241
0.895467 -0.058891
0.853976 -0.143301
0.907222 0.079018
0.845366 0.007618
-0.879739 0.019504
-0.969403 0.217054
-0.835416 0.083970
-0.853594 0.070379
0.896513 -0.003904
-0.853306 0.103857
0.981421 0.021178
-0.837171 -0.053006
-0.813100 -0.033428
0.823381 0.132850
-0.772099 -0.131186
-0.780961 -0.045188
-0.921610 -0.047691
-0.860063 -0.003165
-0.775305 -0.064689
0.950986 0.089750
0.802562 0.142207
0.941964 0.035125
-0.795969 0.039348
0.970791 0.021810
-0.869755 -0.082075
0.949426 -0.069698
-0.880930 0.009087
-0.867844 -0.009252
-0.826108 -0.021717
-0.843011 -0.018529
-0.760681 -0.034260
-0.894454 0.038929
0.897724 0.002225
-0.867967 0.065047
0.824343 -0.020729
-0.965812 0.040137
0.924914 -0.108213
0.929411 -0.059811
-0.877072 0.011857
-0.886513 0.076028
-0.861772 0.064453
0.836337 -0.013748
-0.887958 -0.028531
-0.869694 0.110520
-0.835367 0.065826
0.914262 -0.065607
-0.799607 0.085707
-0.988109 0.124921
0.859419 -0.058234
0.934354 -0.092568
-0.922776 -0.083978
-0.866932 -0.006848
0.854076 0.028532
-0.945063 0.067525
-0.824374 0.000066
0.853355 -0.086803
0.923498 0.025342
0.939958 -0.034418
1.042389 0.053267
0.718432 0.114618
0.869727 -0.067000
-0.899062 -0.088267
0.901127 0.064881
-0.855524 0.031733
0.949031 0.046990
-0.941045 0.038226
0.777676 0.009128
0.923595 -0.046246
0.814553 0.019626
0.917477 -0.016287
0.886424 0.011748
0.996207 -0.039095
-0.879037 0.092067
0.940274 -0.089784
0.890372 -0.002713
0.862924 -0.077943
0.981178 0.090556
-0.947956 0.062240
0.816298 0.038889
-0.999011 0.021318
1.024074 -0.011089
0.796439 -0.051025
-0.875938 -0.057812
0.908981 -0.018889
-0.933177 0.160926
0.930597 -0.066606
0.847829 -0.097811
0.873727 -0.093042
0.933284 -0.096975
0.729377 -0.064803
0.946169 0.009019
0.859484 -0.020395
-0.786766 -0.013615
-0.906870 0.032112
0.826713 -0.039899
-1.012802 0.143477
-0.827065 0.115775
-0.886117 0.129698
-0.887867 0.017930
0.842509 -0.026339
0.928922 -0.072127
-0.949251 0.056085
-0.868368 0.017715
-0.843254 0.083719
-1.024209 -0.010603
-0.798857 0.079243
-1.019666 -0.062488
-0.764095 -0.132488
0.760913 0.093141
0.832813 0.183600
-0.851140 -0.135826
0.734720 0.021346
-0.919998 0.024545
0.913354 0.017058
-0.835526 -0.030920
0.954399 -0.031028
0.871492 0.032563
-0.828202 -0.077536
0.843974 0.014320
-0.995679 0.063185
0.900684 -0.039772
0.940626 -0.092495
0.896591 0.008602
-0.908534 0.041018
0.808413 0.055013
-0.901085 0.053298
-0.819052 -0.063633
-0.992697 0.025315
-0.882253 -0.002104
0.800759 -0.059313
0.898445 -0.057193
-0.991416 0.133727
0.924397 -0.055469
0.922601 -0.064215
-0.888718 0.144056
-0.932628 0.029732
-0.925929 0.096776
0.758161 -0.075678
-0.895399 0.019142
-0.915086 0.084487
-0.881674 0.030489
0.887512 0.000426
-0.804983 0.051289
0.937455 -0.145144
0.881194 -0.110396
0.839751 -0.031357
0.885282 -0.027229
0.937340 0.008363
-0.892107 -0.050821
-0.921703 0.096073
0.866904 -0.013884
-0.836104 -0.028256
0.978523 0.017261
-0.890997 0.065786
0.891666 -0.070287
0.894871 -0.041103
-0.861844 -0.054250
-0.901748 0.002461
-0.928004 0.058021
-0.821154 -0.000425
-0.906081 0.033514
0.877678 -0.133496
0.846011 -0.134486
0.934631 -0.093997
0.904087 -0.083827
0.835810 -0.108215
-0.827310 0.042829
0.941820 -0.126460
0.821905 -0.091249
0.950112 -0.132429
-0.917769 0.002784
0.885951 -0.113790
-0.887356 0.085258
-0.858056 -0.027522
-0.842030 0.048025
-0.867426 0.058663
0.920377 -0.015040
0.781923 -0.052775
-0.888607 -0.041496
0.982165 -0.055382
-0.927577 0.017685
-0.919795 0.045994
-0.845227 -0.009908
0.881637 -0.039180
0.976186 -0.095878
0.779379 0.031966
0.865961 0.023637
-0.877009 -0.001526
0.743818 0.116748
-0.926248 -0.005151
-0.824216 -0.037797
0.950543 -0.055635
0.936344 -0.091770
-0.799495 0.049714
0.938389 -0.048292
0.892528 -0.008566
0.951972 0.032685
0.944192 -0.049129
-0.829744 -0.065534
-0.799105 0.009017
-0.899660 -0.061411
0.925366 -0.046430
-0.855461 -0.073528
-0.936044 -0.084010
0.812183 -0.017692
-0.882000 -0.040326
0.831337 0.051596
-0.743642 -0.072845
0.925430 -0.102720
-0.954225 -0.062219
-0.762033 0.034434
0.887306 0.015865
0.807346 0.061497
-0.891855 -0.035614
-0.801244 0.058125
-0.934483 0.051316
-0.858071 0.019915
0.922213 -0.041477
0.887181 0.037980
-0.911626 -0.017133
0.792146 0.052023
-0.831219 -0.073395
-0.876616 -0.054460
0.959548 -0.026325
-0.871478 -0.031407
0.829540 -0.068181
-0.851710 -0.057422
0.939064 -0.090368
-0.929626 0.050825
0.922194 -0.061304
-0.859552 0.100692
-0.994296 0.054769
-0.954404 0.051495
0.740121 -0.054373
-0.842429 -0.004045
0.866653 0.055936
-0.858985 -0.017796
0.877842 -0.128100
0.884933 0.010902
-0.958987 0.148729
-0.870689 0.113206
-0.876482 0.123680
0.887942 -0.042242
0.854249 -0.058290
0.842026 -0.163519
0.913328 -0.139886
-0.865323 0.084553
-0.836903 0.083920
-0.888860 0.064720
-0.862309 0.171127
-0.852393 -0.085011
-0.763551 -0.119719
0.847896 0.047451
0.793105 0.206363
0.754315 0.123192
-0.820955 -0.064245
0.900665 -0.034291
-0.872646 -0.074390
-0.775202 -0.085778
-0.881904 -0.042249
0.837328 0.179088
0.850076 0.073829
-0.783598 0.012872
-0.909772 0.023187
0.904575 -0.021679
0.903383 -0.058211
0.887748 0.135699
-0.943867 -0.067521
-0.814098 -0.000077
-0.933829 0.055404
-0.875261 -0.060401
-0.994655 -0.012314
-0.927896 -0.010491
0.867160 0.010987
0.914058 0.057456
-0.968096 0.036703
-0.878496 0.079519
0.825388 -0.011902
-0.832062 0.070920
0.961532 -0.056006
0.924696 -0.104198
-0.790143 0.067183
-0.855294 -0.034019
0.860024 -0.039761
0.847026 -0.050674
-0.903732 0.009231
-0.885479 -0.006470
-0.926503 0.110879
-0.880610 -0.018130
-0.905365 0.085929
0.907885 0.008823
-0.820893 -0.028367
-0.872794 0.026787
0.910781 -0.044706
-0.828466 0.009359
0.909848 -0.026565
0.961476 -0.016556
-0.931909 0.023842
-0.947961 -0.125756
-0.864583 -0.085818
0.824914 0.033242
0.832524 0.082273
-0.795189 -0.023554
-0.788910 -0.017224
-0.883893 0.068359
-0.903106 -0.024634
-0.784235 0.015863
-0.886102 0.067681
0.792140 0.090829
-0.937615 -0.012168
0.806149 0.005711
-1.079518 0.078602
-0.843012 0.022141
0.985258 -0.011149
-0.968874 -0.034528
-0.922044 0.039379
0.849489 0.032363
0.884222 0.046921
0.868133 0.084043
1.012359 0.060150
-0.895022 0.028494
0.884492 -0.055177
-0.881846 0.007946
-0.981272 0.033688
0.870894 -0.059555
-0.901475 0.070292
0.827343 -0.067935
-0.901086 0.015340
-0.924856 0.009671
0.811504 -0.013403
0.903487 0.017049
0.881793 -0.059257
0.779564 0.043383
0.893933 -0.023624
0.852657 -0.068975
-0.964696 0.196759
0.857517 -0.062435
0.875009 -0.154771
0.925665 -0.054110
0.852769 -0.047066
0.862705 -0.027385
-0.949950 0.063540
-0.952103 0.102966
0.901700 -0.072258
0.939595 0.069738
0.842076 -0.178808
-0.831640 -0.106338
-0.835639 -0.056922
0.824512 -0.045643
-0.916351 -0.064484
-0.884743 -0.070075
-0.801894 -0.029859
-0.970543 0.052357
-0.896384 -0.048698
-0.695769 0.024312
-0.922429 0.055089
0.779607 0.030182
-0.965173 -0.040358
0.882589 0.045067
-0.927584 -0.013423
0.810217 0.018087
0.969685 -0.071616
0.966687 0.026299
0.971044 -0.016252
0.868128 0.053590
0.795038 0.001972
-0.887879 -0.004768
0.902186 -0.030569
-0.859185 -0.060783
-0.913726 0.020513
0.887962 -0.061703
-0.966540 0.095744
-0.917164 0.129526
0.889505 -0.134715
0.860104 -0.075172
0.900289 -0.068848
-0.947273 0.134735
-0.781063 0.121853
0.935109 -0.121514
0.874507 -0.091019
-0.906556 0.110005
-0.959219 0.054042
0.787895 -0.070680
0.941596 -0.103163
-0.973559 0.083733
0.871732 -0.154435
-0.920898 0.056280
-0.842985 0.010968
0.896307 -0.077952
0.892695 -0.087419
0.833190 -0.041979
-0.758926 0.126008
0.940915 -0.048617
0.808212 -0.208082
-0.839638 0.056524
0.856939 0.001945
0.721355 -0.088022
-0.795307 -0.051031
0.837609 0.010322
0.786155 -0.022176
0.997999 -0.130106
-0.899824 0.146946
0.826448 -0.064812
-0.932008 0.092645
0.837326 -0.069814
-0.889193 0.112118
-0.858426 0.051451
-0.903606 0.038543
0.912785 -0.094848
0.896092 -0.137497
-0.911825 0.069818
0.946031 -0.103114
0.898097 -0.077836
0.881620 -0.012976
0.846285 -0.055262
0.959754 -0.042012
-0.853685 0.069362
-0.832802 0.066307
0.855281 -0.118554
-1.036549 0.113540
-0.930762 0.174021
0.998032 -0.048335
-0.817446 0.058074
-0.890733 0.073349
-0.937789 0.100746
-0.781219 0.039885
0.853737 -0.087298
0.867324 -0.032602
0.862031 -0.087860
-0.895389 0.085083
0.866798 0.022636
-0.922674 0.210934
-0.854554 0.048279
-0.937259 0.123130
0.924100 -0.078894
-0.783075 0.047671
-0.883171 0.113611
0.944145 -0.133401
-0.838056 0.142822
0.829179 -0.111464
-0.916864 0.023581
0.950882 -0.093262
-0.878189 0.128871
-0.803499 -0.066308
-0.876869 0.044184
-0.867815 -0.166909
0.852277 0.013547
-0.786926 -0.013528
0.840928 -0.030495
-0.872597 0.082132
-0.789133 -0.060014
-0.883710 0.161916
0.915182 -0.046858
0.894275 -0.054212
0.760797 0.020296
-0.918198 -0.019538
-0.927293 0.013013
-0.897490 0.117424
-0.870860 -0.003773
-0.902935 0.129539
0.923305 -0.052487
-0.901234 0.105354
0.829352 -0.023495
-0.927164 0.081747
0.945693 -0.055457
0.845160 -0.062984
-0.830471 -0.055484
0.945810 -0.001312
0.944637 -0.147838
-0.940921 0.099332
0.850389 -0.066161
-0.912516 0.076793
1.009186 -0.140592
0.813391 -0.058838
0.920947 -0.027809
0.852815 -0.001245
0.834716 0.025678
-0.874856 0.091245
0.801753 -0.053991
0.880554 -0.043919
0.871019 0.012954
-0.899532 0.113219
-0.940440 0.028048
-0.764581 0.002127
-0.928247 0.009358
0.956073 -0.117252
-0.748742 0.134552
-0.852909 0.050929
-0.950569 0.015815
0.904379 -0.156180
-0.924684 -0.033243
-0.725848 -0.053921
-0.822103 -0.057111
0.858429 0.131752
-0.884092 -0.069584
0.802641 0.029450
-0.952813 0.042430
-0.976346 0.016324
0.787967 -0.034580
0.886061 -0.031923
0.833846 0.093947
0.907958 0.058214
0.819208 0.069656
0.897633 -0.041391
0.873706 -0.051551
-0.880620 -0.001543
0.819891 -0.042947
0.906896 -0.031267
0.897919 -0.047833
-0.817057 -0.033116
-0.829659 -0.063748
-0.917169 -0.013903
0.853078 -0.046337
-0.797538 0.010314
