1.143817 0.025204
-1.188205 0.171354
1.060087 0.079417
-1.033926 -0.024755
-1.057188 0.026290
-0.987714 -0.121263
1.098998 -0.122189
-1.282716 0.065630
-1.089429 0.062603
1.076706 0.006008
-1.319422 -0.247623
-1.017178 -0.042949
0.967721 -0.011385
-1.282811 0.150073
-1.027976 0.019912
-1.193612 -0.028640
-1.203931 0.012075
1.003022 0.226733
-1.011373 0.125865
-1.060405 -0.145134
-1.293412 -0.272849
-0.947246 0.041002
1.461576 0.110954
-0.897084 -0.160905
1.021743 -0.006490
-1.167350 -0.050181
1.010450 -0.062425
-0.998567 0.027825
-1.309426 0.050372
-1.016080 -0.008826
1.070982 -0.176334
1.001942 -0.041632
1.087906 -0.093628
1.126826 -0.209436
-1.102462 0.094699
-1.096489 -0.037476
-1.087711 0.047018
1.134814 -0.003121
1.102002 -0.067348
1.028839 -0.047856
1.200720 -0.000383
1.215458 -0.065657
1.046888 -0.140530
0.968240 0.075562
1.124386 -0.098819
1.133337 -0.072648
-1.097327 0.255151
-1.010839 -0.019240
1.036525 0.022651
-0.997475 -0.053749
1.085466 0.129674
1.119389 -0.000795
1.065142 0.117818
1.039513 0.195978
-1.114706 -0.008106
1.180389 -0.180693
-1.178710 -0.118434
1.114813 0.079277
1.146053 0.260842
-1.081846 -0.157638
0.935932 0.063693
-1.189775 -0.049698
0.903119 0.069660
-1.123385 -0.088566
1.159627 -0.077618
1.035986 0.224321
1.158230 -0.064863
0.874813 0.045933
-1.146480 -0.199690
1.223076 -0.041530
-1.070105 -0.228847
0.891738 0.027679
0.881752 0.203833
-1.197921 -0.115884
1.133946 0.059895
1.079744 0.134799
-1.261179 -0.071433
1.056316 -0.040235
-1.100806 -0.055810
1.142891 0.062137
-1.153107 -0.003717
-1.131237 0.109794
-1.023497 0.001007
1.038955 0.087000
1.102525 0.100847
-1.135748 -0.101584
-1.166419 -0.112475
-0.951166 -0.073993
-1.126788 -0.125280
-1.351099 0.008073
1.116935 -0.076687
-1.046087 -0.268098
1.123590 0.058799
-1.038930 -0.136410
1.262052 0.017100
-1.072418 -0.090975
-1.105836 -0.135891
-1.139685 0.044772
-1.058272 -0.103281
-1.028768 0.013941
-1.014142 0.037593
1.113176 0.207390
1.064515 0.043269
1.077376 -0.059178
-1.194809 0.036596
1.051318 0.005677
-1.214530 -0.222774
-0.951624 -0.062119
1.101803 -0.026505
-1.125206 0.106848
-0.992669 0.013168
-1.040189 0.052472
1.194982 -0.159112
-0.943460 -0.123729
1.175637 0.047878
0.865560 -0.047256
1.176196 0.142286
1.178985 -0.197066
-1.282917 0.053543
-1.021941 -0.195525
1.095161 0.075884
-1.178325 -0.215503
1.134625 -0.064824
0.983554 0.060460
1.206097 -0.028070
-0.987812 -0.048195
-1.015489 -0.092967
1.111211 0.144087
-1.136267 0.013296
-1.119376 0.161543
0.977894 0.083877
1.022573 -0.004558
-1.196427 -0.005870
1.003103 0.053618
-1.258017 -0.054599
-1.049513 -0.007856
1.174297 0.092537
-1.219627 0.019687
-1.049348 0.040275
-0.963559 -0.147137
-1.038141 0.133633
1.177960 0.057610
1.294313 -0.203608
1.110988 0.080582
1.228333 0.014380
1.064751 0.029585
-1.157772 -0.083623
1.160309 -0.075286
-1.074525 0.085621
-0.989040 -0.048114
-1.094815 -0.063274
-1.097483 0.126011
1.185909 -0.070140
-1.243440 -0.044899
-1.179775 -0.093609
-1.093140 0.040151
-1.034779 -0.017259
1.272463 -0.308979
0.947489 0.077884
1.136995 -0.116462
-1.298540 0.101400
-0.968418 -0.185147
1.006462 -0.061654
0.965231 -0.033637
1.134765 0.189582
-1.181127 0.155845
-1.298723 0.050105
-0.824581 0.009549
-0.912236 -0.170875
1.098175 0.033637
-1.181987 -0.101025
-1.054998 -0.177673
-1.169819 0.007490
-0.925094 -0.137844
0.988287 -0.016337
-1.096255 -0.054182
-1.175542 -0.084912
1.041777 -0.076365
1.023835 -0.105178
-0.992290 -0.046507
1.135999 -0.032571
1.102329 0.039330
1.167527 0.092942
1.058604 0.013531
-1.114173 -0.165227
1.218519 -0.026898
-1.111723 0.045404
0.992637 0.186028
-1.137205 0.069869
-1.054525 -0.040251
-1.187111 0.233709
-1.079420 0.019237
1.115035 -0.040748
1.158839 -0.208235
1.098149 -0.007826
-1.035345 0.076538
-1.007936 0.035930
-0.992651 -0.102923
1.106667 -0.073888
1.232787 -0.047557
-1.260060 0.090049
-1.067712 0.118207
1.114971 0.100992
-0.982212 -0.031516
0.991226 0.031822
-1.166560 0.187933
1.124780 0.076186
-1.119581 -0.015343
-1.156129 0.127794
1.023744 0.190312
-1.137359 0.071984
-1.034763 -0.063379
1.140682 0.306955
-1.146192 0.030850
-1.201225 0.016033
-0.799154 -0.259965
-1.014950 -0.030262
-1.074146 -0.094363
1.037230 -0.049720
1.015246 0.049637
1.271119 -0.113543
-1.057238 -0.051976
-1.039490 0.046302
-1.117151 -0.006448
1.125803 -0.114854
1.126996 -0.165834
0.930207 0.091968
-1.040405 0.002600
1.172860 0.007468
-1.197772 0.049297
-1.192674 -0.025098
0.982237 0.083558
-1.109548 0.009591
-1.213928 0.070315
-1.053873 0.089439
1.071767 0.137181
1.149661 -0.180125
1.122678 0.026309
1.178936 -0.131788
-1.052862 -0.028601
-1.045758 -0.032828
-1.114436 -0.005323
0.952723 0.158672
1.065747 -0.053592
-0.981799 -0.096280
1.008981 0.182921
-1.180539 -0.131320
1.214073 -0.100822
1.089169 -0.038803
1.128172 -0.091162
-1.277657 -0.267374
1.040247 0.110982
0.930964 0.041991
1.094505 -0.195601
-0.917101 -0.174220
1.109532 0.049264
1.215634 -0.061520
-0.947334 -0.128945
-0.982918 -0.017697
0.943416 0.080025
-1.380049 -0.425416
-1.201912 0.188608
-1.081693 -0.153291
-0.761042 -0.135604
1.005091 0.048891
1.124887 -0.157376
0.934405 -0.137969
0.964644 0.008417
1.219632 -0.157413
1.122509 -0.018555
-1.032113 0.006423
-1.108725 0.112769
-1.032661 0.141173
-1.123498 0.280312
0.972023 -0.010983
1.026482 -0.134386
-1.191016 0.028915
1.118056 -0.014653
1.137261 -0.008065
0.976959 -0.077194
-1.129388 -0.090543
1.271744 -0.040678
1.053855 0.008538
1.072392 0.106103
-1.102712 0.124407
-1.038518 -0.032560
1.291217 -0.133960
1.003622 0.051853
1.080317 0.057831
-1.159698 0.000302
1.093777 0.059519
1.068643 0.098935
-1.079929 -0.183414
0.927297 0.177429
1.022099 0.050895
-1.260926 0.008814
1.158874 0.021044
1.063250 0.007732
1.062845 0.246566
-1.046966 -0.171691
-1.006835 -0.084690
-1.044826 -0.037154
-1.024258 -0.255895
1.280945 0.027111
-1.314641 0.135954
-0.923781 -0.428357
1.084262 0.085148
-0.953579 -0.242032
1.136093 0.501949
1.160765 -0.007209
1.263637 0.216255
-0.960111 -0.256302
1.066276 -0.030041
-1.043064 -0.137854
1.099698 0.005268
1.011266 0.058766
-1.184090 0.043193
0.971184 0.139290
1.045415 0.014975
-1.194349 -0.101476
1.217955 -0.063339
0.992585 -0.102264
1.052213 -0.041310
-1.048908 -0.059178
-1.075515 0.008714
-1.117902 0.046847
-1.128206 -0.019823
-1.013631 -0.008987
-1.014482 -0.156565
-1.180429 -0.023203
-0.977374 -0.047551
0.928878 0.156496
-1.159662 0.011643
1.094897 0.089677
1.150412 -0.130311
1.061556 -0.010557
1.082172 -0.072458
-1.193588 0.017230
1.114135 -0.040481
1.130855 -0.099099
-0.942215 0.079575
1.007056 0.102939
-1.144055 0.147083
-1.268655 0.151737
1.023490 0.008236
1.249464 -0.114684
-1.146276 0.008741
-1.120089 0.046695
-1.096630 0.064433
-1.073719 0.303510
-1.122963 -0.098690
-1.067164 0.062810
-1.220731 0.219339
0.927183 0.037243
-1.109834 0.135568
1.039853 -0.039044
1.319204 0.234633
1.143296 -0.199198
1.117339 0.047949
0.880900 0.037319
-1.024235 -0.130666
1.177187 0.026695
1.052957 0.145417
0.955569 0.160111
1.207923 0.067469
0.932603 0.099860
1.032125 0.123325
1.098111 0.139265
1.094746 0.086485
1.102608 -0.043420
1.077023 -0.138106
-0.948166 -0.048973
-1.080215 -0.049992
-1.196133 -0.104917
1.254681 -0.000518
-0.977689 0.061724
1.146346 0.112207
1.172010 -0.029053
1.061310 0.031279
-1.026324 -0.167146
1.154787 -0.125618
-1.079847 0.062696
-1.283994 0.190988
1.006754 -0.015889
1.105438 0.062533
-1.058293 -0.027805
-1.044850 -0.044464
1.060673 0.128030
1.160293 -0.057726
-0.955406 -0.155356
-1.138309 -0.006183
1.189861 -0.086839
1.020031 -0.095146
1.146322 -0.068971
1.135837 0.297053
-1.021893 0.058012
1.035945 0.007693
-1.168880 0.037188
-1.000826 -0.148728
1.002668 0.041358
1.215548 -0.159509
-0.900074 -0.241587
-1.103248 -0.101809
-1.158103 -0.117387
-1.298261 -0.427455
-0.934849 0.059328
1.326156 0.049597
0.883406 0.118823
0.996347 0.162710
-1.132654 -0.010788
1.180201 0.040159
-1.035575 -0.020259
-1.089322 0.004734
1.083691 0.027352
1.081526 -0.054011
1.163882 0.036977
1.041804 -0.137909
-1.089989 0.154410
1.115990 -0.070416
-1.069172 0.013819
1.082044 -0.061452
-1.095606 0.013325
1.270182 0.016537
1.090226 0.034990
1.134493 0.098618
-1.188253 -0.024644
-1.086580 -0.021722
-0.942595 -0.188757
1.231071 -0.131963
1.040187 0.073583
-1.259821 0.257380
0.994089 0.025434
1.056649 0.071021
-1.102759 -0.027428
1.073855 0.109124
1.124179 -0.024774
1.103468 0.040590
-1.115493 -0.048810
1.111108 0.090248
1.216976 -0.241498
-1.227734 0.073705
-1.099286 0.047571
1.192129 0.239842
1.148023 0.052409
0.970479 0.079384
-1.061291 0.218880
1.024493 0.050185
-1.065110 0.083206
1.155466 -0.238461
-1.060054 -0.110906
0.970964 -0.079141
1.164587 0.080442
-1.129709 -0.161068
-1.116700 0.154155
-1.155260 -0.185652
-1.072081 -0.164661
-1.075157 -0.121007
-1.136209 -0.079850
-1.041318 -0.107981
-0.951217 -0.032144
-1.168022 -0.075291
-1.048911 -0.089947
-1.124879 -0.044696
-1.102544 0.004324
-1.134796 0.031434
1.149396 -0.188855
0.957189 -0.037057
-1.033195 -0.070303
-1.032269 -0.057195
1.115896 -0.044726
1.176272 0.011443
-1.047745 0.059526
1.199922 0.142847
-1.171636 0.033002
0.998896 -0.059509
-1.051612 -0.069983
-1.077723 0.062706
1.130933 0.018403
-1.267499 0.228071
1.083366 0.068116
-1.130711 -0.077325
-1.177124 -0.056423
1.075763 0.048315
-1.190425 0.067677
-1.040921 -0.117327
-1.003358 -0.112218
-0.983569 0.106071
-1.170319 0.091055
-1.175343 0.067830
1.084258 -0.002859
1.103813 0.111480
-1.040647 -0.037054
-1.044003 0.066555
-1.154228 0.112088
1.061313 0.019087
-1.097308 0.150702
1.187963 -0.121369
0.961461 0.164088
1.075512 -0.097400
-0.899755 0.041736
-1.219007 -0.364301
1.220878 -0.080350
-1.310950 0.004419
1.119100 0.076462
1.108593 0.190561
-1.260482 -0.156581
1.083309 0.157713
-0.996730 -0.202948
-1.236728 -0.085401
-1.057620 -0.140173
1.058363 0.062203
1.152866 0.021379
1.138924 0.100673
-1.100982 0.007792
-0.998726 -0.060601
0.942058 0.214072
-1.129980 -0.074017
1.160538 -0.003419
1.133719 0.136014
-1.050909 0.035359
1.114668 0.013065
-1.192491 0.025403
1.054762 0.075363
0.973195 0.210012
1.203599 -0.002469
-1.126213 -0.080653
-1.352937 0.126907
1.106509 0.103538
1.116190 0.073554
0.975570 0.059041
-1.130529 -0.099023
-1.088066 -0.032648
1.029280 -0.043338
-1.034101 -0.077327
-1.101261 -0.003849
-1.239612 0.049895
-1.149729 -0.010991
1.231062 -0.052641
1.205439 0.094024
1.072702 0.032043
1.001903 0.000033
1.342477 -0.195643
-1.007944 -0.084822
1.265315 -0.012156
1.225762 0.036921
0.964237 0.294629
-1.065850 -0.016382
0.971928 -0.006465
-1.327537 -0.044363
1.191451 -0.173475
-1.457786 -0.242349
0.878870 0.183621
-0.956912 -0.094077
1.212223 -0.031294
-1.142868 -0.032486
1.082045 0.081537
1.186157 -0.055667
1.097249 0.065693
1.080296 -0.006744
1.091212 0.035910
1.087972 0.014372
-1.180286 0.070077
-1.067047 0.018299
-1.077544 -0.001223
1.098527 -0.043046
-1.089011 0.094143
-1.182138 0.019380
-1.017988 -0.043406
1.204901 0.177445
1.202508 0.044967
1.040364 -0.076765
-0.936998 -0.188453
-1.182188 0.105366
1.024585 0.073537
1.200549 -0.222860
1.099111 -0.006003
-1.092624 -0.084863
-1.134980 0.079023
-1.119652 -0.099266
1.110442 -0.063517
-1.022642 0.017331
0.937101 0.105357
1.073644 -0.026761
-1.243972 0.235239
-1.228793 0.087042
1.138487 -0.055386
-1.278846 -0.070633
-1.066694 0.001126
-0.961720 -0.004825
1.203473 -0.198985
-1.037605 0.109069
-1.087803 0.204171
-1.176298 0.226435
0.909892 0.255604
1.111388 -0.213983
0.939800 -0.139665
1.441842 -0.125732
1.292167 -0.299374
1.336186 -0.119489
-0.893966 -0.011971
-1.037526 -0.231207
-1.222067 -0.120129
-1.134466 -0.052478
-1.008729 -0.125751
-1.165215 -0.100543
0.947259 0.132383
1.050403 0.119804
-0.980287 -0.143830
-1.131928 0.015999
1.095030 -0.120336
1.033883 0.076452
-1.060779 -0.017643
1.046253 0.066393
1.162249 0.048678
-1.193707 -0.010774
1.098544 -0.009151
-0.985806 -0.083302
1.205654 -0.118042
-1.113544 -0.065514
-1.018356 -0.192885
-1.144069 0.055309
-1.130291 -0.023599
-1.203052 0.202603
1.098659 0.050327
1.158960 -0.139278
-1.039233 0.018653
1.180603 0.011816
1.175560 -0.004354
-1.033275 0.090345
1.033359 0.164345
1.168201 -0.093021
1.235815 -0.257465
-1.147384 0.118900
-1.193742 0.154259
-1.129059 -0.039833
1.027339 -0.066579
1.001395 -0.072153
-1.295098 0.284249
-1.026440 0.131281
-1.147548 0.185242
-1.309167 0.300633
1.054240 0.209757
0.972134 -0.186283
-1.028078 0.038499
-1.240295 -0.319362
-1.173457 0.236540
-1.463943 0.110612
-1.020647 -0.199645
1.045482 0.136515
-1.138432 -0.130046
-1.017731 -0.056184
-0.961749 -0.048332
1.327838 -0.063530
-1.076466 -0.158894
1.067058 0.075176
-1.133943 -0.134646
1.036038 0.025525
-0.975469 0.092566
1.078921 0.027045
-1.052007 0.027761
1.068072 0.025255
-1.162551 -0.058892
1.169779 0.118705
-0.967130 0.013551
1.126393 0.161066
1.151365 0.002387
1.063015 -0.117722
1.004874 0.182388
-1.088716 0.020563
-1.177637 -0.005559
-1.276293 0.228795
1.070938 0.131831
1.140064 -0.034584
1.131868 -0.069314
-1.092798 -0.086348
-1.053002 0.074952
1.059533 0.039570
1.118341 0.107578
1.084832 -0.017786
1.298200 -0.104743
-1.012484 0.163962
-1.044259 0.093441
1.140423 0.228181
1.119923 0.199230
0.830436 0.013353
-1.166870 0.056037
-0.984205 -0.078650
-0.970591 0.112004
1.063347 -0.232418
-0.934048 -0.221882
1.120378 -0.146387
1.091038 -0.054113
1.259756 0.171069
1.263158 -0.219258
-1.290854 -0.176030
1.017593 0.100398
0.995944 0.053991
1.152350 0.169893
1.196091 0.013110
-0.959354 0.003622
1.279065 -0.045379
0.917216 0.073648
-1.053742 -0.004268
1.087628 -0.012033
-1.090651 0.031414
1.108056 -0.087288
0.996082 -0.096622
0.991157 0.038703
1.073794 0.014767
-1.164634 0.011942
-1.193843 -0.025411
-1.044075 0.013620
1.118199 0.048950
1.240754 -0.008074
-1.016226 0.052348
-0.973026 -0.205288
1.234083 -0.136044
-1.021024 0.011222
-1.187587 0.149717
1.002101 -0.033530
