0.774423 0.094064
-0.777647 0.082041
-0.808230 0.061758
-0.706743 -0.032439
0.803301 0.011730
0.748458 0.021530
-0.783559 -0.109898
-0.742135 0.004051
0.614335 -0.014739
-0.756479 -0.011784
0.653334 0.004561
-0.761457 0.032957
-0.820475 -0.041886
-0.685610 0.008988
-0.673508 0.133283
-0.804413 -0.020698
-0.691324 -0.008614
-0.701980 -0.119651
-0.754782 0.132531
0.732486 -0.096336
0.816405 0.043660
-0.808941 0.055245
0.812313 -0.091438
-0.728141 -0.019613
0.641873 0.115265
-0.595238 -0.079926
-0.776681 -0.074142
-0.764760 -0.101601
-0.752915 -0.089188
-0.792956 -0.100831
0.773560 0.083109
-0.807651 -0.046377
-0.668328 -0.028894
0.881607 -0.018491
-0.783224 -0.041102
-0.715865 -0.117185
0.699498 0.110058
-0.798620 0.017725
-0.754351 0.037310
-0.771427 -0.077923
-0.805056 -0.103171
0.697564 0.035018
0.739884 0.031898
-0.638541 -0.048739
0.690185 -0.030482
-0.806564 0.019730
-0.788084 -0.003211
-0.811795 0.003184
-0.839328 0.059808
-0.644423 0.042228
0.787581 -0.069980
-0.690662 0.018905
-0.755153 0.049580
-0.812768 0.072906
-0.771582 0.057520
0.744412 -0.019793
-0.719902 0.007423
-0.790347 0.056925
0.625401 0.071565
-0.776866 0.019726
-0.742846 -0.020070
0.800950 -0.011157
-0.745767 0.055631
0.815434 0.027852
0.800172 0.003662
-0.785657 -0.065603
-0.810758 0.116808
-0.722105 0.096361
0.702116 0.065022
0.726811 -0.100096
-0.812081 0.079714
-0.698941 0.024866
0.651219 0.191006
-0.578748 -0.100161
0.708972 0.130482
0.665396 0.039005
0.750256 -0.015522
-0.747779 -0.178828
0.846789 -0.024953
-0.838695 -0.015237
-0.720056 0.009545
-0.783194 -0.124714
0.851902 0.012691
-0.687865 -0.063893
0.800570 0.071748
-0.824937 -0.056408
0.796046 0.002925
0.717059 0.047372
0.720796 0.038903
-0.708083 -0.022132
0.715861 0.053074
-0.702644 -0.018745
-0.800435 0.074932
-0.791946 -0.029471
-0.845044 -0.026343
-0.730838 -0.030492
0.755979 0.011061
0.717827 -0.050845
-0.661179 0.133206
0.707176 -0.028964
0.812099 -0.081816
-0.694290 0.125350
-0.791174 0.124073
-0.799245 0.128427
-0.619017 -0.028915
-0.719339 0.112072
-0.706724 -0.033282
0.819114 -0.142562
-0.722573 0.127881
-0.778324 0.061679
0.666460 -0.123574
-0.773151 -0.026567
0.794303 0.020918
0.836990 0.007946
0.734658 -0.066611
-0.817146 0.119724
-0.781005 -0.028800
1.005160 -0.103596
-0.764216 0.090915
-0.569888 0.166785
-0.647488 0.013654
0.640800 0.030318
-0.729942 -0.103012
0.697620 0.025756
-0.708614 -0.031670
-0.725226 -0.077221
-0.717728 0.050388
-0.789896 0.055133
0.741845 0.008572
-0.830148 -0.053665
-0.842923 0.033759
0.695159 0.013972
0.726963 -0.088805
-0.829440 0.085217
0.802372 -0.022854
0.813555 -0.008668
0.683087 -0.028724
-0.696339 0.049153
0.756737 -0.114408
0.700860 -0.053428
0.695625 -0.055943
-0.809906 0.003669
-0.776573 0.068801
-0.725861 0.003214
-0.817761 0.009637
-0.797514 0.046649
0.727646 -0.041740
-0.656661 0.029828
-0.775568 -0.036088
-0.773099 0.082974
-0.779766 0.016245
-0.755761 0.103762
-0.630460 -0.005213
0.794180 -0.045313
0.678209 -0.038228
-0.742994 0.064980
-0.814584 0.049478
-0.731469 0.106432
-0.737796 0.111840
-0.774656 0.017067
-0.777568 0.017241
0.805762 -0.039052
-0.850965 0.040934
0.704669 -0.109180
0.789642 0.067506
-0.795365 0.116045
-0.731139 0.064465
0.687581 -0.008983
-0.680669 -0.015583
-0.620334 0.051560
0.687458 0.074938
-0.731720 0.089801
-0.710127 -0.013549
-0.717769 -0.076370
-0.722252 0.008907
-0.760242 0.026962
0.737951 0.005816
-0.852224 -0.033894
0.774829 -0.049089
0.686778 0.015138
0.703994 -0.021602
0.795223 -0.068870
0.729101 0.004799
-0.772506 -0.046108
-0.726426 0.040027
-0.791572 -0.005177
-0.752903 0.131962
0.755293 0.040982
-0.699165 0.038616
-0.745522 0.059130
0.790256 -0.046467
0.847477 0.029411
0.691995 -0.008273
-0.748297 0.093720
0.786619 -0.024910
-0.730205 0.023316
0.729174 -0.029915
-0.722245 -0.003220
0.884973 -0.016636
0.663468 -0.129693
-0.607500 -0.031127
0.740802 -0.064187
-0.615606 -0.016501
-0.839994 0.006862
-0.770742 0.054980
-0.850823 0.110552
-0.758027 0.147423
0.815868 -0.028321
0.793986 -0.057962
-0.907080 -0.064863
0.839133 -0.105235
0.724955 -0.019231
0.804382 0.132019
-0.843892 0.099536
-0.812275 0.024904
0.743758 -0.049877
-0.687681 -0.064246
0.607681 0.006078
0.734348 0.011579
-0.723017 0.059899
-0.714264 0.098282
-0.711987 0.034699
0.714709 -0.044853
-0.718899 0.049699
0.738070 -0.044235
0.856703 0.050266
-0.808776 0.087274
-0.695818 -0.044586
-0.765340 -0.008879
-0.801683 0.127762
0.731159 -0.114459
0.767666 0.071163
0.793867 -0.031076
-0.710073 -0.025932
-0.766463 -0.038968
0.749861 -0.000147
-0.668645 0.002399
0.700075 -0.017167
0.770025 -0.094818
0.810753 0.015594
-0.779833 -0.026256
0.750550 -0.052336
-0.874439 0.041565
-0.663934 0.048332
-0.764084 0.038378
-0.814699 0.083059
-0.761571 0.065775
-0.795926 -0.038411
-0.609279 -0.022840
-0.754875 0.103728
-0.655991 -0.031268
-0.828461 -0.007681
0.779957 0.006382
-0.733777 0.017675
0.737182 -0.089698
0.784539 -0.166319
-0.802679 0.047654
-0.917807 -0.045032
-0.765004 0.087644
-0.673137 0.075213
-0.854364 -0.117397
-0.743495 0.103742
0.716806 -0.113266
-0.724432 0.057142
-0.668886 0.021760
0.713055 -0.030207
0.748184 0.076678
-0.739784 0.140062
-0.715844 0.045355
0.726010 -0.000963
-0.716782 0.081437
0.892286 -0.082167
0.734814 -0.063890
-0.867813 0.100244
-0.764721 0.119988
-0.581600 0.050318
-0.721222 0.093425
0.834727 -0.148732
0.765191 -0.141907
0.679650 0.060133
-0.735383 0.042673
-0.660914 -0.019636
-0.709421 0.029682
-0.704603 0.111723
-0.705845 0.030121
0.769392 -0.118804
-0.775844 0.061699
0.753158 0.030338
0.820704 -0.137506
-0.733283 0.096091
-0.819000 0.140579
0.746347 -0.103879
-0.744836 0.097331
-0.767094 0.188443
0.751255 -0.033414
-0.736001 0.179318
-0.642864 -0.015694
0.767547 -0.087990
0.654427 0.029690
0.742339 -0.023093
-0.679567 0.067838
0.754764 -0.185748
-0.669230 0.079955
0.895192 -0.063951
-0.920346 -0.041033
0.811316 -0.042644
-0.678396 0.154926
-0.707171 0.068037
0.763821 -0.051915
-0.735321 0.161414
0.798013 -0.111054
-0.689260 0.094434
0.738257 0.011365
-0.663224 0.087867
-0.715502 0.087058
-0.660566 0.067902
0.729964 -0.112964
-0.745632 0.011198
0.648857 -0.136030
-0.774031 0.178593
0.730733 -0.071396
-0.878832 0.002960
-0.839123 0.110676
0.685550 -0.027427
0.678975 -0.057327
-0.795163 0.160779
0.755185 -0.095023
0.707932 0.006660
-0.803730 0.041665
0.726891 -0.016004
-0.770622 0.124920
-0.740530 0.051783
-0.743228 0.084594
-0.849300 -0.016549
-0.782451 0.156325
0.657759 -0.091582
0.783281 -0.053063
0.702515 -0.049720
-0.733663 0.117297
-0.703932 0.105795
0.783938 -0.088422
0.811085 -0.066368
-0.802837 0.096108
-0.724663 0.094309
0.645599 -0.007358
-0.664618 0.168613
0.653654 -0.077514
-0.828821 0.082049
0.873743 -0.094954
0.807700 -0.123805
-0.777111 0.170344
0.760362 -0.150943
-0.790485 0.113814
-0.843474 0.109063
-0.812916 0.206569
0.679438 -0.125930
0.754567 0.021468
-0.816891 0.199370
-0.821815 0.158762
-0.710846 0.155755
-0.742959 -0.079704
0.645834 -0.003483
0.676150 0.059550
0.783844 0.046118
0.760870 0.069396
0.711700 0.050845
-0.820224 0.058717
0.795271 -0.055183
0.723325 -0.063674
0.819861 -0.000115
0.909927 -0.057653
0.740766 0.088148
-0.769928 0.075029
0.711329 -0.074235
-0.773431 0.115668
0.765679 0.068088
-0.830705 -0.018877
0.636228 -0.062608
0.661755 -0.013357
-0.704181 0.004332
0.750242 -0.043242
0.784197 -0.025191
-0.698589 0.081345
-0.744822 0.064729
0.835430 0.011447
-0.857850 0.155361
0.824497 -0.111042
0.728863 -0.074867
0.728882 -0.004350
0.764078 -0.027294
-0.761100 -0.042484
-0.799024 -0.021524
0.662376 0.028486
-0.705187 0.131582
-0.645006 -0.021247
0.757648 -0.086679
-0.778463 -0.012962
0.785685 -0.093142
0.738778 -0.070949
0.790461 -0.035685
-0.836153 0.065448
0.803583 0.012504
-0.816322 0.160337
0.782675 -0.053203
0.899525 -0.069049
-0.811207 0.066984
0.733206 -0.099208
-0.626485 0.043054
-0.679374 -0.093803
0.653010 -0.002380
0.704400 0.009127
-0.738345 0.008635
0.731657 -0.073911
0.767965 0.050677
-0.707949 0.034831
-0.857510 0.107679
-0.749895 0.078289
-0.859629 0.113400
-0.770376 0.074283
-0.644417 -0.014096
-0.783514 0.084538
0.837982 -0.075155
-0.775039 0.092526
-0.701947 -0.119709
-0.814714 0.007715
-0.770668 -0.007891
-0.680460 0.085141
0.732613 -0.077420
0.756914 0.006466
0.776726 0.021192
-0.863127 0.119969
-0.826121 -0.006223
0.713792 0.031515
-0.684141 0.152156
0.754774 -0.051896
0.678546 0.001212
0.797595 -0.012448
0.756103 -0.083355
0.837201 -0.053211
0.752204 -0.153199
0.633795 0.049782
-0.730701 0.033413
0.652753 0.031572
-0.867746 -0.029016
-0.762903 0.005027
0.812206 -0.034551
0.742360 -0.020242
-0.834963 -0.014862
-0.746347 -0.058604
-0.798874 -0.111707
-0.722563 0.133219
-0.706853 0.005919
-0.835920 -0.168456
-0.733573 -0.043169
0.779228 -0.031663
0.718986 0.032740
-0.624788 0.054356
0.624501 -0.012729
-0.789220 0.052337
-0.734464 0.109889
0.662232 -0.062652
0.820564 -0.027150
-0.782530 0.151955
-0.755381 0.080104
0.735817 -0.068662
-0.848278 0.102907
0.859670 -0.133790
0.686836 -0.033324
0.673390 -0.108168
0.733749 -0.023798
0.797054 -0.126997
0.784846 -0.024294
0.719385 -0.066097
0.714198 -0.000827
0.742195 -0.088829
0.692625 -0.064887
0.747740 -0.019273
0.857454 -0.005243
-0.706881 0.101505
0.772421 0.026927
-0.775565 0.173308
-0.782059 0.135406
0.831674 -0.066184
0.734473 -0.064346
-0.762518 0.056443
-0.721221 0.090568
0.847441 -0.117425
-0.793540 0.121502
-0.650265 0.068233
-0.793464 0.122364
-0.622237 0.045533
0.792983 -0.003554
-0.814383 0.108587
0.736893 -0.033860
-0.610782 0.147664
0.832186 0.005083
0.726438 -0.158468
-0.862424 -0.034587
-0.715830 0.027671
-0.750557 0.100865
0.708416 0.059899
0.673407 -0.122769
-0.776987 0.138966
0.674012 -0.083457
-0.693831 -0.105664
0.632680 -0.037319
0.701033 -0.020037
0.737609 0.041056
-0.796461 -0.046774
-0.804937 -0.091242
0.809370 -0.088043
0.745418 -0.067672
-0.792396 0.007048
0.944436 -0.024142
0.784331 -0.120313
-0.698594 -0.048610
-0.769561 -0.013041
-0.748405 0.076281
-0.744494 0.020746
-0.743202 -0.018664
-0.790200 0.039338
0.737572 0.023097
-0.793150 0.011111
0.680633 -0.026792
0.698286 -0.024740
-0.893886 0.126259
-0.805310 0.007592
0.801002 -0.045531
0.778998 0.003205
0.727316 0.012089
-0.740011 0.057798
-0.702776 -0.004663
0.799181 -0.038571
0.852355 -0.111863
-0.727283 0.001557
0.759737 -0.002884
-0.636055 -0.048449
-0.808552 0.007334
-0.705891 0.006612
0.795110 -0.048002
-0.746126 -0.074816
0.845783 -0.025493
-0.635569 -0.020455
-0.819263 0.019657
0.884745 0.039130
-0.782034 -0.021943
-0.727391 0.020195
-0.752316 0.039468
0.781936 0.064902
0.871349 -0.071912
0.721505 0.051100
0.784944 0.019211
0.684765 0.042098
-0.694862 -0.046413
0.664575 0.070361
-0.681635 -0.018201
-0.781961 -0.007151
0.727749 0.040773
0.746964 -0.130687
-0.841904 0.073291
0.756595 -0.011275
-0.817511 0.014811
-0.787429 0.109425
0.719632 0.016543
0.756255 -0.044658
-0.853015 0.058455
0.669984 -0.080225
-0.781702 0.003802
0.832110 -0.007488
-0.772439 -0.003479
0.754538 -0.030844
0.650833 -0.006031
0.748383 -0.009654
0.821103 0.011371
0.755204 -0.046351
0.703600 0.079168
-0.803527 0.063554
-0.754251 0.013628
0.760380 -0.153736
0.673526 -0.058858
0.727091 -0.153619
0.783530 -0.114410
-0.794754 -0.019801
-0.799595 0.091236
-0.667788 -0.015758
0.745867 -0.130579
-0.670829 0.072523
0.745903 -0.082445
-0.804551 0.096137
-0.683059 0.179687
-0.668830 0.245751
0.798725 -0.111374
-0.835273 0.043677
-0.839002 -0.024543
0.793845 -0.103506
0.752826 -0.108471
-0.679661 0.179555
0.860659 -0.124409
-0.750159 0.208670
0.635264 0.002793
-0.746665 -0.087174
-0.641147 0.027031
0.661529 0.037037
0.739917 -0.080442
-0.781351 -0.013992
-0.746985 -0.050217
-0.732649 0.095154
-0.742506 0.125040
-0.739404 0.001920
-0.894323 0.026044
-0.733572 0.119415
0.689732 0.035589
-0.782181 0.040418
0.789500 -0.021494
-0.716431 0.116899
-0.709177 0.026164
-0.713424 -0.031171
0.831989 -0.051501
-0.698078 0.097341
0.751578 -0.117709
0.765344 -0.011572
-0.871646 0.081899
-0.765039 0.122333
-0.774399 0.005911
0.812185 0.004668
-0.750068 0.015870
0.720671 -0.030964
-0.774958 -0.061817
-0.818756 -0.100061
0.741059 0.007484
-0.714415 -0.003838
0.776822 -0.009720
-0.670896 -0.048719
0.763647 0.019184
0.669536 0.015596
-0.751774 -0.011052
-0.733861 0.065565
0.771344 -0.065063
-0.811114 0.050235
0.864231 0.061718
0.747632 -0.030728
0.884361 0.101128
-0.827414 0.080257
0.825849 0.047286
-0.728472 -0.180507
0.798077 -0.039815
0.787045 0.035769
0.626557 0.008481
0.683913 0.023050
0.734002 -0.015205
-0.649638 0.074703
0.654466 -0.038951
-0.712365 0.031667
0.821134 0.044325
-0.725809 0.023933
0.790958 -0.055363
-0.742046 -0.020383
-0.871854 0.040790
0.757884 -0.101359
0.640878 0.032282
0.699118 -0.036918
-0.827158 0.126014
-0.672245 0.068379
0.696518 0.010419
0.756802 -0.017573
-0.689707 0.008235
-0.809788 0.021540
0.779582 0.037994
0.758775 0.058238
-0.899929 0.030059
-0.809065 0.018076
0.670324 0.014871
0.767020 0.031600
0.731368 -0.028954
0.779227 -0.088198
0.721584 -0.091040
0.833256 -0.064328
0.728260 -0.027167
0.836714 -0.007062
0.751093 -0.060509
-0.653665 0.043317
0.848979 -0.119942
0.697537 0.040066
0.665366 -0.090683
-0.753380 0.050714
0.678563 -0.109350
0.628790 -0.107679
0.693141 0.010632
-0.777680 0.086291
-0.775054 -0.008338
0.792122 -0.198414
0.531725 -0.077876
-0.818569 -0.006168
0.830137 -0.131108
-0.729371 0.158416
-0.610135 0.023772
-0.659932 -0.048936
-0.702511 -0.016352
-0.707367 -0.024014
-0.707043 -0.021236
-0.698845 -0.004725
-0.793441 -0.069006
0.741559 -0.009014
0.880068 -0.063281
0.757536 0.023499
0.857024 0.030453
-0.754183 0.047963
0.706939 0.059988
0.769384 -0.013340
-0.817919 0.004767
0.791749 -0.055494
-0.842420 -0.014066
-0.762366 0.022324
-0.757360 -0.055023
-0.701293 0.004036
-0.662838 0.039363
0.783921 -0.015861
0.794928 -0.082659
0.790455 -0.025755
0.699408 -0.005169
