1.171254 -0.128019
1.031192 -0.036009
-1.143470 0.053976
1.112071 -0.171435
0.976363 -0.002143
-1.160275 0.024739
-1.103419 -0.046108
-1.158384 0.102545
0.981802 -0.077549
-1.192052 -0.022375
1.102425 0.025884
-1.146333 0.124365
1.101805 -0.131957
-1.161723 -0.046009
-1.060729 0.109469
1.160601 0.056765
-1.163848 0.088254
1.119882 -0.159032
-1.006559 0.079585
-1.235170 0.142281
-1.239566 0.107903
1.160328 -0.054822
1.213502 -0.180018
1.068488 -0.067102
1.024551 0.046147
-1.070149 -0.024175
-0.998916 -0.034788
1.048658 0.041025
1.119950 -0.095405
-1.121454 0.075201
1.016852 0.015388
-1.206560 0.050192
-1.017090 0.075348
1.115998 0.143947
1.119484 -0.007787
-1.113140 0.089901
-1.052500 0.150123
0.959009 -0.020240
-1.114613 0.074226
-1.029357 0.110945
1.030163 -0.148559
1.171590 -0.158207
-1.036188 0.155628
-1.011451 0.140166
1.167726 -0.091068
-1.215160 -0.031019
-1.172702 0.155811
-1.064681 0.089026
1.246949 0.046992
1.051681 0.041701
1.090859 -0.088787
-1.135451 0.074974
-1.038368 0.093543
1.156164 -0.105409
-1.182905 0.046046
-1.074605 0.055992
-1.010459 0.002177
-1.097242 -0.014120
1.124513 -0.104066
1.083325 -0.080156
-1.148119 0.001535
-1.145450 0.022970
-1.066829 0.169289
-1.184450 -0.011229
1.151666 -0.121553
-1.084620 0.090694
1.180313 -0.119676
1.238577 -0.163809
1.240389 -0.076156
-1.352794 0.023361
-1.138015 0.071235
-1.062640 0.105077
0.974509 0.073870
1.067652 0.071054
1.026986 0.070622
1.023348 0.057142
-1.058675 -0.046132
1.055536 -0.021518
-1.140611 -0.103302
-1.177602 0.038618
-1.053837 0.007656
1.177866 0.048136
-1.158843 -0.035664
-1.037989 -0.044842
1.213791 -0.170927
-1.107925 0.041006
-1.045217 0.107387
1.102348 -0.152781
1.138358 -0.009802
1.176020 -0.085984
-1.062220 0.088930
1.028166 0.026514
1.044454 -0.039550
1.073935 0.043776
-1.149574 0.104337
1.110650 -0.123085
1.253445 0.050909
1.125422 -0.045209
1.147815 0.042806
-1.156718 0.015190
1.121213 -0.003261
1.163886 0.037029
1.097108 -0.003798
1.156321 -0.029908
-0.983475 0.001718
1.080753 0.030136
-1.203216 0.039346
-1.192153 0.010432
1.018722 0.009744
-1.110513 -0.119269
1.245788 -0.076242
1.173766 0.122631
-1.166616 0.036605
-1.051733 0.092753
1.116336 -0.102322
-1.238051 0.086075
1.314014 -0.172769
1.126445 0.019447
-1.220114 0.030081
-1.135611 0.063902
0.874965 0.136473
-1.110187 0.090233
1.022868 0.102384
-0.994567 -0.114115
1.122460 -0.123968
-1.020422 0.033788
1.096611 0.158012
1.054484 -0.138859
-0.970638 -0.057733
1.063009 0.170978
-1.160678 0.071667
1.134455 -0.041831
1.135706 -0.064806
1.043047 -0.004899
1.141733 -0.012255
0.975537 -0.114037
1.097102 -0.085203
1.116387 -0.084941
-1.041465 0.111632
1.065218 -0.028313
1.073877 -0.006458
1.167876 0.057279
-1.103614 0.081421
-1.060363 0.090457
1.249621 0.062725
1.062167 -0.079387
-1.159228 -0.056632
1.156952 -0.093580
-1.071663 -0.019956
-1.115560 0.082356
1.152143 -0.044067
1.159238 -0.066476
-1.007077 -0.033986
-1.051018 -0.055638
1.059829 -0.044715
-1.114190 0.116421
-1.083745 0.049335
1.126782 -0.055014
-1.205979 0.091637
-1.098817 0.022810
-1.154231 0.152757
-1.010719 0.128696
1.035272 -0.012577
1.254466 -0.193945
-1.198012 0.157688
1.272286 -0.034955
1.218524 0.087242
-1.194625 0.095251
-0.986590 0.069955
1.168095 0.041682
0.962664 0.183637
1.058202 0.029467
-1.243485 -0.013357
-1.111779 -0.083859
1.015768 0.071385
1.237423 -0.017932
-1.007397 0.061482
1.102773 0.091657
-1.002109 -0.080943
-1.036053 -0.050225
1.159510 -0.076227
1.049141 -0.095224
1.033095 0.015149
1.040544 -0.073012
-1.080142 0.002867
1.174375 -0.032536
1.081315 -0.069144
1.088626 0.042074
1.042736 0.002353
1.083875 0.007392
-1.072095 0.010968
-1.053068 0.011322
-1.163897 -0.047351
1.130690 -0.013860
1.164378 0.071826
-1.093385 0.106703
1.054084 0.010815
1.078541 -0.124753
1.022115 0.030771
1.199201 -0.144311
-0.936547 0.097569
1.121296 -0.041484
1.195565 0.009922
-0.960181 0.051168
-1.096886 0.115978
1.148194 -0.140142
-1.117230 0.169246
1.133823 -0.142152
-1.060453 0.062167
-1.047456 0.182714
-1.093323 0.109064
-1.337363 0.294971
-1.156460 0.064174
1.301142 -0.059358
1.113702 -0.022300
-1.133858 0.200959
-0.930938 -0.070422
-1.032606 -0.117453
0.882097 0.144319
-1.021072 -0.094385
-1.141478 -0.056512
-1.062301 0.023635
1.079702 0.214303
1.260492 0.053560
-1.025546 0.039145
1.091893 0.169012
1.104115 0.139569
1.046270 0.096526
-1.172536 0.069560
-0.960109 0.064295
1.020353 -0.016996
-1.033762 0.019248
1.035956 -0.060248
-1.121178 0.019015
-1.093271 0.025670
-1.089925 -0.072168
1.240460 -0.041565
-1.107669 -0.103958
1.143934 -0.034513
1.183845 -0.017126
1.238857 -0.057800
1.135504 -0.042550
-1.205944 0.040857
1.140447 -0.064674
-1.047114 0.063045
1.045564 -0.073016
1.127912 0.062866
1.086191 0.005195
0.982928 0.015538
-1.124000 -0.019875
1.098306 -0.027960
-1.095838 0.081272
-1.108089 0.001758
-1.072046 0.074399
1.111830 -0.019468
-1.107495 -0.004533
-1.096705 -0.072554
-0.972639 0.058753
-1.131116 -0.015345
-1.195621 0.154882
-1.224851 0.002447
1.283668 0.012160
1.245998 0.177044
-1.036965 0.141608
-0.998976 0.004095
-0.977828 0.167753
-1.122395 0.053446
1.010583 0.041182
1.171652 -0.219309
1.085488 -0.152089
0.986083 0.013470
-1.224574 0.096742
0.992332 -0.109886
-1.009179 -0.009112
1.008743 -0.036427
-1.098677 0.056928
-1.214604 0.269892
-0.990717 0.054082
-1.166560 -0.000191
-0.965858 0.189332
1.079784 -0.048381
-1.178347 0.177211
-1.032310 0.159312
0.961334 -0.104697
1.074700 -0.061388
-1.089583 0.015575
1.173249 0.034153
1.112584 -0.110223
-1.195356 0.124324
1.145717 -0.135502
-1.209218 0.157954
-1.161204 0.025786
-1.206419 0.035157
-1.156910 0.064267
-1.089079 -0.026223
1.127777 -0.046499
-1.016263 0.028536
-1.144494 -0.068045
1.184501 0.028462
1.142011 -0.051549
1.012567 -0.018394
1.238763 0.146023
1.065025 0.021988
-1.183821 -0.053473
1.204922 0.043031
1.103968 -0.070471
1.092198 -0.012178
1.253536 -0.050909
1.271485 0.031664
-1.237490 -0.076479
-1.063032 -0.071899
-1.249240 0.086041
0.920668 -0.121125
-1.005507 0.155040
1.005855 -0.193262
-1.036816 0.076440
1.186722 -0.219906
1.076687 -0.164533
1.070141 -0.097497
1.176629 -0.154045
-1.064768 0.142793
1.125762 -0.020845
1.249280 -0.060596
-1.118020 0.183702
-1.233813 0.151773
-1.018263 0.065058
-1.114716 0.112087
1.011753 -0.159720
1.022522 -0.091435
1.110725 -0.054282
-1.110787 0.173663
1.089088 -0.080914
-1.092175 0.107558
1.089644 -0.037321
-1.102166 0.115307
1.049504 -0.050941
-1.179023 -0.014283
-1.100760 -0.010252
1.204864 0.020539
-1.119969 0.041274
1.147586 -0.011159
1.026954 -0.108687
1.074068 0.052380
-1.121657 0.048737
-1.043196 0.019511
1.114996 0.092655
1.060609 0.089102
-1.148128 0.051553
-1.129434 0.052258
1.120805 0.013228
-1.109407 0.038602
1.075130 0.057382
-1.173914 0.014756
-1.052444 0.068948
1.043721 -0.025868
1.377363 0.042776
1.113865 -0.078173
-1.134006 -0.148849
-1.095694 -0.199906
1.177442 0.060562
1.053761 -0.044055
1.130242 -0.093845
1.003317 -0.041907
1.093606 -0.036965
1.187140 -0.104988
-1.102576 0.100376
-1.073417 -0.033694
1.152386 -0.050489
1.090993 0.006607
-1.083743 0.043278
1.130519 0.028012
-1.009395 0.034492
1.118906 -0.063746
-1.049078 0.049407
-1.160636 0.078814
-1.052176 0.044779
-1.090047 0.087963
1.166966 -0.016105
1.089949 -0.049037
1.183343 0.022943
-1.041149 0.063307
1.133388 0.103752
1.163971 -0.062842
-1.072985 0.072738
1.243869 -0.068768
-1.101463 0.085496
-1.222989 0.066624
-1.119908 0.177476
-1.072567 -0.016623
1.114450 -0.173195
1.111664 -0.084970
1.150323 -0.062740
-1.117972 0.106545
-1.077548 0.085000
1.077120 0.050657
-1.053269 0.096667
-1.094146 0.065045
1.134938 0.031999
-1.084768 0.190082
-1.089657 0.013769
1.234685 -0.023708
-1.023040 0.084020
1.110252 -0.118448
1.372227 -0.166026
1.201903 -0.134694
1.218148 -0.128281
-1.212772 -0.045764
1.039001 -0.077604
-1.035272 -0.145082
-1.010031 -0.130919
0.878618 0.070575
-1.015212 -0.067744
-1.182682 -0.074337
1.057494 -0.015269
0.972092 0.123827
-1.190032 -0.036799
1.052392 0.037533
1.100900 0.104461
1.148310 0.093970
-1.055522 -0.057114
-1.247758 0.169038
1.071053 -0.030912
1.107981 0.088312
-1.038538 0.000219
-0.991890 0.028401
1.189741 0.001478
-0.994130 0.069960
1.091330 -0.000940
1.029393 -0.051321
1.093356 0.032324
-1.144092 0.053096
1.045677 -0.080292
-1.268904 -0.040806
1.132846 -0.097418
1.176762 -0.121921
1.184619 -0.243451
-1.119074 0.134811
1.106604 -0.200734
1.075990 -0.048795
1.152350 -0.207186
-1.022979 0.067310
1.132155 -0.031168
1.119369 -0.047604
-1.142248 0.171859
1.156757 -0.111292
-1.161495 0.061978
1.039136 -0.136449
-1.144422 0.058540
1.194768 0.005331
1.034916 -0.204194
-1.143194 0.145508
-1.244850 0.221719
-1.264699 0.141282
-1.269928 0.030555
1.003584 -0.129365
0.988877 -0.132702
-0.928071 -0.089779
-1.098490 0.041296
1.076293 0.096532
-1.002308 0.009203
-1.023407 0.099830
-1.139658 0.016782
1.031645 0.090906
-1.011855 -0.137803
1.063353 0.038676
1.120901 0.093435
1.100930 0.012432
-1.029606 0.041461
-1.248214 0.142255
-1.004255 0.053690
1.149793 -0.035347
-1.080087 0.051612
-1.018988 0.016947
-1.048456 0.093673
-1.193886 0.120455
-1.055159 0.047837
-1.157925 -0.040633
-1.133168 0.017992
1.102228 -0.099795
-1.085429 0.088423
-1.166771 -0.033455
-1.091027 0.004063
-1.169286 0.038039
-1.084945 0.054926
-1.094527 -0.059952
1.164011 -0.145858
1.094953 -0.018734
-1.168743 0.045525
1.034374 -0.085660
1.085393 0.043083
1.078306 0.041018
1.039991 -0.101020
-1.115378 0.152850
1.097726 0.062355
-1.094321 0.090079
1.087956 -0.045290
1.157785 -0.069197
0.906003 -0.155122
1.076038 -0.082426
1.266453 -0.251630
1.190276 -0.133812
1.142074 -0.001860
-1.191995 0.125188
1.077671 -0.115553
0.978883 0.120858
1.039499 0.148035
1.078863 0.143191
0.994309 0.062389
1.055396 0.050740
-1.185388 -0.038891
1.024046 0.148052
1.173287 -0.099804
1.091150 0.003518
-1.165090 -0.163466
-1.096006 -0.014106
1.000705 0.029899
-1.113355 0.073079
-1.056063 -0.024136
1.221167 0.018565
1.046556 -0.036989
-1.147329 0.020339
-1.133182 0.032529
-1.026785 0.112829
1.047519 -0.067660
-1.031509 -0.010391
1.157693 0.058062
1.160113 -0.096913
-1.156560 0.126666
-1.152355 0.099733
1.093409 -0.039840
-1.223209 0.101581
1.185131 -0.039440
1.071503 0.060729
-1.127986 0.059213
-1.061269 0.059384
-1.111348 0.033840
-0.948453 0.057049
1.166004 -0.028651
-1.098417 0.028688
-1.173661 0.099783
1.079901 -0.063394
1.212450 -0.136211
1.139999 -0.153903
-1.177486 -0.010011
1.185088 -0.072524
1.006196 -0.164362
-1.153427 0.218566
1.170451 -0.144243
1.377563 -0.118341
1.264900 -0.081475
1.197445 -0.010372
-1.048382 0.066321
0.961985 0.003649
1.048717 -0.013984
1.111490 -0.013236
1.014821 0.207188
1.145611 -0.070141
1.060218 0.074676
-1.006017 -0.087324
-1.256970 0.107183
-0.981894 0.061494
-0.971157 -0.184944
-0.986473 -0.050987
-1.080473 0.008825
-1.146639 0.114579
1.131489 -0.036368
-1.238073 -0.059958
-0.994944 0.103328
1.083832 -0.054594
-1.102365 -0.047260
0.996890 -0.067671
-1.068293 0.040062
1.048651 0.002592
1.056391 0.091379
-1.156343 0.037341
-1.034671 0.103219
-1.278783 -0.157483
-1.131735 0.033044
1.129574 -0.013854
-1.150245 0.022182
-1.063061 -0.009359
-1.065009 0.100203
-1.102087 -0.088786
1.023769 -0.128923
0.996382 -0.093555
-1.092411 -0.092758
1.177289 -0.022107
1.080186 -0.025469
1.028466 -0.106117
-1.135028 -0.002453
1.112699 -0.088473
1.151138 0.046967
1.149435 -0.085461
1.144202 -0.154286
1.049074 -0.117741
1.237958 -0.192516
1.321671 -0.104768
-1.195586 0.026382
-1.179538 0.079872
1.183804 -0.293155
0.910406 0.122662
1.019424 -0.004816
-1.087740 -0.122107
0.981729 0.160777
-1.201900 -0.014791
1.068981 -0.030588
-1.034715 -0.061650
1.167528 -0.045025
-1.124502 -0.053037
-1.034830 -0.106574
-1.015142 0.010104
-1.075584 -0.038493
-1.110083 0.191853
-1.040539 0.008663
1.232110 -0.030271
1.087917 -0.074861
-1.050647 0.057250
-1.229653 0.004526
0.990069 -0.056679
1.088418 -0.094513
1.044467 -0.010762
1.073108 0.036006
-1.219641 0.020327
1.024544 -0.048391
-1.160131 -0.038776
-1.126941 0.026101
1.240913 0.006047
-1.048389 0.065932
-1.090060 -0.033375
1.039726 -0.047042
1.046095 0.015786
1.130657 -0.083486
1.037024 -0.042786
-1.182389 -0.009800
-1.079659 0.057396
-1.050463 0.030202
0.978769 -0.075237
1.159995 0.041743
1.018444 -0.079602
1.110368 0.049377
1.093411 -0.106821
1.040161 -0.082860
-1.066019 0.112331
-1.171681 0.113236
-1.204339 0.131020
1.209208 0.037823
1.103794 0.005587
1.220871 -0.246424
0.971932 0.144671
1.099234 -0.067924
-1.105555 -0.019625
-1.092112 -0.059408
-1.165129 0.102799
-0.973466 0.074940
-0.979832 -0.137757
1.241469 -0.042840
1.015436 -0.003813
-1.116242 -0.027244
-1.012416 -0.093626
1.089112 -0.016132
-1.099826 0.129940
-1.099330 0.053624
-1.088503 -0.008930
-1.076232 0.100915
1.035009 -0.097899
-1.183181 0.006832
-1.123186 0.020960
1.085865 0.017261
-1.045930 0.006838
-1.098604 0.045941
1.159399 -0.073528
1.118664 -0.028880
1.328957 -0.014127
-1.040376 0.055696
-1.232620 0.080858
1.249847 -0.062650
-1.130253 -0.003686
1.136970 -0.174340
-1.121231 -0.029650
1.081893 -0.087336
1.038265 -0.083440
1.161539 -0.019193
1.132088 -0.046852
1.128382 -0.142215
1.095423 -0.104139
-1.136181 0.106462
-1.110788 0.042873
-1.204147 0.068556
-1.125498 -0.036025
1.055834 -0.075712
1.062583 -0.167434
-1.210850 0.116183
-1.207993 0.057010
-1.233518 -0.018161
-1.190930 -0.016857
1.137435 -0.088993
-1.078224 -0.144443
1.041151 0.107143
-0.981072 -0.058420
1.030738 0.136205
-1.085467 -0.029006
1.027371 -0.021676
-0.920092 -0.067122
-1.160138 -0.028073
1.180642 0.042882
1.257701 0.168994
-1.095762 -0.130615
1.019163 0.025793
-1.186681 0.070654
-0.941191 -0.003604
1.148281 -0.004473
1.121415 -0.030931
0.979452 -0.105125
1.178663 -0.193370
-1.111195 0.071897
0.977911 0.092098
1.046300 -0.061198
1.079662 0.015769
-1.256615 0.065283
-1.070259 0.093318
