288.509 265.439 249.652 259.412 79.7185 338.61 197.085 192.945 
298.307 252.841 268.794 255.915 106.575 343.817 233.58 206.909 
118.881 249.707 93.1903 617.128 296.826 348.7 68.0889 216.488 
351.912 224.331 352.577 258.926 222.729 15.49 20.957 271.165 
288.666 254.913 256.156 255.929 94.2946 342.561 219.823 206.026 
323.11 227.217 318.579 256.405 184.636 10.2693 337.44 261.228 
328.823 235.224 317.722 257.384 176.698 364.809 324.07 249.179 
29.5853 236.424 15.7017 256.397 230.076 358.43 12.9812 240.359 
188.537 275.221 137.245 255.731 314.489 322.179 59.9418 165.704 
106.267 240.625 89.4135 255.965 301.818 357.334 80.9888 234.557 
272.042 221.537 275.276 257.171 147.604 17.8929 308.658 275.226 
101.515 213.156 112.78 264.776 353.357 25.8096 161.776 291.629 
251.393 233.759 244.829 260.594 106.55 10.6421 259.009 257.653 
300.182 264.18 262.888 259.671 94.3794 340.34 216.742 196.975 
59.2856 276.764 9.16541 260.216 189.061 327.514 298.319 172.429 
7.98917 267.226 327.6 260.434 159.081 339.055 277.574 192.048 
321.781 245.812 302.744 260.027 154.588 359.918 294.631 233.571 
315.426 224.981 317.359 258.257 191.934 21.3729 351.435 277.048 
139.072 281.446 112.256 259.417 316.457 352.238 87.5516 219.298 
28.9718 242.534 11.617 258.39 223.737 360.286 7.00286 240.333 
249.892 216.9 257.097 257.163 132.239 23.7433 300.136 287.534 
134.958 388.866 113.302 260.339 320.122 354.072 97.1087 227.824 
283.719 250.752 258.919 258.965 103.669 352.607 239.097 223.69 
82.9845 229.184 80.1356 258.826 306.498 14.1814 102.985 266.452 
159.244 245.734 140.055 259.785 349.474 358.2 129.812 234.888 
47.0528 227.436 45.8139 258.287 273.124 15.0742 71.6922 269.918 
90.0615 272.772 44.8536 260.931 228.416 331.807 341.908 180.99 
132.035 538.889 67.6102 259.121 234.093 314.423 330.349 146.565 
114.968 230.924 109.797 272.463 334.522 12.591 128.372 262.986 
40.4269 419.976 205.221 412.495 189.562 492.563 309.205 348.164 
