0.51873 0.480799 0.588143 0.441437 0.503992 0.417022 0.489727 0.794239 
0.52017 0.477738 0.583804 0.438469 0.499611 0.419691 0.488115 0.796892 
0.518296 0.475253 0.581899 0.439407 0.501127 0.42531 0.487147 0.792478 
0.518142 0.474585 0.581246 0.431363 0.502558 0.42467 0.488537 0.793488 
0.519759 0.478092 0.57685 0.434714 0.503603 0.423127 0.489914 0.79086 
0.515018 0.479536 0.576649 0.433314 0.502317 0.422524 0.488691 0.789949 
0.518775 0.480795 0.570445 0.434381 0.499629 0.415423 0.491928 0.789641 
0.518181 0.473933 0.581894 0.432508 0.498381 0.420502 0.490579 0.79107 
0.518401 0.474295 0.580025 0.434033 0.498258 0.419518 0.492167 0.788455 
0.517926 0.475739 0.580423 0.43692 0.497513 0.417478 0.489936 0.789181 
0.517976 0.477694 0.579703 0.436982 0.497352 0.418713 0.488319 0.78807 
0.518353 0.477254 0.580526 0.437349 0.497236 0.417728 0.488931 0.788665 
0.517227 0.469682 0.582048 0.436929 0.49526 0.416637 0.481974 0.799555 
0.518244 0.467483 0.576054 0.43682 0.493927 0.416559 0.485262 0.800082 
0.517228 0.464971 0.573102 0.436596 0.496685 0.415798 0.486259 0.801904 
0.515641 0.478193 0.573416 0.44443 0.49262 0.404688 0.49351 0.794131 
0.515829 0.48053 0.575677 0.445389 0.493949 0.405099 0.490504 0.792017 
0.516567 0.476299 0.567481 0.449011 0.499364 0.412979 0.494754 0.784457 
0.515069 0.478032 0.571105 0.437731 0.496569 0.411549 0.492567 0.791104 
0.516254 0.477111 0.571668 0.434117 0.494248 0.403055 0.48563 0.795282 
0.520959 0.474201 0.569291 0.437976 0.491441 0.411786 0.489216 0.793699 
0.520688 0.470195 0.569887 0.435215 0.497734 0.418136 0.488715 0.792257 
0.516378 0.469938 0.570441 0.437658 0.495123 0.415994 0.487514 0.798846 
0.517444 0.468619 0.570903 0.436757 0.494493 0.416086 0.489209 0.797165 
0.514039 0.467779 0.571558 0.431142 0.498647 0.409182 0.485852 0.798896 
0.516186 0.468356 0.569 0.435503 0.495311 0.412253 0.488098 0.799451 
0.515834 0.469135 0.57042 0.435176 0.495919 0.416784 0.486762 0.792275 
0.514117 0.46932 0.567874 0.43613 0.494059 0.410464 0.492049 0.798845 
0.51382 0.468156 0.568024 0.438391 0.494569 0.41164 0.491394 0.795814 
0.512672 0.470185 0.569119 0.439896 0.49416 0.409631 0.491695 0.79652 
