0.304194 0.0852702 0.396001 0.262126 0.36881 0.143186 0.480936 0.320616 
0.302319 0.0855248 0.393434 0.260684 0.367385 0.139752 0.477753 0.315413 
0.302201 0.0834562 0.392588 0.25884 0.366106 0.137557 0.471294 0.317786 
0.304819 0.0833868 0.388771 0.252546 0.365002 0.138988 0.473573 0.316441 
0.304208 0.0827791 0.38738 0.255297 0.363297 0.139683 0.471969 0.313278 
0.301927 0.0838649 0.388612 0.254868 0.363661 0.138858 0.471371 0.316295 
0.298988 0.0924527 0.389247 0.255271 0.360159 0.138653 0.469919 0.317164 
0.299312 0.0847903 0.386698 0.255747 0.363955 0.140444 0.47033 0.323187 
0.301247 0.0861555 0.387042 0.256059 0.362532 0.14113 0.472756 0.322072 
0.300033 0.0843739 0.390624 0.254947 0.36151 0.138959 0.472644 0.320048 
0.301415 0.0837408 0.390154 0.253708 0.360912 0.138858 0.470388 0.318805 
0.300859 0.0834491 0.389798 0.253581 0.360218 0.139029 0.471537 0.316891 
0.298878 0.081035 0.384467 0.251527 0.360316 0.138935 0.462499 0.311988 
0.301685 0.0833927 0.382344 0.25303 0.360597 0.139515 0.462787 0.311525 
0.30145 0.0854434 0.380905 0.250821 0.360769 0.14046 0.462795 0.310495 
0.295523 0.0850495 0.388212 0.261564 0.359045 0.138439 0.462952 0.319589 
0.295531 0.0854986 0.388002 0.26136 0.358902 0.139551 0.459928 0.316195 
0.299833 0.0824339 0.386783 0.253087 0.35902 0.141332 0.463273 0.31747 
0.296333 0.0823452 0.383593 0.252479 0.359959 0.139686 0.460976 0.317657 
0.301044 0.0800041 0.378506 0.248518 0.358851 0.14062 0.462385 0.309097 
0.299838 0.0812003 0.380123 0.249696 0.35791 0.13849 0.460595 0.313753 
0.300612 0.0842159 0.380014 0.248192 0.357299 0.140377 0.458341 0.312967 
0.300122 0.0844622 0.379533 0.249532 0.357124 0.139777 0.457173 0.312682 
0.300496 0.0840076 0.380742 0.248527 0.358766 0.139359 0.460285 0.313209 
0.299164 0.0827858 0.382552 0.252763 0.355889 0.142026 0.460086 0.31453 
0.300506 0.0851416 0.38175 0.251201 0.358803 0.140444 0.458941 0.313416 
0.298131 0.0821079 0.379184 0.247451 0.357834 0.140464 0.460956 0.314129 
0.300021 0.0818544 0.379561 0.250334 0.355675 0.139172 0.459563 0.311418 
0.299859 0.0829557 0.379009 0.247193 0.357821 0.138957 0.459191 0.310674 
0.298812 0.0828321 0.377428 0.247639 0.358016 0.139229 0.459562 0.312838 
