0.116577 0.22246 0.127887 0.142929 0.299561 0.256061 0.371952 0.235538 
0.116651 0.218318 0.117534 0.130818 0.294433 0.248586 0.382725 0.230562 
0.119914 0.220441 0.134727 0.120023 0.282992 0.256826 0.368942 0.225303 
0.110861 0.210755 0.114081 0.122353 0.297434 0.242933 0.363868 0.233081 
0.116115 0.226447 0.127873 0.136782 0.29834 0.246371 0.351401 0.229491 
0.12521 0.216041 0.11968 0.122129 0.296121 0.243476 0.35702 0.230781 
0.113963 0.212099 0.175062 0.0983731 0.279015 0.231042 0.376441 0.211484 
0.106656 0.241942 0.121184 0.116602 0.263191 0.230234 0.384424 0.20097 
0.113653 0.238973 0.117169 0.120624 0.268441 0.228612 0.376399 0.204619 
0.117188 0.204768 0.117895 0.128135 0.293192 0.249372 0.366159 0.236595 
0.113606 0.206275 0.116004 0.131696 0.293584 0.248349 0.362235 0.235781 
0.114816 0.205684 0.117858 0.13066 0.291285 0.247932 0.364184 0.235749 
0.0791422 0.19493 0.18339 0.0743998 0.257677 0.276667 0.332179 0.217792 
0.0819216 0.186995 0.165718 0.0482103 0.26305 0.273475 0.332207 0.206488 
0.0928828 0.187148 0.152381 0.0518579 0.276963 0.271192 0.320775 0.207258 
0.117622 0.186559 0.164647 0.0849129 0.269617 0.2795 0.359395 0.206745 
0.11974 0.178508 0.161145 0.0876344 0.271692 0.277136 0.358639 0.208391 
0.133196 0.202269 0.166816 0.0817564 0.297671 0.279481 0.323072 0.225516 
0.109506 0.232463 0.155882 0.114236 0.279738 0.265711 0.363821 0.205964 
0.09023 0.203104 0.17301 0.0481076 0.289704 0.264714 0.336755 0.188143 
0.0622536 0.204352 0.159484 0.028035 0.265528 0.272478 0.350559 0.190624 
0.0894898 0.207786 0.157519 0.06548 0.275112 0.256786 0.31645 0.193102 
0.0945218 0.178623 0.143959 0.0575471 0.28094 0.273509 0.334918 0.194035 
0.0922019 0.175133 0.132058 0.0560842 0.279119 0.271922 0.342202 0.196566 
0.0832563 0.189599 0.157843 0.0789734 0.266268 0.271526 0.340622 0.189595 
0.0888609 0.174574 0.135231 0.0561333 0.273046 0.276375 0.344205 0.185764 
0.0993937 0.190801 0.1788 0.0899868 0.277682 0.271158 0.329533 0.181662 
0.0844225 0.187508 0.150539 0.0747981 0.272002 0.277024 0.348638 0.196635 
0.101725 0.183464 0.149146 0.0716277 0.282499 0.274516 0.333534 0.194605 
0.104762 0.184429 0.147185 0.0716419 0.281946 0.273256 0.333716 0.194719 
