0.257168 0.673121 0.32335 0.211549 0.165139 0.224145 0.331712 0.212769 
0.255466 0.667145 0.317542 0.207678 0.163852 0.223866 0.328965 0.210579 
0.252297 0.663905 0.317356 0.209469 0.163209 0.222985 0.325729 0.214061 
0.255537 0.663059 0.315891 0.208375 0.162813 0.223241 0.326616 0.213614 
0.253611 0.660428 0.315713 0.209669 0.163374 0.220074 0.324737 0.214301 
0.253824 0.66227 0.316545 0.209069 0.16347 0.220283 0.323954 0.211851 
0.251916 0.661389 0.317062 0.217517 0.162009 0.219077 0.323223 0.213801 
0.251147 0.661549 0.312471 0.203844 0.161504 0.218189 0.323401 0.210391 
0.253167 0.659991 0.312733 0.205015 0.162136 0.217862 0.325661 0.211504 
0.252711 0.659122 0.313292 0.208938 0.162725 0.219324 0.322566 0.212704 
0.252077 0.658939 0.314107 0.208066 0.163556 0.219868 0.320374 0.211289 
0.252196 0.658901 0.31257 0.208223 0.162745 0.219837 0.322385 0.212876 
0.245737 0.665134 0.316776 0.202851 0.16137 0.216238 0.328453 0.210883 
0.245505 0.665348 0.318945 0.201446 0.161716 0.216341 0.329769 0.214395 
0.244443 0.662775 0.318529 0.19886 0.160191 0.216723 0.331105 0.21753 
0.248726 0.659725 0.31716 0.213232 0.158853 0.218577 0.32238 0.213284 
0.249318 0.658462 0.316019 0.212046 0.158083 0.22027 0.320984 0.211285 
0.25107 0.664289 0.312679 0.212997 0.159983 0.218162 0.321263 0.211276 
0.249042 0.667761 0.313879 0.211934 0.158803 0.21617 0.326479 0.211362 
0.244998 0.662884 0.317356 0.205292 0.160651 0.21514 0.326185 0.2168 
0.24346 0.666864 0.31743 0.204333 0.160837 0.217339 0.325008 0.21262 
0.245492 0.664949 0.314555 0.201975 0.159308 0.218694 0.324948 0.216916 
0.245015 0.663939 0.315586 0.20052 0.158471 0.218565 0.32505 0.219599 
0.247054 0.665013 0.314961 0.199346 0.157265 0.218155 0.325996 0.217787 
0.246499 0.664716 0.313264 0.201745 0.158121 0.218844 0.323892 0.216057 
0.245406 0.662995 0.314675 0.197759 0.156581 0.21773 0.32556 0.219665 
0.245719 0.663217 0.314854 0.204356 0.159129 0.218 0.324602 0.214591 
0.24459 0.665409 0.313871 0.201612 0.157713 0.217281 0.325364 0.218247 
0.244879 0.662678 0.316206 0.199559 0.158214 0.217068 0.325444 0.218835 
0.245834 0.663973 0.315415 0.2002 0.158243 0.218033 0.325719 0.218083 
