291.304 177.272 70.2382 250.168 251.556 274.866 39.6467 324.043 
81.7126 180.868 221.197 246.277 38.0834 270.435 178.833 311.125 
287.581 155.788 86.0178 248.373 290.927 293.309 91.8826 364.589 
176.59 142.97 340.532 233.261 179.929 293.311 350.223 362.59 
126.413 153.05 293.35 236.192 125.075 283.994 287.953 348.565 
309.854 153.349 117.732 223.578 307.939 281.257 109.342 343.318 
326.586 143.851 148.493 252.024 334.077 277.645 133.797 351.471 
112.423 134.461 306.331 225.4 153.149 301.389 331.79 21.4894 
186.387 505.732 6.14792 579.136 191.924 639.145 355.872 703.157 
214.767 178.23 348.464 236.591 165.474 268.002 303.867 310.632 
100.766 139.664 270.211 235.417 123.863 303.272 300.621 23.5711 
156.665 116.43 351.121 237.072 228.756 328.636 69.9254 73.5111 
353.64 94.401 183.021 201.883 20.2115 294.706 202.37 19.0298 
278.903 109.128 86.5034 211.086 280.833 288.617 91.2274 357.281 
321.598 130.891 113.069 205.243 294.966 276.438 91.7899 328.227 
278.682 145.178 74.5749 267.502 292.256 306.358 100.862 28.0737 
147.382 146.829 302.046 270.131 155.322 302.668 321.221 23.2084 
227.132 129.273 56.2392 267.403 282.989 315.83 111.813 48.4413 
111.875 139.672 300.667 228.183 131.709 283.249 302.975 364.924 
119.584 128.698 289.664 221.751 106.688 272.796 273.995 336.12 
85.6833 114.725 278.129 179.003 101.571 283.864 278.388 345.931 
10.168 161.634 144.902 301.983 295.224 248.018 71.3537 278.634 
19.7121 125.427 180.87 233.699 10.0905 286.313 180.13 346.949 
201.272 142.314 349.552 229.508 165.645 274.021 320.407 318.889 
77.6216 134.171 244.131 239.487 65.1479 279.846 228.659 342.135 
313.301 102.026 142.506 228.894 352.603 305.652 183.989 28.6245 
246.837 135.274 48.2787 250.33 226.012 274.013 28.6207 345.053 
34.8244 134.266 203.006 244.679 21.6392 276.153 183.209 336.744 
32.3175 103.625 224.176 246.46 76.793 309.004 271.649 43.1863 
195.455 137.215 354.673 248.743 179.969 282.051 346.102 346.849 
