0.116846 0.183423 0.20639 0.170449 0.623025 0.362439 0.462363 0.377578 
0.112533 0.193281 0.200269 0.200913 0.458483 0.35606 0.394107 0.351492 
0.128633 0.185609 0.23677 0.185758 0.609272 0.344296 0.474612 0.399081 
0.108323 0.193247 0.193169 0.177643 0.477275 0.325979 0.373337 0.332134 
0.116652 0.183901 0.247331 0.224233 0.6748 0.424258 0.473178 0.45141 
0.123984 0.201221 0.229096 0.227534 0.514988 0.387044 0.388226 0.385376 
0.118924 0.197345 0.232549 0.184591 0.642635 0.387704 0.460402 0.395834 
0.111411 0.173705 0.191078 0.172355 0.472288 0.35931 0.363619 0.318112 
0.112191 0.184707 0.237599 0.190557 0.65497 0.39276 0.47229 0.404161 
0.105367 0.166143 0.184455 0.156252 0.473705 0.33743 0.380913 0.322693 
0.117125 0.166176 0.233695 0.177097 0.650991 0.417745 0.489074 0.401358 
0.117625 0.206963 0.221901 0.202373 0.499479 0.412104 0.35424 0.323114 
0.119879 0.193687 0.236724 0.213489 0.644443 0.445503 0.41175 0.409505 
0.095041 0.169627 0.194114 0.15999 0.519984 0.358847 0.385075 0.343746 
0.11704 0.177785 0.209703 0.165324 0.555277 0.322381 0.433572 0.346308 
0.123458 0.207303 0.211764 0.199906 0.480421 0.404623 0.361436 0.313674 
0.114408 0.169593 0.202171 0.167156 0.539259 0.361302 0.397036 0.306405 
0.109912 0.184811 0.228653 0.220561 0.620175 0.450664 0.399856 0.388751 
0.13311 0.203111 0.202343 0.202889 0.50987 0.37546 0.390892 0.351095 
0.102116 0.152314 0.195546 0.158907 0.501036 0.315815 0.357856 0.306572 
0.120096 0.186035 0.191232 0.175246 0.510996 0.394622 0.37152 0.322217 
0.114991 0.170574 0.205855 0.16882 0.576818 0.343033 0.404727 0.330674 
0.122264 0.194967 0.231664 0.216145 0.623804 0.451618 0.397183 0.373461 
0.109706 0.161032 0.182699 0.149945 0.503417 0.338022 0.388789 0.336768 
0.116293 0.190344 0.220028 0.213974 0.566089 0.416262 0.391472 0.357515 
0.11721 0.203536 0.207159 0.200762 0.511507 0.398179 0.373302 0.334283 
0.10192 0.157593 0.189235 0.162407 0.52926 0.313246 0.388394 0.327036 
0.102804 0.169924 0.185947 0.150904 0.476603 0.368434 0.370661 0.298047 
0.123147 0.197772 0.234142 0.212177 0.583186 0.409368 0.426891 0.425148 
0.127978 0.20327 0.202409 0.191934 0.49539 0.401136 0.388491 0.338378 
