-83.1874 -157.452 154.257 67.1648 98.0106 4.9717 74.7949 147.409 
9.03262 -156.466 153.61 73.8127 101.964 0.535186 81.4764 152.943 
-119.425 -153.52 156.632 70.39 105.64 8.49962 79.9434 149.484 
-78.8689 -155.325 153.289 63.1339 101.893 -0.0136286 70.0028 140.936 
-66.6858 -151.785 149.924 63.2406 106.336 9.75668 81.0793 155.856 
-127.397 -156.704 146.734 64.4785 91.2131 0.65323 69.5515 145.836 
-172.894 -148.522 159.386 75.7637 117.108 20.4901 88.3602 156.132 
101.868 -155.825 153.418 71.6165 116.069 13.7287 82.6087 150.961 
153.614 -150.151 154.116 79.1064 106.986 9.98554 78.501 150.249 
146.858 -152.738 156.972 77.8759 113.526 11.0287 82.1481 152.477 
86.4614 -150.65 154.624 77.4198 114.444 15.5263 86.6879 152.683 
72.8054 -156.543 150.62 72.7816 92.0275 -3.62763 63.6677 141.545 
105.773 -154.09 148.288 71.9089 98.9756 2.14707 69.6198 148.67 
61.4715 -154.611 159.37 84.6199 120.875 19.976 78.2979 160.403 
20.2906 -153.474 161.779 85.765 118.098 21.6888 84.8759 162.393 
-72.203 -155.715 159.041 85.2183 108.146 12.3282 79.5334 159.35 
-151.698 -152.903 159.439 84.5146 116.292 17.2208 83.5681 163.328 
-135.359 -153.388 152.382 75.8783 105.326 8.33178 75.7176 157.776 
112.822 -150.727 156.623 83.0946 112.696 16.632 79.4421 162.278 
33.2116 -153.66 161.705 89.9098 119.774 20.4938 82.6631 164.524 
-102.306 -151.728 155.851 84.1788 104.448 3.66348 71.977 148.189 
-24.6179 -150.03 164.702 88.7262 121.121 24.7905 91.2367 -192.916 
-27.3413 -148.486 156.204 84.6085 107.486 16.4711 79.1693 159.202 
-91.5686 -149.387 160.93 85.441 120.149 17.7526 84.1151 162.767 
71.2244 -154.064 156.471 82.4022 104.244 12.7026 80.5053 159.92 
20.044 -153.291 157.025 79.684 101.865 6.72404 72.0017 151.538 
118.593 -151.452 159.475 84.5496 118.083 23.5442 90.1895 -188.121 
162.203 -154.489 156.3 82.2636 115.224 13.0199 87.6755 161.804 
-54.117 -154.026 154.24 73.6301 106.926 8.18522 82.736 161.03 
-117.401 -154.173 156.175 80.1633 104.193 7.98631 75.5632 155.996 
