0.799266 -0.121981
0.755370 -0.073606
-0.821382 0.018738
0.810022 -0.156640
0.838496 -0.049631
-0.494272 0.190390
0.538942 -0.269180
-0.762111 -0.037257
-0.508268 0.063297
-0.790544 0.003982
-0.880468 -0.014533
0.472952 -0.114466
0.500861 -0.250376
-0.825836 0.198265
-0.578624 0.059223
0.758432 -0.038332
0.614035 -0.189182
0.560605 -0.214475
-0.822679 -0.028339
0.879641 -0.014804
-0.931259 0.119093
0.784328 -0.014135
0.463216 -0.196634
0.849122 0.027012
-0.716092 0.025534
-0.703807 -0.102887
-0.393024 0.045572
-0.795895 0.004754
-0.384561 -0.003701
-0.752846 -0.019307
0.800638 0.080202
-0.388634 0.003906
0.798242 0.010905
0.429464 -0.034025
0.398953 -0.023529
0.774313 0.099021
-0.775159 0.003935
0.723702 -0.049488
0.486837 -0.203710
0.810382 -0.027394
-0.795789 0.027336
-0.515451 0.014932
-0.762041 -0.090369
0.740518 0.042843
0.836330 -0.060215
0.482591 -0.150894
0.481674 -0.127967
-0.393921 0.181791
0.811710 -0.117631
-0.791320 0.065877
0.804626 -0.035090
0.815089 -0.009509
0.508385 -0.129531
-0.569292 0.183563
0.830961 -0.174645
-0.484351 0.084229
0.458430 -0.155301
-0.832807 0.160043
0.546482 -0.118467
-0.474934 0.121934
0.483457 -0.235043
-0.777034 0.099687
0.611760 -0.266186
0.806182 -0.108950
0.562537 -0.201513
-0.554745 0.148310
-0.811979 -0.019526
-0.588773 0.356413
-0.818478 0.106642
0.645778 -0.394138
0.806840 -0.051976
-0.802333 0.012471
-0.666925 -0.069019
0.369866 0.117335
0.429226 0.093087
-0.768706 0.121323
0.814842 0.048613
0.753829 0.095953
0.426179 0.001948
-0.413756 -0.023101
0.738635 -0.052796
-0.416026 0.001404
-0.727345 0.007580
0.775194 0.090435
0.444499 -0.107490
0.449600 -0.087701
-0.418920 0.159499
0.472543 -0.013611
0.472676 -0.089503
0.507282 -0.084952
0.454692 -0.100657
-0.488684 0.095960
0.810680 -0.109945
0.794777 -0.028890
-0.748634 -0.025153
-0.741722 0.159858
-0.859376 0.111207
-0.514134 0.183464
-0.841039 0.125332
-0.809919 0.044886
-0.871005 0.009650
-0.585189 0.191926
0.794696 -0.049535
0.481794 -0.102819
0.839254 -0.058466
-0.496654 0.211982
-0.802307 -0.081175
-0.890790 0.156177
0.778722 -0.108757
0.547181 -0.272518
-0.594080 0.132304
0.824050 -0.015519
0.619365 -0.159089
-0.736954 -0.051284
-0.896484 0.030989
-0.584218 0.251119
0.849221 -0.077041
-0.858566 -0.034350
0.523767 -0.267376
-0.492989 0.116590
0.359580 -0.059340
-0.745215 -0.073182
0.418736 0.000421
-0.450769 0.121276
-0.352372 0.062607
-0.355998 0.074283
-0.762277 -0.020651
-0.747138 0.052713
-0.773661 0.009660
-0.414020 0.120526
-0.753745 0.118557
0.749854 0.057305
-0.465138 0.057134
-0.435497 0.009551
-0.439033 0.140295
-0.808657 -0.016614
-0.427738 0.032542
-0.585658 0.077100
0.767914 0.041621
-0.733431 0.048534
-0.753849 0.009225
-0.450556 0.146432
0.433889 -0.229269
-0.414324 0.217545
-0.496525 0.187734
-0.516049 0.095603
-0.487418 0.169033
-0.490018 0.181628
0.526565 -0.136635
-0.831521 0.209216
-0.509457 0.215713
0.531275 -0.209431
0.801573 0.005151
-0.782017 0.065963
-0.796633 -0.045850
0.912609 -0.100108
-0.769912 0.023514
-0.805432 0.101947
0.579719 -0.162087
-0.530696 0.185487
1.004257 -0.171941
0.793346 -0.112935
-0.524248 0.178547
-0.828422 0.119124
0.886813 -0.158715
-0.897079 0.159636
0.803642 -0.125861
-0.866237 0.000019
0.391236 0.145227
0.365465 0.079049
0.406493 0.061066
0.834626 -0.118070
-0.368118 -0.018997
-0.398975 -0.039040
0.436654 0.049418
-0.738022 0.093541
0.747330 -0.042064
0.393474 -0.096888
0.402820 -0.130817
-0.749409 -0.104324
0.773341 -0.033759
0.450586 0.007404
0.784013 -0.119984
0.795614 -0.047434
-0.797164 0.059121
-0.500881 0.079351
-0.446084 0.085601
-0.485996 0.132357
-0.485102 0.152037
0.465562 -0.172599
0.477103 -0.141122
0.494702 -0.257994
-0.830467 0.222190
-0.804711 0.180616
-0.823208 0.139494
0.487333 -0.182346
0.471624 -0.104742
-0.802136 0.208304
0.835051 -0.167020
-0.821214 0.115440
0.521608 -0.123858
-0.792349 0.084083
-0.514437 0.206578
-0.498398 0.204501
-0.524451 0.183714
-0.763209 0.237363
0.586629 -0.276256
-0.563027 0.287209
0.810136 -0.097396
-0.514851 0.181901
-0.823768 0.071314
-0.907525 0.232796
0.803850 -0.113493
0.641079 -0.374809
-0.701560 0.060140
0.752392 -0.075626
0.733833 0.035553
-0.705838 -0.084608
0.734858 -0.053760
0.407221 -0.048364
0.335792 -0.077514
-0.772429 0.056166
-0.759625 -0.054610
-0.385753 0.027855
0.433254 -0.038301
-0.464126 0.032923
0.722599 -0.097389
0.449704 -0.014506
0.812573 -0.048133
0.730979 0.046812
-0.448519 0.185757
-0.501743 0.110174
0.431980 -0.164423
0.523126 -0.132258
0.413166 -0.069239
-0.486730 0.091357
-0.773922 0.069643
0.453903 -0.216894
0.751562 -0.132414
0.849400 -0.286850
-0.846999 0.130795
-0.791576 -0.045016
-0.529758 0.205970
-0.836570 0.080667
0.590808 -0.150972
-0.483883 0.235181
0.518379 -0.237251
0.523682 -0.200809
0.762742 0.062566
-0.492871 0.228863
-0.797439 -0.030201
-0.919371 0.120855
-0.481588 0.160863
-0.809053 0.130542
-0.841820 -0.027444
0.497941 -0.172691
-0.622977 0.254779
0.559028 -0.285584
0.850857 -0.078100
-0.584448 0.366390
-0.889999 0.095671
0.849420 -0.106668
-0.539937 0.330699
0.525166 -0.255378
0.367672 -0.059660
-0.385177 -0.010727
-0.350531 -0.005426
-0.843198 0.096311
0.703128 0.035499
0.772386 0.062689
0.821628 0.041787
-0.424021 0.005694
0.409989 -0.100536
0.436080 -0.072472
-0.442194 0.049573
0.789490 0.051621
-0.747721 0.030696
-0.436159 -0.012988
0.799657 -0.099895
-0.494675 0.075534
0.834861 -0.037626
0.811456 -0.116072
-0.748899 -0.052047
-0.736346 0.012041
-0.831773 0.094118
-0.498261 0.079479
-0.405769 0.082031
0.863600 -0.150486
0.780457 -0.094597
-0.505879 0.185820
0.827981 -0.116421
0.843211 -0.044276
-0.863627 0.044681
-0.541317 0.265433
0.465913 -0.198476
-0.774462 -0.034003
0.466863 -0.089924
-0.413852 0.194505
-0.576143 0.173331
0.896840 -0.126631
-0.555012 0.212512
-0.820010 0.192528
-0.894483 0.087099
0.834652 -0.094848
-0.622563 0.186855
0.778575 0.040234
-0.854387 0.064502
-0.805570 0.118757
0.833512 -0.173288
0.647622 -0.353301
-0.495122 0.233377
0.492359 -0.356783
0.339630 0.104199
-0.331736 -0.024086
0.377353 -0.051930
0.424702 -0.054651
-0.350675 -0.023307
0.750129 0.017517
-0.424027 -0.002953
0.763423 0.045416
-0.791156 -0.080671
0.421283 -0.084479
-0.386366 0.033842
0.776386 0.081728
0.744575 -0.062704
-0.434579 0.092806
-0.767138 0.117200
0.841227 -0.075725
-0.780652 0.032193
0.527365 -0.083293
-0.454610 0.049205
0.762309 -0.036060
0.466265 -0.135572
0.439882 -0.111874
0.467528 -0.166621
-0.513000 0.154093
-0.484775 0.200520
-0.541916 0.183344
0.844271 -0.062152
0.527173 -0.119629
0.815143 -0.013252
-0.545732 0.180577
-0.861580 0.145611
0.824283 0.008921
0.795893 0.015743
-0.774888 0.022519
0.552307 -0.132712
0.838541 -0.049543
0.513791 -0.251475
-0.787340 0.061959
-0.621836 0.191849
0.802535 -0.137326
0.520232 -0.196523
-0.534065 0.248575
-0.785424 0.051592
-0.957423 0.212772
0.529857 -0.238401
0.877129 -0.071332
0.504623 -0.266609
-0.562417 0.282487
-0.353510 0.030866
0.367173 0.119226
-0.390839 0.044205
0.422542 -0.096589
0.359407 -0.048708
0.386873 0.032530
-0.796463 -0.073943
0.719019 -0.081756
-0.751478 0.048113
0.798569 0.002554
-0.391996 0.110114
-0.754087 -0.070379
0.755376 -0.016739
0.460815 -0.038900
-0.480484 0.103084
-0.505658 0.076701
-0.809472 0.075823
0.513239 -0.093616
0.507130 -0.122250
0.469800 -0.070711
-0.446711 0.073073
-0.483230 0.121164
0.420463 -0.202389
0.506562 -0.327718
-0.524462 0.217575
0.448594 -0.049741
-0.497277 0.201164
0.778248 -0.037189
0.809540 -0.037983
-0.547937 0.295031
-0.845329 0.196822
0.728241 0.028232
-0.465017 0.070730
0.749532 -0.070183
0.797394 -0.025818
0.529046 -0.259239
0.753650 -0.084670
-0.539487 0.255138
-0.668614 0.260021
-0.572061 0.156587
-0.678898 0.340217
0.817368 -0.085218
-0.842740 0.039231
0.876814 -0.071692
-0.847378 0.053865
-0.587486 0.206941
0.737728 -0.046163
-0.848065 0.128493
-0.765872 0.100552
-0.374934 -0.074050
0.746397 0.087747
0.869721 0.003654
-0.754142 -0.029264
0.810183 0.064111
0.420548 0.080753
-0.388739 0.038037
0.386079 -0.099407
0.740535 -0.107776
-0.389912 0.122838
-0.489418 0.015014
0.478818 -0.066873
0.747092 -0.062831
0.480019 -0.092270
0.498647 -0.111474
0.783722 -0.074999
-0.860126 0.039038
-0.491181 0.105798
0.718135 0.026807
0.808223 -0.047302
-0.485586 0.120629
0.442065 -0.211758
0.507993 -0.195353
0.853265 -0.049085
0.485225 -0.099928
-0.451726 0.170599
0.573287 -0.149375
0.552117 -0.134293
-0.505729 0.210883
0.858831 -0.144928
-0.513368 0.115209
0.774580 0.052513
0.765199 -0.062610
-0.860175 0.002509
0.563776 -0.203562
-0.482533 0.165648
0.551178 -0.205768
0.612998 -0.257303
0.596257 -0.288248
-0.873658 0.056944
0.570135 -0.199703
0.808773 0.001869
0.839684 -0.029606
0.449677 -0.125194
0.877913 -0.101898
0.553447 -0.273885
0.854451 -0.089806
-0.780356 0.013069
0.374465 0.064639
0.381425 0.052512
0.837252 -0.011057
-0.731389 -0.018836
-0.383820 0.026286
-0.788339 -0.013804
-0.382500 0.070390
-0.744791 0.014353
0.455367 -0.063634
-0.721893 0.040482
-0.765924 -0.093895
-0.435060 0.091065
-0.453933 0.049831
0.457371 -0.099216
-0.504743 0.032226
-0.417271 0.129437
0.495623 -0.088575
-0.474206 0.061720
-0.456211 0.123018
-0.789523 0.015303
-0.768590 0.072704
-0.399627 0.161398
-0.835431 0.136768
0.513765 -0.147257
0.765762 0.056696
0.816140 0.011369
0.778893 -0.121056
-0.874055 0.045397
0.513481 -0.153576
-0.553213 0.256705
-0.566162 0.157580
0.542931 -0.138480
-0.495467 0.224042
-0.834115 -0.026817
-0.562544 0.216535
0.751768 -0.059557
-0.495268 0.272580
0.588878 -0.185023
0.559497 -0.281548
-0.620431 0.150198
-0.802086 -0.016310
-0.534298 0.134844
0.572607 -0.324577
-0.886959 0.101495
-0.604087 0.139936
-0.513957 0.183579
0.511125 -0.142806
0.379036 0.071722
0.711728 0.107116
0.726326 -0.004003
-0.372259 0.066006
0.757905 -0.009593
0.739115 0.014890
0.783614 0.013237
0.375193 -0.085089
-0.384142 0.086379
0.416051 -0.063897
-0.416737 0.030205
0.749191 0.007520
-0.476147 0.011292
0.436524 0.006932
0.503429 -0.094323
0.508733 -0.083205
0.818901 -0.035061
0.864474 -0.124438
-0.799538 -0.078720
-0.443435 0.053846
-0.472211 0.095137
-0.785651 0.063780
0.775815 -0.016303
-0.847428 0.055089
0.793887 -0.081419
0.499096 -0.153930
0.796535 -0.066941
0.455053 -0.135463
0.545901 -0.167348
-0.801963 0.129958
-0.555874 0.235569
0.530747 -0.105951
0.767833 0.064181
0.795967 -0.120087
0.528584 -0.111263
0.778529 -0.113130
-0.799778 0.034689
-0.820081 0.221448
-0.630451 0.240363
-0.823051 0.035981
-0.814077 0.105074
-0.572255 0.130324
-0.527703 0.168901
-0.879114 0.067922
0.532815 -0.301354
-0.577585 0.249539
-0.534481 0.263083
0.833745 -0.070036
0.771302 0.020859
-0.390999 -0.155274
-0.771758 -0.132292
-0.815637 -0.052341
-0.362257 -0.011897
0.419474 0.071964
-0.420560 -0.023584
0.400040 -0.074215
0.806153 0.081464
-0.483272 -0.023842
0.411594 -0.128000
0.794443 0.068505
0.754847 -0.061499
-0.722057 -0.056317
0.783408 -0.112251
0.796288 0.059261
-0.430852 0.081268
0.869774 -0.001745
-0.728610 -0.083137
-0.736350 0.015392
0.819020 -0.051726
0.492673 -0.128504
0.479201 -0.145164
0.852915 -0.166815
0.825201 -0.078565
0.744167 0.057890
-0.499722 0.186715
0.520031 -0.120499
-0.871034 0.079529
-0.814379 0.115386
-0.531196 0.226592
-0.785527 -0.008132
0.548753 -0.132459
-0.538471 0.258119
0.493333 -0.090005
0.898372 -0.122168
0.768663 -0.032177
0.499584 -0.315932
-0.620638 0.263476
-0.760492 0.031200
0.880877 -0.173524
0.802676 0.044656
-0.513933 0.183133
-0.915488 0.157526
0.800495 0.021376
0.553272 -0.264223
0.812249 -0.133731
0.575000 -0.336861
0.728759 0.072967
-0.372393 -0.086337
-0.358316 -0.008236
-0.431776 0.016367
0.340134 -0.014610
-0.419483 -0.056087
-0.807876 -0.030540
-0.413886 -0.013914
0.738507 -0.051860
0.754300 -0.096767
-0.378606 0.095976
0.461821 -0.066969
-0.792958 0.077795
0.740568 -0.027479
0.457325 -0.198739
-0.807873 -0.074239
-0.803535 0.066446
-0.822288 0.125731
0.452984 -0.021284
-0.773329 0.021428
-0.826842 0.007256
-0.804774 -0.001045
0.726955 -0.107462
0.514828 -0.311545
0.807541 -0.035738
0.797648 0.033936
0.539811 -0.206358
0.824891 -0.005516
0.562002 -0.118290
-0.543330 0.247831
-0.577336 0.220828
0.798280 -0.053939
0.478062 -0.104211
0.506117 -0.132990
-0.525036 0.048958
-0.855942 0.135378
-0.790680 0.088322
-0.544471 0.359469
-0.875065 0.098713
0.537873 -0.223620
0.853818 -0.077568
-0.849742 0.047600
0.456326 -0.147510
-0.964915 0.177425
0.500777 -0.119515
-0.685322 0.255722
-0.819849 -0.015855
-0.584735 0.194123
0.739759 0.064325
-0.700040 0.025243
-0.776925 -0.046311
0.420757 0.094952
0.347970 -0.067806
0.392359 0.041630
0.420365 -0.037500
0.398130 -0.019763
-0.454439 0.034248
0.417753 -0.035948
0.389510 -0.096019
0.753224 0.077301
0.456518 -0.058803
0.452528 -0.027065
-0.771293 0.144604
-0.529233 0.004561
-0.796020 -0.000300
0.868990 -0.048171
-0.477296 0.085442
0.481354 -0.030819
0.453853 -0.069041
0.776496 -0.071131
-0.745240 0.047590
0.835614 -0.230023
-0.801001 0.128159
0.797809 -0.004443
-0.785549 0.104296
-0.783451 0.011603
-0.818238 -0.023655
-0.822687 0.117366
0.879481 -0.167711
-0.528956 0.164015
-0.501384 0.095832
-0.813506 0.118635
-0.561705 0.176998
0.837549 -0.052856
0.751457 0.003321
0.549479 -0.180958
-0.590596 0.148452
-0.551165 0.282929
-0.653950 0.262618
0.836289 -0.064436
-0.861229 0.066623
0.588055 -0.343824
0.571448 -0.212334
0.548248 -0.186221
-0.477358 0.262373
0.533788 -0.231363
-0.328175 -0.089861
-0.392057 0.004944
-0.388723 0.072377
-0.441083 0.091475
0.727010 -0.026378
0.396391 -0.023738
0.390992 0.029625
0.760081 -0.010957
-0.764597 0.077929
-0.413589 0.111062
-0.783034 -0.003571
-0.446933 -0.008866
0.426649 -0.063413
0.462575 -0.104533
0.461774 -0.207574
-0.787179 -0.040399
-0.470967 0.020005
-0.837884 0.073863
-0.484171 0.085418
-0.744013 0.035727
-0.791669 0.074838
-0.769894 0.055194
0.421176 -0.146863
0.542765 -0.214102
