0.621691 -0.303969
0.532609 -0.331591
-0.806150 0.078613
0.461063 -0.352610
0.593048 -0.318772
-9999 -9999
-9999 -9999
-0.793670 -0.077040
-9999 -9999
-0.815263 0.022895
-0.657460 0.355899
-9999 -9999
-9999 -9999
-0.605945 0.475078
-9999 -9999
0.748544 -0.014453
-9999 -9999
-9999 -9999
-0.838565 0.082245
0.863978 -0.032105
-0.954830 0.356363
1.024977 -0.277495
-9999 -9999
0.841720 0.077128
-0.679387 -0.181591
-0.710767 -0.137494
-9999 -9999
-0.747034 -0.029840
-9999 -9999
-0.659259 -0.125656
0.785056 0.057382
-9999 -9999
0.777231 0.016371
-9999 -9999
-9999 -9999
0.774596 0.124023
-0.754040 -0.003439
0.587224 -0.109728
-9999 -9999
0.597306 -0.118466
-0.838799 0.041896
-9999 -9999
-0.757499 -0.059680
0.738890 0.003775
0.868072 0.000336
-9999 -9999
-9999 -9999
-9999 -9999
0.530014 -0.339788
-0.512828 0.334824
0.770018 -0.090948
0.782471 -0.062645
-9999 -9999
-9999 -9999
0.494209 -0.454716
-9999 -9999
-9999 -9999
-0.464639 0.360243
-9999 -9999
-9999 -9999
-9999 -9999
-0.786648 0.134565
-9999 -9999
0.660688 -0.339262
-9999 -9999
-9999 -9999
-0.883682 0.033188
-9999 -9999
-0.908555 0.257765
-9999 -9999
0.858138 -0.007331
-0.873824 -0.026315
-0.675381 -0.105654
-9999 -9999
-9999 -9999
-0.653407 -0.066074
0.749658 0.054741
0.791153 0.074752
-9999 -9999
-9999 -9999
0.576321 0.037735
-9999 -9999
-0.591909 -0.011068
0.761574 0.094306
-9999 -9999
-9999 -9999
-9999 -9999
-9999 -9999
-9999 -9999
-9999 -9999
-9999 -9999
-9999 -9999
0.521478 -0.247521
0.748307 -0.097080
-0.732646 -0.027823
-0.439277 0.325258
-0.842343 -0.001270
-9999 -9999
-0.481215 0.331678
-0.746853 -0.001074
-0.869902 -0.025530
-9999 -9999
0.801909 -0.022224
-9999 -9999
0.765052 -0.311610
-9999 -9999
-0.759973 -0.065184
-0.712190 0.341633
0.604805 -0.344528
-9999 -9999
-9999 -9999
0.736865 -0.001664
-9999 -9999
-0.738977 -0.084537
-0.907904 0.317142
-9999 -9999
0.867022 -0.265859
-0.930362 -0.077473
-9999 -9999
-9999 -9999
-9999 -9999
-0.757617 -0.035583
-9999 -9999
-9999 -9999
-9999 -9999
-9999 -9999
-0.744570 -0.069783
-0.625738 -0.079820
-0.758133 -0.043922
-9999 -9999
-0.618313 0.058951
0.762764 0.078783
-9999 -9999
-9999 -9999
-9999 -9999
-0.741152 -0.022137
-9999 -9999
-9999 -9999
0.780858 0.061589
-0.543075 0.172956
-0.777735 0.015137
-9999 -9999
-9999 -9999
-9999 -9999
-9999 -9999
-9999 -9999
-9999 -9999
-9999 -9999
-9999 -9999
-0.550785 0.404439
-9999 -9999
-9999 -9999
0.673442 -0.248226
-0.736063 0.091851
-0.797256 0.043415
0.709464 -0.451879
-0.762834 0.050150
-0.853605 0.094055
-9999 -9999
-9999 -9999
0.903175 -0.600964
0.720784 -0.299811
-9999 -9999
-0.909225 0.124063
0.957898 -0.285072
-1.059377 0.346216
0.900952 -0.139994
-0.788821 -0.037164
-9999 -9999
-9999 -9999
-9999 -9999
0.694514 0.100052
-9999 -9999
-9999 -9999
-9999 -9999
-0.631901 0.017908
0.635977 0.030815
-9999 -9999
-9999 -9999
-0.692755 -0.104782
0.622288 -0.062838
-9999 -9999
0.586927 -0.101313
0.561503 -0.121552
-0.594893 0.110943
-9999 -9999
-9999 -9999
-9999 -9999
-9999 -9999
-9999 -9999
-9999 -9999
-9999 -9999
-0.549455 0.277102
-0.520798 0.430853
-0.525980 0.296111
-9999 -9999
-9999 -9999
-0.490837 0.403146
0.729869 -0.193703
-0.639296 0.314065
-9999 -9999
-0.717023 0.123696
-9999 -9999
-9999 -9999
-9999 -9999
-0.561763 0.472810
-9999 -9999
-9999 -9999
0.923307 -0.123207
-9999 -9999
-0.754746 0.041756
-0.981458 0.541373
0.760607 -0.123988
-9999 -9999
-0.761467 0.060214
0.771761 0.005057
0.733616 0.048393
-0.792594 -0.070746
0.695019 0.146753
-9999 -9999
-9999 -9999
-0.675452 -0.073024
-0.750581 -0.104733
-9999 -9999
-9999 -9999
-9999 -9999
0.570787 -0.036520
-9999 -9999
0.733126 -0.063599
0.778226 0.020967
-9999 -9999
-9999 -9999
-9999 -9999
-9999 -9999
-9999 -9999
-9999 -9999
-0.786831 0.056740
-9999 -9999
0.462991 -0.250740
0.479353 -0.335859
-0.561304 0.296138
-0.892025 -0.057303
-9999 -9999
-0.548051 0.255019
-9999 -9999
-9999 -9999
-9999 -9999
-9999 -9999
0.754479 0.148945
-9999 -9999
-0.607031 0.297962
-0.605949 0.374584
-9999 -9999
-0.624364 0.370723
-0.834648 0.021452
-9999 -9999
-9999 -9999
-9999 -9999
0.857902 -0.343737
-9999 -9999
-0.775595 0.279215
1.132996 -0.118978
-9999 -9999
-9999 -9999
-9999 -9999
-9999 -9999
-9999 -9999
-0.717772 -0.096687
0.624609 0.181567
0.670162 0.134673
0.651497 0.118580
-9999 -9999
-9999 -9999
-9999 -9999
-9999 -9999
0.590617 0.027074
-0.593553 0.039653
-9999 -9999
0.619567 -0.138782
-9999 -9999
0.625051 -0.141766
0.522561 -0.135611
-0.741620 -0.079994
-0.550743 0.143032
-0.594109 0.283841
-9999 -9999
-9999 -9999
0.530870 -0.225838
0.523962 -0.282983
-9999 -9999
0.456902 -0.354455
0.806728 -0.048702
-0.815948 0.034308
-9999 -9999
-9999 -9999
-0.795902 -0.069840
-9999 -9999
-9999 -9999
-9999 -9999
0.617066 -0.393507
-9999 -9999
-0.610642 0.465236
-0.694143 0.341661
0.706464 -0.355441
-9999 -9999
0.769959 0.034634
-0.841321 0.037624
-0.862785 0.012098
0.889581 -0.262544
-9999 -9999
-9999 -9999
-9999 -9999
-9999 -9999
-9999 -9999
-9999 -9999
-9999 -9999
-9999 -9999
0.678016 0.121635
-9999 -9999
0.749525 0.032898
-0.770015 -0.022965
-9999 -9999
-9999 -9999
0.763875 0.090798
0.563141 -0.099117
-9999 -9999
-0.546480 0.133040
0.583555 -0.147542
-0.603118 0.133508
-9999 -9999
-9999 -9999
0.533964 -0.171966
-9999 -9999
-9999 -9999
-9999 -9999
-9999 -9999
-9999 -9999
-9999 -9999
0.494298 -0.400815
-9999 -9999
0.819758 -0.093650
-9999 -9999
-0.546739 0.425215
0.852006 0.044427
0.614819 -0.260448
-0.783124 0.021381
-9999 -9999
0.750872 -0.053088
-9999 -9999
-0.766410 0.078539
-9999 -9999
0.666547 -0.370579
-9999 -9999
-9999 -9999
-0.793830 0.138173
-0.939187 0.515071
-9999 -9999
1.015348 -0.222655
-9999 -9999
-9999 -9999
-9999 -9999
-9999 -9999
-9999 -9999
-9999 -9999
-9999 -9999
-9999 -9999
-0.724823 -0.107401
0.621050 0.038730
-0.618208 -0.004420
0.766707 -0.023696
-9999 -9999
-0.728756 -0.122211
0.719092 -0.020101
-9999 -9999
-9999 -9999
-9999 -9999
-0.541606 0.174053
-9999 -9999
-9999 -9999
-9999 -9999
-9999 -9999
-9999 -9999
-9999 -9999
-9999 -9999
-9999 -9999
-9999 -9999
-9999 -9999
0.763951 -0.022116
0.840194 -0.073323
-9999 -9999
-0.511638 0.460899
0.754369 0.068713
-9999 -9999
0.740945 -0.087876
0.635676 -0.332331
-9999 -9999
0.618727 -0.265880
-9999 -9999
-9999 -9999
-9999 -9999
-9999 -9999
0.769237 -0.347680
-0.923298 0.067763
0.835656 -0.074467
-0.748210 0.129802
-9999 -9999
0.758400 0.022768
-1.020540 0.210900
-0.652382 -0.179634
-9999 -9999
0.766377 0.111042
0.794574 0.007911
-0.764118 -0.027112
0.795422 0.095714
-9999 -9999
-9999 -9999
-9999 -9999
0.631766 -0.051510
-9999 -9999
-9999 -9999
-9999 -9999
0.559244 -0.051663
-9999 -9999
-9999 -9999
0.583739 -0.101589
-0.793945 0.031644
-9999 -9999
0.739950 -0.013276
0.838531 -0.004621
-9999 -9999
-9999 -9999
-9999 -9999
0.746949 -0.136948
-9999 -9999
-9999 -9999
-9999 -9999
-9999 -9999
-9999 -9999
0.540413 -0.414810
-9999 -9999
0.756331 0.114633
0.763117 -0.094922
-0.655672 0.416553
-9999 -9999
-9999 -9999
-9999 -9999
-9999 -9999
-9999 -9999
-0.840991 0.136489
-9999 -9999
0.841370 -0.083434
0.933861 -0.151752
-9999 -9999
1.066539 -0.377263
-9999 -9999
0.993825 -0.128091
-0.681986 -0.239334
-9999 -9999
-9999 -9999
0.703375 -0.001700
-0.642455 -0.188315
-9999 -9999
-0.640773 -0.145116
-9999 -9999
-0.613427 -0.096037
-9999 -9999
-0.560449 -0.030545
-0.727156 -0.113081
-9999 -9999
-9999 -9999
-9999 -9999
-9999 -9999
-9999 -9999
-9999 -9999
-9999 -9999
-9999 -9999
-0.820096 0.005069
-0.490338 0.258856
-9999 -9999
-0.485429 0.299908
-9999 -9999
0.829335 -0.034106
0.758927 -0.054942
0.534389 -0.321059
-0.850985 0.089217
-9999 -9999
-9999 -9999
-9999 -9999
-9999 -9999
-9999 -9999
-0.622260 0.351989
-9999 -9999
0.592090 -0.421920
-9999 -9999
-9999 -9999
-9999 -9999
-9999 -9999
-0.789695 -0.019723
-9999 -9999
-9999 -9999
-0.831894 0.371947
-9999 -9999
-9999 -9999
-9999 -9999
-9999 -9999
0.749325 0.085750
0.682240 0.218185
-9999 -9999
0.677605 0.144967
0.654404 0.111953
0.623686 0.103202
-9999 -9999
-9999 -9999
-9999 -9999
-9999 -9999
0.596438 0.018135
-9999 -9999
-9999 -9999
-9999 -9999
-9999 -9999
0.664746 -0.129685
0.536356 -0.191016
-0.772018 0.057944
-9999 -9999
-9999 -9999
-0.519233 0.324273
0.754871 -0.081424
-0.795168 0.091535
0.530221 -0.287885
-9999 -9999
0.473771 -0.344037
-9999 -9999
-9999 -9999
-0.808481 0.160897
-9999 -9999
-9999 -9999
0.843449 0.081232
0.762976 -0.115878
-9999 -9999
0.726545 -0.067412
-0.787614 0.075053
-0.528119 0.534728
-9999 -9999
-0.824474 0.076862
-0.798816 0.214543
-9999 -9999
-9999 -9999
-0.931683 0.139737
-9999 -9999
-9999 -9999
-9999 -9999
0.885357 -0.038123
0.602862 0.183628
-9999 -9999
-0.763865 -0.098996
-0.734672 -0.054859
-9999 -9999
-9999 -9999
-9999 -9999
-9999 -9999
0.800764 0.060695
-9999 -9999
-9999 -9999
0.620622 0.053066
0.581214 -0.025712
-0.763156 -0.016429
0.603124 -0.089722
0.778388 0.005537
-9999 -9999
0.777348 -0.060079
-0.740805 -0.059570
-0.538230 0.173600
0.837825 -0.030311
-9999 -9999
-9999 -9999
0.761975 -0.120569
0.551211 -0.259466
0.846488 0.014740
-9999 -9999
-9999 -9999
-0.583657 0.373133
-0.796142 0.116587
-9999 -9999
-0.762430 -0.055062
-9999 -9999
-9999 -9999
-9999 -9999
0.670946 -0.356410
0.815428 -0.005918
-9999 -9999
-9999 -9999
-0.744083 0.014123
0.822689 -0.504671
0.808741 0.103450
-9999 -9999
-1.013328 0.362216
0.756975 0.042632
-9999 -9999
0.917163 -0.175810
-9999 -9999
0.723737 0.000603
-9999 -9999
-9999 -9999
-9999 -9999
-9999 -9999
-9999 -9999
-0.745291 -0.058107
-9999 -9999
0.596430 0.051961
0.640610 -0.035284
-9999 -9999
-9999 -9999
-0.608912 0.060443
0.627395 -0.115830
-9999 -9999
-0.789201 -0.024542
-0.599026 0.192314
-0.570683 0.210113
-9999 -9999
-0.540532 0.180666
-0.764979 0.011816
-0.785639 0.022050
0.504861 -0.250198
-9999 -9999
0.773569 -0.054298
0.866345 0.006336
-9999 -9999
0.838829 -0.023277
-9999 -9999
-9999 -9999
-9999 -9999
0.682505 -0.324591
-9999 -9999
-9999 -9999
-9999 -9999
-0.649855 0.416468
-0.597650 0.365254
-9999 -9999
-0.678326 0.361645
-9999 -9999
0.914644 -0.086745
-0.806039 0.296585
-9999 -9999
-1.012630 0.408336
-9999 -9999
-9999 -9999
-0.864398 -0.006962
-9999 -9999
0.726853 0.052594
-0.674268 -0.211558
-0.814430 -0.093648
-9999 -9999
-9999 -9999
-9999 -9999
-9999 -9999
-9999 -9999
-9999 -9999
-9999 -9999
-9999 -9999
0.724263 0.114570
-9999 -9999
-9999 -9999
-0.583079 0.117698
-9999 -9999
-0.800648 0.041482
0.777926 -0.048028
-9999 -9999
-9999 -9999
-9999 -9999
0.550102 -0.299552
-0.490478 0.257210
0.535318 -0.361669
-0.774772 0.002782
0.853155 -0.031876
-0.497254 0.305611
-0.820402 -0.025545
-0.869941 0.076870
-0.747131 0.137645
0.547085 -0.388428
-9999 -9999
-9999 -9999
-0.556954 0.348978
-9999 -9999
0.782070 -0.046738
0.725608 -0.000680
-9999 -9999
-9999 -9999
-9999 -9999
-9999 -9999
0.755520 -0.345785
-0.855342 0.101887
-9999 -9999
-9999 -9999
-9999 -9999
-9999 -9999
-9999 -9999
-9999 -9999
-9999 -9999
-9999 -9999
-9999 -9999
0.681785 0.119469
-9999 -9999
-9999 -9999
0.736948 -0.028878
-0.637856 -0.022692
-9999 -9999
-0.762636 0.030338
-9999 -9999
-9999 -9999
-9999 -9999
-9999 -9999
-0.786011 0.037507
-9999 -9999
-0.789384 0.032184
-9999 -9999
-0.546782 0.174268
-0.557619 0.254594
-0.507921 0.256803
-9999 -9999
-9999 -9999
