-0.911077 0.549507
-1.255527 0.345135
-0.701267 0.059343
-0.936475 0.582428
-0.638914 0.604281
-0.859235 0.919038
-0.588349 -0.198142
-0.802198 -0.038503
-0.880278 0.758695
-0.699981 0.027908
0.667204 -0.559305
0.433642 -1.135033
-0.844260 -0.199369
0.573251 -0.700033
-0.516086 1.392744
0.700338 -0.016476
0.366261 -0.848331
-0.717920 -0.237305
-0.646231 0.263508
0.769722 -0.184329
0.345987 -0.606490
-0.154647 1.306401
0.143602 -0.933121
0.711473 -0.149817
1.455139 -0.336119
-0.761002 -0.292792
0.546312 0.141907
-0.893726 -0.153779
-1.359087 0.343357
1.047619 -0.239708
0.835269 0.182781
-1.375189 0.349333
0.780299 0.023390
1.275608 -0.390850
1.440829 -0.409685
0.659215 0.269073
-0.850563 -0.209980
-1.242264 0.383827
-0.650170 -0.183494
-1.272188 0.589156
-0.777522 0.126821
-1.400213 0.845993
-0.842659 0.009837
0.720799 0.091047
0.770994 -0.061896
-0.672572 -0.214511
1.159756 -0.747301
0.820893 0.023231
-0.938756 0.460407
1.209085 -0.491373
0.875964 0.039227
0.932425 0.057212
0.617770 -0.985754
-0.854545 0.837992
-0.838511 0.736563
-0.868563 0.881041
-0.746053 -0.438033
0.745251 -0.608129
0.559710 -0.764455
-0.579381 0.851175
-0.709290 -0.269144
-0.567880 -0.122936
-0.840461 -0.294272
-0.579304 0.635129
0.579697 -0.988287
-0.686628 0.772130
-0.928541 -0.018137
1.111350 0.093977
0.523000 -0.348262
-1.220010 -0.226412
0.675366 0.166946
-0.934053 -0.224682
-0.716893 -0.066964
1.389043 -0.759092
1.406688 -0.878287
1.100784 -0.891544
0.750180 0.118605
0.721398 0.062595
1.045542 -0.539309
-1.455962 0.667659
-1.045362 0.576581
-1.258936 0.517293
1.172258 -0.486952
0.684208 0.269774
-0.570432 -0.266621
-0.571122 -0.316270
0.670812 -0.027179
1.266188 -0.853267
-0.664191 -0.262645
1.587858 -0.892427
-0.726951 -0.351231
0.487007 0.340121
-1.124485 0.276865
0.695014 -0.016893
-0.732607 -0.069593
0.956561 -0.829706
-0.769376 -0.164534
0.655049 0.551873
0.706695 -0.515544
-0.716658 -0.203868
-0.735740 0.055932
-0.987606 0.860945
0.921413 0.103113
0.691009 -1.065223
-1.071369 0.384136
0.755678 0.165337
-0.735766 0.079964
0.854960 -0.639852
-0.494063 0.546839
-0.802115 -0.210720
-0.566499 1.023212
0.538019 0.062218
0.477634 -0.783779
-0.698458 -0.052931
0.716464 -0.691183
-0.279387 1.258357
-0.363815 0.621722
-1.056943 0.238422
-1.105327 -0.531839
-0.300756 0.753373
-0.639740 -0.133518
-0.968300 -0.099205
1.351611 -0.801898
0.513537 0.126834
0.440245 0.150251
0.493125 0.284764
-0.702893 -0.089812
1.320537 -0.497109
-0.796133 -0.055389
0.356034 0.385847
1.196600 -0.308216
0.688782 0.204023
-1.236277 0.869538
-1.196459 0.662925
0.623579 0.199143
-0.975641 0.012099
-1.224173 0.695086
-1.570015 0.748762
0.694255 0.273939
0.850828 -0.350710
-0.741818 -0.019275
0.668231 0.093147
-0.723198 -0.355119
0.882517 0.233974
-0.869383 0.708987
-1.199077 1.149895
-0.576809 1.011096
-1.071758 0.836649
-0.803933 -0.103756
0.707929 -0.499616
-0.683747 1.094628
-0.934327 -0.149570
-0.977127 0.389324
-0.563862 0.095094
-0.671258 0.162780
-0.808419 0.772129
-0.702123 0.060969
-0.551655 0.097400
0.259633 -1.089173
-0.285198 0.730159
-0.516126 0.842099
-0.489116 0.637832
-0.081125 1.165993
-0.760610 0.178255
-0.341827 0.551584
0.181258 -1.145567
-0.609720 0.902040
-0.839967 0.006687
1.874631 -0.585132
1.609082 -0.530785
1.386425 -0.566185
-1.046607 0.622050
-1.426375 0.295877
-1.399496 0.404368
1.380476 -0.496849
1.326011 -0.196164
-1.071024 0.376126
-0.366441 -0.284428
-0.662207 -0.344987
-0.791046 -0.269436
-0.908249 0.423225
1.424192 -0.642623
-1.035180 0.582708
-1.176719 0.564953
1.018166 -0.485533
-1.537939 0.827328
0.700787 0.383521
0.536942 0.251406
0.633832 0.302323
-0.879930 -0.172931
1.088954 -0.881295
-0.798244 -0.291986
0.910086 -0.357970
1.123286 -0.411114
0.748423 -0.517149
0.910786 -0.653815
0.709364 -0.865296
0.919746 -0.505459
0.817605 -0.018192
0.797446 -0.954637
1.131101 -0.568930
-0.745852 0.018375
0.594361 0.426053
-0.694911 0.910847
0.601082 0.289960
0.529720 -0.577810
-0.820514 -0.306779
0.727760 0.284225
0.585561 -0.099527
-0.639129 0.680243
-0.898127 0.012771
0.531598 -0.788543
0.607919 0.153926
-1.207351 -0.071609
-0.632119 -0.195371
0.809644 0.242653
0.887246 0.139714
-0.799861 -0.120599
-1.084087 0.610705
-0.567080 -0.050999
-0.501512 -0.116826
0.963400 -0.236850
-0.860187 -0.322212
-1.593220 0.347307
1.519015 -0.438829
-1.286391 0.286148
-1.183828 0.295535
1.359512 -0.301782
0.796785 -0.007212
0.787062 0.262103
0.664818 0.226313
0.547237 0.383334
-0.620526 -0.320837
1.477388 -0.630197
1.207131 -0.746605
0.429971 0.434316
-0.727167 -0.123501
-0.672218 -0.218264
-1.003186 0.487653
-1.105407 0.640074
0.876929 -0.262877
-0.803606 0.104275
0.680586 0.409652
0.765404 -0.353155
-0.834146 -0.139743
0.845856 0.291393
0.867239 -1.013529
-0.962675 -0.221782
0.648875 0.005278
0.848011 0.199461
0.636929 -0.488591
0.626865 -0.767923
0.745110 0.269069
0.735515 -0.590064
-0.685250 0.038888
0.462036 -0.690207
-0.412260 0.806939
-0.709579 -0.253124
-0.647534 0.754911
1.108078 -0.008388
0.503742 -0.572154
-0.063558 1.237042
0.996828 0.056002
-0.763667 -0.294520
-0.554228 -0.017270
0.361069 0.248462
0.574103 0.127742
1.012846 -0.780610
-1.054724 0.332306
-0.990951 0.263711
-1.008509 0.282265
-1.490558 0.428447
-0.495327 -0.375470
-0.373989 -0.297881
-1.429767 0.577263
-1.074350 0.244738
0.808328 -0.491219
-1.185715 0.630597
-1.062421 0.670504
0.724714 0.317016
-0.916140 0.434517
-1.301578 0.559148
-0.835109 0.053476
0.839100 -0.377874
0.995686 -0.278591
-0.917555 0.867407
-1.062320 0.780907
-1.068978 0.676240
-0.941703 0.429348
0.843518 0.477780
-0.706710 0.481428
0.743419 0.065982
-0.781467 0.160479
0.850821 0.314468
0.946588 -0.956998
-0.824239 -0.149420
1.010400 -0.403069
-0.690095 0.786899
0.666726 0.231862
-0.892636 0.635895
0.706552 0.294581
0.681896 -0.639780
0.843240 -0.874364
-0.436454 0.585173
-0.527657 0.833575
0.771892 0.095691
-0.628718 0.269218
-0.943419 0.266083
-0.466522 0.649223
-1.365910 0.225919
-0.436249 0.776414
-0.858515 -0.496593
1.925483 -0.137180
0.460884 0.324110
-0.390519 -0.191180
-0.565341 -0.312924
-1.412788 0.156709
-1.039732 0.101900
0.432900 0.285162
0.699320 0.251952
-0.813243 -0.356675
-0.384358 -0.506745
-1.414412 0.192889
0.670617 0.316623
-1.039641 0.426928
0.425660 0.319531
1.087922 -0.682903
-1.054672 0.396632
1.055862 -0.251446
1.588343 -0.626750
0.504363 0.352192
-0.838376 0.370560
-0.654427 -0.485085
1.048056 -0.730788
-0.795506 -0.327365
0.814691 0.383830
-0.910282 0.696387
0.840583 0.486942
-0.603270 0.581430
0.833823 -0.618084
0.702892 -0.033456
-0.844469 0.952181
0.990451 -0.762489
0.883800 -0.060207
-1.039147 0.347198
-0.711861 0.111032
-0.697074 -0.135060
0.556479 -0.001558
-0.813630 -0.341121
-0.629250 0.130950
0.870295 0.058376
-0.458235 0.622335
0.429059 -0.845979
0.615106 0.313201
-0.725233 0.181444
0.442528 -0.912635
0.183388 -0.690395
-0.461250 0.885037
0.185941 -1.011384
1.180049 0.364206
0.578181 0.029903
1.625837 -0.396214
0.545841 0.135984
-0.541392 -0.268331
-0.549093 -0.313303
1.444211 -0.247645
-0.759881 -0.215378
-1.264436 0.178666
1.179303 -0.355570
0.664688 0.145122
0.569550 0.409514
-0.634723 -0.312536
0.816619 -0.064739
1.361942 -0.656592
-1.256421 0.804824
0.794615 0.287620
1.026839 -0.603265
1.471543 -0.840397
-0.653781 -0.317972
1.195222 -0.742593
-1.057781 0.662915
0.690713 0.278123
-0.803501 -0.287046
-0.801995 -0.193117
-1.053064 0.500843
1.396779 -0.786921
0.641679 0.353669
0.810102 0.279612
0.661899 0.051546
0.706116 0.467261
1.022188 -0.507070
0.769135 0.085629
-1.037249 0.794473
0.770018 0.174371
-0.792042 0.588758
-1.029186 -0.106771
-0.652844 0.419620
-0.553745 0.895063
0.948459 0.414092
-0.452615 0.722852
0.794286 0.238869
-0.589060 0.544018
-0.780592 0.147333
0.775895 -0.226128
-0.699693 -0.013014
-0.068294 1.118234
0.752014 0.050294
0.519610 -0.839752
1.522615 -0.101270
-1.551158 0.232865
0.651770 0.393807
0.794763 0.252845
-0.705645 -0.476313
0.578782 0.355655
1.375210 -0.022830
-1.679201 -0.090914
-0.440058 -0.445117
-1.067378 -0.050471
0.440720 0.418913
-1.393827 0.135500
1.366137 -0.505703
-1.008397 0.197314
1.305892 -0.673803
-0.694922 -0.361857
-1.164439 0.213190
-0.737308 -0.459973
0.610135 0.678940
0.745580 0.247116
0.713945 0.035723
-0.986554 0.773209
-0.557813 -0.390931
1.091479 -0.941170
0.739283 0.075943
1.202707 -0.880904
-0.587513 0.897963
0.968911 -0.704798
-0.840604 -0.216537
-0.668763 0.948439
-0.951207 0.684585
-0.776842 1.032017
0.665005 0.225280
0.729256 -0.056178
0.601878 -0.600026
-0.970856 -0.177024
-0.507834 0.728309
0.457475 -0.950455
-1.047783 -0.196465
-0.710895 -0.263448
-0.765818 0.038755
-0.688992 -0.334247
0.799657 -0.138000
0.713145 -0.164880
0.247140 -0.755667
-0.584587 1.082920
-1.147653 -0.211278
-0.678904 0.588336
1.561185 -0.582341
1.408225 -0.695264
1.378095 -0.866087
0.854951 -0.163693
0.978287 -0.439223
0.413426 0.222706
0.970052 -0.285263
0.408758 0.240926
1.067183 -0.406500
1.251107 -0.483953
1.170720 -0.321587
-0.743919 -0.113176
0.636809 0.356861
0.499468 0.362437
1.173941 -0.851506
-1.364408 0.853247
0.621436 0.430933
1.530216 -0.731859
0.673409 0.253770
0.529525 0.327809
-0.836654 -0.203806
0.910929 -0.516480
0.716791 0.141320
0.727560 -0.768140
-0.627207 -0.258171
0.825859 0.067932
0.731707 -0.129548
-0.821033 0.521435
-0.630004 0.046243
0.797308 -0.929374
0.787695 0.169665
0.923509 0.227265
-0.749106 -0.465517
0.784308 0.139589
0.636325 -0.564350
1.142668 0.256072
-0.525891 0.563317
-0.590642 1.076170
-0.986262 -0.358465
-0.745888 -0.207513
-0.319636 0.885735
-0.774832 -0.035137
-0.350053 0.956083
-9999 -9999
0.480443 -0.498408
-9999 -9999
-0.279858 0.969463
0.377249 -1.069945
1.779310 -0.330774
0.862071 0.240324
-1.150423 0.636954
0.606353 0.277832
-0.964128 -0.008307
-1.052635 0.102184
-1.104198 0.234706
-0.498227 -0.353863
0.416992 0.287919
1.244950 -0.293299
-1.525857 0.462976
-1.091597 0.088203
-1.288288 0.629151
1.485560 -0.673360
1.265225 -0.942448
-0.754457 -0.330461
-1.095847 0.347813
-1.305066 0.356485
-0.840415 -0.164148
-1.160164 0.660752
0.603974 0.359036
0.889435 -0.697363
0.894700 -0.115755
-0.650574 0.111514
-0.894015 0.452239
-0.694998 -0.595453
-0.642424 0.696655
0.936849 -0.756531
-0.868416 -0.389800
-0.897271 -0.028937
0.766396 0.259245
0.701792 -1.028665
0.621085 0.020881
0.644640 -0.085215
0.634396 -0.775875
0.651725 -0.047781
-0.717718 0.017662
0.575560 -0.699564
0.982725 0.178674
-0.630160 0.094851
-0.761176 0.065942
-0.428503 0.788477
-0.339950 1.114554
-0.881993 0.096226
-0.810704 -0.139391
-0.107101 0.909513
1.014579 0.153665
0.732763 -0.129549
-1.729342 0.011056
-1.682891 0.399035
-0.806507 -0.283123
-0.904043 -0.041109
0.420473 0.344477
1.316794 -0.221359
0.532408 0.419919
-0.551685 -0.355349
0.796771 0.424378
-1.317081 0.037067
-0.462949 -0.327911
-1.012563 0.024954
-1.021405 0.464738
-0.808951 -0.170977
-1.189132 0.628327
0.909181 0.069034
0.693565 0.332607
0.819529 0.296705
-0.926988 -0.185762
0.767317 -0.280603
0.547343 0.065390
0.959459 -0.852307
1.102239 -0.775444
0.748117 -0.015340
-0.769706 0.441582
0.834230 -0.055368
0.703019 0.116002
0.920251 -0.773795
0.646357 -0.672123
-0.703631 -0.050372
0.764744 0.331737
-0.737766 0.053131
-0.608053 -0.520312
0.749531 0.188715
0.693464 -0.609005
-0.804438 0.612756
0.762294 0.049095
-0.597326 -0.301085
0.861929 0.221917
-0.621884 0.009437
-0.686849 0.583138
0.692851 0.178090
-0.543210 0.991489
0.727733 -0.887079
0.721873 0.078520
0.249616 -0.919629
-0.570943 0.586272
-0.760425 -0.451301
0.955689 -0.299210
-1.264300 1.036354
0.579921 0.136851
0.501311 -0.038335
1.263005 -0.668420
-1.299780 0.713174
-0.811989 -0.094436
-1.406856 0.804011
-1.088059 0.638206
-0.886391 0.483580
0.685139 0.167372
-0.493654 -0.364864
0.791988 -0.614840
-0.899395 0.409179
-0.645933 -0.020812
-0.929995 0.176118
1.081275 -0.607438
1.130209 -0.730804
1.142075 -0.845156
0.857792 -0.567699
-0.577588 -0.247773
-0.630925 0.100416
-0.959660 0.456726
-0.826167 -0.095141
0.748141 0.204907
0.802281 0.061980
-0.735499 -0.078716
0.746077 0.157094
0.656877 -0.799506
0.825317 0.350314
0.809574 0.386632
-1.051262 0.842797
0.998517 -0.559599
0.603905 -0.886570
-0.765755 0.693734
0.897295 -0.723282
0.543617 -0.440396
0.703662 0.080572
0.688457 -0.711806
0.351598 -0.704496
0.713766 -0.154089
0.508437 -0.536320
0.326010 -1.203297
0.592439 -0.853273
0.406090 -0.790890
1.386931 -0.093179
-0.507162 -0.015632
-0.404386 0.761087
0.613056 0.198924
1.130556 -0.187204
-0.706485 -0.387241
1.604625 -0.610546
-0.479060 -0.246710
1.381937 -0.227637
-0.377048 -0.307415
1.581327 -0.302013
-1.440150 0.363519
1.310599 -0.162854
-0.511172 -0.390738
0.690434 0.329259
1.347038 -0.554806
-0.440496 -0.426187
0.972800 -0.601256
-1.399778 0.618442
-0.819625 -0.081882
0.848167 0.484515
0.636420 0.513591
1.267795 -0.590864
1.189153 -0.520945
-0.925039 0.423952
0.883565 -0.405822
-1.096615 0.863141
-0.724044 -0.141133
0.683522 0.062716
0.704709 -0.846821
-0.733132 -0.150547
-0.742903 0.156910
-0.908804 -0.024354
-0.806008 0.658234
0.939279 0.089082
-0.829540 0.789352
0.574481 -0.694065
0.752994 0.076698
0.654876 -0.184213
0.728399 -0.104645
0.218258 -0.947569
-0.218549 1.168209
0.704954 0.172523
1.032380 0.023172
-0.455240 0.659749
-0.537350 0.249463
-1.211769 0.346408
0.175985 -0.730822
-9999 -9999
0.995991 0.009509
-1.063281 -0.088310
-1.807499 0.297709
0.401327 0.305397
0.466421 0.212741
0.821805 0.349459
-0.958717 0.068249
-0.475415 -0.312589
1.417894 -0.223710
0.771917 0.267930
1.061887 -0.193665
0.485104 0.480531
-0.822509 -0.069400
-1.291244 0.254031
1.253482 -0.647177
-0.472967 -0.469307
-0.617487 -0.090046
-0.858448 -0.063419
-1.296526 0.751977
-0.665052 -0.159514
0.735252 0.448040
0.780298 -0.404735
1.093652 -0.257751
0.845583 -0.493471
1.111396 -0.836932
0.827251 -1.124239
